CGATS.17										
										
ORIGINATOR	"Advanced Printing Technology Centre (APTEC), http://aptec.hkprinters.org/en/index.html"									
INSTRUMENTATION	"D50, 2 degree, geometry 45/0, no polarisation filter, white backing, according to ISO 13655:2009 M1"									
DESCRIPTOR	APTEC_Flexo_Label_LinearCTV_2025									
MEASUREMENT_SOURCE	"MeasurementCondition=M1	Filter=D50"									
ILLUMINATION_NAME	D50									
OBSERVER_ANGLE	2									
FILTER	D50									
WEIGHTING_FUNCTION	"ILLUMINANT,	D50"									
WEIGHTING_FUNCTION	"OBSERVER,	2 degree"									
KEYWORD	DEVCALSTD									
DEVCALSTD										
CREATED										
										
NUMBER_OF_FIELDS	11									
BEGIN_DATA_FORMAT										
SAMPLE_ID	CMYK_C	CMYK_M	CMYK_Y	CMYK_K	XYZ_X	XYZ_Y	XYZ_Z	LAB_L	LAB_A	LAB_B
END_DATA_FORMAT										
										
NUMBER_OF_SETS	1617									
BEGIN_DATA										
171	0	100	20	0	0.31586	0.16191	0.10783	47.22	72.16	7.52
170	0	85	20	0	0.35463	0.21513	0.15099	53.51	58.64	6.3
169	0	70	20	0	0.40342	0.28169	0.2012	60.04	46.2	6.16
168	0	55	20	0	0.46327	0.3639	0.25941	66.82	34.64	6.8
167	0	40	20	0	0.53358	0.46217	0.32392	73.69	23.92	8.19
166	0	30	20	0	0.58676	0.53782	0.37134	78.33	17.09	9.38
165	0	20	20	0	0.6443	0.62053	0.42087	82.94	10.65	10.8
164	0	10	20	0	0.70729	0.71147	0.46899	87.56	4.57	12.88
1340	0	0	20	0	0.77556	0.81111	0.52027	92.18	-1.3	15.02
90	0	100	10	0	0.31983	0.163	0.12846	47.37	72.99	1.66
89	0	85	10	0	0.36145	0.21864	0.17897	53.88	59.3	0.32
88	0	70	10	0	0.41222	0.28695	0.23803	60.51	46.88	-0.23
87	0	55	10	0	0.47434	0.3714	0.30607	67.38	35.3	0.07
86	0	40	10	0	0.54654	0.47113	0.38142	74.26	24.73	0.99
85	0	30	10	0	0.60164	0.54841	0.43717	78.95	17.99	1.88
84	0	20	10	0	0.66124	0.63297	0.49622	83.6	11.62	2.91
83	0	10	10	0	0.7261	0.72599	0.55891	88.26	5.51	4.11
1342	0	0	10	0	0.79695	0.8279	0.61979	92.92	-0.26	6
1307	0	100	0	0	0.32421	0.1643	0.15182	47.53	73.83	-4.21
8	0	85	0	0	0.36815	0.2217	0.21113	54.21	60.12	-5.92
7	0	70	0	0	0.42225	0.29305	0.2798	61.05	47.58	-6.62
6	0	55	0	0	0.48636	0.37941	0.3579	67.98	36.04	-6.6
5	0	40	0	0	0.56175	0.48207	0.4459	74.96	25.55	-6.08
1318	0	30	0	0	0.61822	0.56032	0.5103	79.63	18.94	-5.51
1320	0	20	0	0	0.68023	0.64699	0.57903	84.33	12.66	-4.74
1322	0	10	0	0	0.74761	0.74219	0.65243	89.03	6.64	-3.86
1367	0	0	0	0	0.82056	0.84637	0.73091	93.73	0.86	-2.89
735	0	100	0	20	0.19806	0.10222	0.10157	38.24	61.23	-5.97
734	0	70	0	20	0.26375	0.18702	0.18432	50.34	38.63	-6.97
733	0	40	0	20	0.35295	0.30756	0.2901	62.3	20.16	-6.15
732	0	20	0	20	0.4258	0.40891	0.37211	70.1	9.64	-4.92
731	0	10	0	20	0.46634	0.46598	0.41641	73.93	4.84	-4.17
730	0	0	0	20	0.50954	0.5275	0.46308	77.73	0.24	-3.37
180	10	100	20	0	0.27037	0.14069	0.10621	44.33	67.21	3.04
179	10	85	20	0	0.3048	0.18872	0.14801	50.54	53.8	1.93
178	10	70	20	0	0.34859	0.24921	0.19601	57	41.54	2
177	10	55	20	0	0.40279	0.32459	0.25205	63.72	30.15	2.76
176	10	40	20	0	0.46508	0.41331	0.31405	70.41	19.68	4.04
175	10	30	20	0	0.5127	0.48189	0.3595	74.94	13.07	5.19
174	10	20	20	0	0.5637	0.5564	0.40683	79.41	6.84	6.5
173	10	10	20	0	0.6194	0.63809	0.45357	83.87	0.97	8.35
172	10	0	20	0	0.67737	0.72436	0.50617	88.18	-4.56	9.68
99	10	100	10	0	0.27465	0.14193	0.12645	44.51	68.17	-2.7
98	10	85	10	0	0.31173	0.19218	0.17528	50.94	54.63	-3.91
97	10	70	10	0	0.35757	0.25451	0.23192	57.51	42.36	-4.26
96	10	55	10	0	0.41386	0.33186	0.29728	64.31	30.99	-3.84
95	10	40	10	0	0.47807	0.42205	0.36977	71.01	20.69	-3.02
94	10	30	10	0	0.5276	0.49228	0.42319	75.59	14.16	-2.17
93	10	20	10	0	0.58076	0.56873	0.47989	80.11	8	-1.23
92	10	10	10	0	0.6381	0.65218	0.54038	84.6	2.12	-0.24
91	10	0	10	0	0.69857	0.7406	0.60287	88.95	-3.3	0.82
18	10	100	0	0	0.27739	0.14235	0.14863	44.57	69.01	-8.52
17	10	85	0	0	0.31648	0.1941	0.20603	51.16	55.4	-10.14
16	10	70	0	0	0.36491	0.25892	0.27225	57.93	42.98	-10.72
15	10	55	0	0	0.4242	0.33907	0.34867	64.89	31.62	-10.61
14	10	40	0	0	0.49133	0.43194	0.43352	71.69	21.41	-10.2
13	10	30	0	0	0.54327	0.5042	0.49562	76.33	15.01	-9.56
12	10	20	0	0	0.59884	0.58282	0.56173	80.9	8.94	-8.87
11	10	10	0	0	0.6586	0.66847	0.6324	85.43	3.15	-8.15
10	10	0	0	0	0.7195	0.75732	0.70649	89.73	-2.24	-7.61
741	10	100	0	20	0.1727	0.09062	0.10053	36.1	57.26	-9.31
740	10	70	0	20	0.23108	0.16763	0.18039	47.96	34.88	-10.2
739	10	40	0	20	0.31171	0.27784	0.28256	59.69	16.9	-9.42
738	10	20	0	20	0.37654	0.36923	0.36045	67.22	6.76	-8.27
737	10	10	0	20	0.41254	0.42056	0.40295	70.91	2.15	-7.65
736	10	0	0	20	0.4505	0.47552	0.44796	74.54	-2.29	-7.04
189	20	100	20	0	0.22931	0.12129	0.10461	41.42	62.28	-1.47
188	20	85	20	0	0.26033	0.16498	0.14474	47.62	48.93	-2.26
187	20	70	20	0	0.29918	0.21962	0.19109	53.99	36.83	-2.15
186	20	55	20	0	0.34752	0.288	0.24494	60.6	25.64	-1.34
185	20	40	20	0	0.40298	0.36829	0.30451	67.15	15.43	-0.09
184	20	30	20	0	0.44493	0.42997	0.34811	71.55	8.99	0.96
183	20	20	20	0	0.48959	0.49648	0.39416	75.85	2.98	2.03
182	20	10	20	0	0.53666	0.56718	0.44186	80.02	-2.6	3.15
181	20	0	20	0	0.58775	0.64428	0.49274	84.19	-7.9	4.32
108	20	100	10	0	0.23196	0.12166	0.12384	41.48	63.21	-7.18
107	20	85	10	0	0.26515	0.1673	0.17122	47.92	49.64	-8.2
106	20	70	10	0	0.30597	0.2236	0.2261	54.41	37.56	-8.51
105	20	55	10	0	0.35684	0.29437	0.28975	61.17	26.37	-8.05
104	20	40	10	0	0.41498	0.37695	0.35981	67.8	16.32	-7.18
103	20	30	10	0	0.45904	0.44049	0.4113	72.26	9.98	-6.4
102	20	20	10	0	0.50532	0.50847	0.46568	76.59	4.04	-5.64
101	20	10	10	0	0.55301	0.57979	0.52294	80.73	-1.5	-5.02
100	20	0	10	0	0.60614	0.65864	0.58299	84.93	-6.71	-4.11
27	20	100	0	0	0.23523	0.1223	0.1455	41.58	64.24	-12.88
26	20	85	0	0	0.27024	0.1693	0.20116	48.17	50.61	-14.3
25	20	70	0	0	0.31362	0.22805	0.26537	54.87	38.38	-14.83
24	20	55	0	0	0.36732	0.30137	0.33965	61.77	27.23	-14.68
23	20	40	0	0	0.42838	0.38659	0.42167	68.5	17.28	-14.2
22	20	30	0	0	0.4746	0.45198	0.48153	73.02	11.06	-13.64
21	20	20	0	0	0.5234	0.5222	0.54506	77.41	5.23	-13.12
20	20	10	0	0	0.5731	0.59528	0.61191	81.58	-0.22	-12.78
1300	20	0	0	0	0.62705	0.67484	0.6832	85.75	-5.38	-12.37
747	20	100	0	20	0.14919	0.0796	0.09941	33.9	53.35	-12.74
746	20	70	0	20	0.20098	0.14935	0.17649	45.54	31.18	-13.49
745	20	40	0	20	0.27296	0.2492	0.2743	57	13.66	-12.69
744	20	20	0	20	0.33047	0.3315	0.34915	64.28	3.87	-11.73
743	20	10	0	20	0.36183	0.37715	0.39005	67.81	-0.61	-11.29
742	20	0	0	20	0.39543	0.4263	0.43322	71.3	-4.83	-10.82
198	30	100	20	0	0.19061	0.10281	0.1026	38.34	57.03	-6.13
197	30	85	20	0	0.21785	0.14192	0.14149	44.51	43.72	-6.79
196	30	70	20	0	0.25295	0.19178	0.18663	50.9	31.74	-6.52
195	30	55	20	0	0.29545	0.25328	0.23861	57.39	20.73	-5.71
194	30	40	20	0	0.3447	0.32596	0.29607	63.83	10.75	-4.47
193	30	30	20	0	0.38112	0.3808	0.33809	68.08	4.53	-3.58
192	30	20	20	0	0.418	0.43762	0.38174	72.07	-1.19	-2.84
191	30	10	20	0	0.45904	0.50051	0.42768	76.1	-6.57	-1.86
190	30	0	20	0	0.50279	0.56817	0.47612	80.08	-11.68	-0.85
117	30	100	10	0	0.19357	0.10331	0.12139	38.43	58.15	-11.73
116	30	85	10	0	0.22273	0.14416	0.16725	44.82	44.62	-12.61
115	30	70	10	0	0.2598	0.19568	0.22075	51.35	32.66	-12.75
114	30	55	10	0	0.30467	0.25934	0.28209	57.97	21.7	-12.3
113	30	40	10	0	0.3565	0.33421	0.3497	64.5	11.88	-11.43
112	30	30	10	0	0.39481	0.39072	0.39926	68.8	5.75	-10.8
111	30	20	10	0	0.43338	0.44906	0.451	72.83	0.12	-10.36
110	30	10	10	0	0.47485	0.5123	0.50595	76.82	-5.23	-9.88
109	30	0	10	0	0.52076	0.58177	0.56331	80.84	-10.22	-9.14
36	30	100	0	0	0.19712	0.10407	0.14255	38.56	59.36	-17.31
35	30	85	0	0	0.2281	0.14627	0.19645	45.12	45.79	-18.58
34	30	70	0	0	0.26749	0.19994	0.25902	51.83	33.72	-18.97
33	30	55	0	0	0.31533	0.26624	0.33086	58.62	22.82	-18.81
32	30	40	0	0	0.37001	0.34362	0.41004	65.25	13.13	-18.33
31	30	30	0	0	0.41036	0.40182	0.46758	69.6	7.14	-17.91
30	30	20	0	0	0.45098	0.46193	0.52787	73.67	1.61	-17.72
29	30	10	0	0	0.4946	0.52704	0.59219	77.7	-3.63	-17.51
28	30	0	0	0	0.54261	0.59842	0.66093	81.75	-8.55	-17.2
753	40	100	0	20	0.10546	0.05862	0.09616	29.06	44.89	-20
752	40	70	0	20	0.14659	0.11533	0.16805	40.46	23.48	-20.32
751	40	40	0	20	0.20134	0.19468	0.25731	51.23	6.85	-19.71
750	40	20	0	20	0.24598	0.26048	0.32775	58.08	-2.21	-19.28
749	40	10	0	20	0.27007	0.29664	0.36531	61.36	-6.32	-19.04
748	40	0	0	20	0.29557	0.33519	0.40467	64.58	-10.19	-18.79
207	40	100	20	0	0.15596	0.08622	0.10076	35.25	51.54	-10.87
206	40	85	20	0	0.17998	0.12119	0.13843	41.4	38.32	-11.33
205	40	70	20	0	0.21039	0.16555	0.18205	47.69	26.47	-11.03
204	40	55	20	0	0.24799	0.22102	0.23203	54.14	15.66	-10.1
203	40	40	20	0	0.29012	0.28514	0.28729	60.35	5.95	-9.06
202	40	30	20	0	0.3208	0.33269	0.32755	64.38	0	-8.4
201	40	20	20	0	0.3524	0.38276	0.3695	68.22	-5.55	-7.8
200	40	10	20	0	0.38728	0.43771	0.4132	72.08	-10.72	-6.96
199	40	0	20	0	0.42431	0.49659	0.45937	75.86	-15.64	-6.14
126	40	100	10	0	0.15922	0.08686	0.11913	35.37	52.87	-16.34
125	40	85	10	0	0.18495	0.12338	0.16363	41.75	39.44	-17.06
124	40	70	10	0	0.21722	0.16928	0.21528	48.17	27.65	-17.16
123	40	55	10	0	0.25741	0.22702	0.27452	54.76	16.93	-16.57
122	40	40	10	0	0.30187	0.29309	0.33945	61.05	7.38	-15.89
121	40	30	10	0	0.33411	0.342	0.38688	65.12	1.53	-15.51
120	40	20	10	0	0.36739	0.39351	0.43656	69	-3.92	-15.2
119	40	10	10	0	0.40406	0.45011	0.48961	72.9	-9.02	-14.78
118	40	0	10	0	0.44333	0.51091	0.54433	76.73	-13.8	-14.21
45	40	100	0	0	0.16293	0.0877	0.13981	35.54	54.28	-21.81
44	40	85	0	0	0.19044	0.1255	0.19213	42.08	40.85	-22.91
43	40	70	0	0	0.22484	0.17336	0.25263	48.68	28.96	-23.28
42	40	55	0	0	0.2681	0.23369	0.32218	55.45	18.37	-22.99
41	40	40	0	0	0.31526	0.30212	0.39824	61.84	8.95	-22.67
40	40	30	0	0	0.34927	0.35246	0.45319	65.94	3.23	-22.51
39	40	20	0	0	0.38441	0.40556	0.51113	69.86	-2.11	-22.44
38	40	10	0	0	0.42342	0.46415	0.57329	73.81	-7.08	-22.28
1297	40	0	0	0	0.46598	0.52801	0.63961	77.76	-11.75	-22.07
759	70	100	0	20	0.05583	0.03403	0.09032	21.59	31.4	-30.86
758	70	70	0	20	0.08272	0.0732	0.15374	32.52	11.36	-30.57
757	70	40	0	20	0.11834	0.12869	0.23601	42.56	-3.95	-30.8
756	70	20	0	20	0.14591	0.1729	0.29716	48.62	-12.1	-30.87
755	70	10	0	20	0.16097	0.19732	0.33021	51.53	-15.78	-30.95
754	70	0	0	20	0.17695	0.22316	0.36511	54.36	-19.14	-31.09
216	55	100	20	0	0.11262	0.06526	0.09807	30.7	43.11	-17.81
215	55	85	20	0	0.13209	0.09451	0.13403	36.84	30	-18.02
214	55	70	20	0	0.15737	0.13235	0.17557	43.12	18.44	-17.47
213	55	55	20	0	0.18687	0.17833	0.22284	49.29	7.92	-16.7
212	55	40	20	0	0.21881	0.22992	0.2747	55.06	-1.33	-16.09
211	55	30	20	0	0.24298	0.2692	0.31268	58.9	-7.03	-15.59
210	55	20	20	0	0.2687	0.31126	0.35252	62.61	-12.27	-15.09
209	55	10	20	0	0.29582	0.35606	0.39336	66.22	-17.16	-14.48
208	55	0	20	0	0.32484	0.40421	0.43653	69.77	-21.78	-13.87
135	55	100	10	0	0.11589	0.06593	0.1158	30.86	44.77	-23.14
134	55	85	10	0	0.13688	0.0965	0.15835	37.21	31.49	-23.62
133	55	70	10	0	0.16395	0.13573	0.20756	43.61	20.04	-23.46
132	55	55	10	0	0.1959	0.18384	0.26375	49.96	9.63	-23.02
131	55	40	10	0	0.2297	0.23696	0.32452	55.78	0.55	-22.77
130	55	30	10	0	0.25531	0.27743	0.36929	59.66	-5.03	-22.54
129	55	20	10	0	0.28286	0.32105	0.41655	63.43	-10.14	-22.3
128	55	10	10	0	0.31249	0.36823	0.46671	67.14	-14.93	-22.04
127	55	0	10	0	0.3436	0.41813	0.5179	70.74	-19.4	-21.68
54	55	100	0	0	0.11953	0.06669	0.13583	31.04	46.55	-28.5
53	55	85	0	0	0.14208	0.09833	0.18581	37.54	33.31	-29.36
52	55	70	0	0	0.17179	0.13984	0.2439	44.21	21.83	-29.41
51	55	55	0	0	0.20599	0.18983	0.30955	50.67	11.54	-29.29
50	55	40	0	0	0.24213	0.24495	0.38081	56.58	2.6	-29.41
49	55	30	0	0	0.26937	0.28662	0.43253	60.48	-2.81	-29.39
48	55	20	0	0	0.2987	0.33164	0.48757	64.29	-7.78	-29.39
47	55	10	0	0	0.33048	0.38056	0.54632	68.06	-12.42	-29.38
46	55	0	0	0	0.36488	0.43352	0.60906	71.79	-16.76	-29.38
765	100	100	0	20	0.02956	0.02091	0.08703	15.96	18.75	-39.4
764	100	70	0	20	0.04362	0.04677	0.14775	25.79	-1.98	-40.67
763	100	40	0	20	0.06351	0.0828	0.21823	34.56	-16.01	-41.2
762	100	20	0	20	0.07966	0.11225	0.27328	39.96	-23.43	-41.89
761	100	10	0	20	0.08851	0.12858	0.30402	42.55	-26.82	-42.43
760	100	0	0	20	0.09778	0.14554	0.33626	45.02	-29.84	-43.07
225	70	100	20	0	0.07853	0.04857	0.09536	26.32	34.31	-24.45
224	70	85	20	0	0.0943	0.07298	0.12955	32.48	21.42	-24.31
223	70	70	20	0	0.11386	0.10409	0.16886	38.57	10.1	-23.77
222	70	55	20	0	0.13578	0.14113	0.21368	44.39	-0.19	-23.35
221	70	40	20	0	0.16051	0.18351	0.26269	49.92	-9.08	-22.91
220	70	30	20	0	0.1793	0.21576	0.29864	53.57	-14.5	-22.57
219	70	20	20	0	0.19904	0.25001	0.33599	57.08	-19.49	-22.24
218	70	10	20	0	0.21983	0.28641	0.37398	60.46	-24.13	-21.79
217	70	0	20	0	0.24208	0.32535	0.41406	63.78	-28.46	-21.37
144	70	100	10	0	0.0815	0.04908	0.1126	26.47	36.37	-29.74
143	70	85	10	0	0.09969	0.07534	0.1537	32.99	23.49	-29.75
142	70	70	10	0	0.12067	0.10765	0.20033	39.18	12.25	-29.62
141	70	55	10	0	0.14394	0.14589	0.25312	45.07	2.03	-29.6
140	70	40	10	0	0.17037	0.18939	0.31027	50.62	-6.56	-29.5
139	70	30	10	0	0.19054	0.22269	0.35255	54.31	-11.83	-29.4
138	70	20	10	0	0.21197	0.25836	0.39716	57.88	-16.68	-29.35
137	70	10	10	0	0.23552	0.29737	0.4448	61.43	-21.18	-29.27
136	70	0	10	0	0.2596	0.33779	0.49253	64.79	-25.36	-29.1
63	70	100	0	0	0.0849	0.04971	0.13202	26.65	38.59	-35.04
62	70	85	0	0	0.10474	0.07707	0.18046	33.37	25.79	-35.38
61	70	70	0	0	0.12848	0.11166	0.23576	39.86	14.61	-35.42
60	70	55	0	0	0.15317	0.15117	0.29724	45.79	4.44	-35.76
59	70	40	0	0	0.1817	0.1964	0.36427	51.43	-3.98	-36.03
58	70	30	0	0	0.20325	0.23048	0.41274	55.12	-8.99	-36.14
57	70	20	0	0	0.22633	0.26733	0.46462	58.73	-13.67	-36.31
56	70	10	0	0	0.25184	0.3079	0.52056	62.33	-18.02	-36.48
55	70	0	0	0	0.27928	0.35145	0.57998	65.86	-22.03	-36.68
771	0	100	10	20	0.19618	0.10205	0.0866	38.21	60.42	-0.88
770	0	70	10	20	0.2578	0.18335	0.15768	49.9	38.06	-1.58
769	0	40	10	20	0.34253	0.2996	0.24889	61.62	19.55	-0.3
768	0	20	10	20	0.41228	0.39811	0.31926	69.33	8.86	1.4
767	0	10	10	20	0.45096	0.4535	0.35711	73.12	3.97	2.38
766	0	0	10	20	0.49313	0.51441	0.39594	76.95	-0.77	3.68
234	85	100	20	0	0.05385	0.03639	0.09341	22.44	25.43	-30.47
233	85	85	20	0	0.06638	0.0568	0.12633	28.59	12.72	-30.11
232	85	70	20	0	0.07942	0.08097	0.16328	34.18	1.24	-30.02
231	85	55	20	0	0.0959	0.11102	0.20548	39.75	-8.65	-29.7
230	85	40	20	0	0.11459	0.14543	0.25162	45	-17.11	-29.44
229	85	30	20	0	0.12884	0.1718	0.28582	48.49	-22.34	-29.27
228	85	20	20	0	0.14398	0.19989	0.32137	51.82	-27.08	-29.11
227	85	10	20	0	0.15952	0.22914	0.35708	54.98	-31.48	-28.89
226	85	0	20	0	0.17596	0.26033	0.39417	58.07	-35.65	-28.64
153	85	100	10	0	0.05644	0.03673	0.11008	22.56	27.92	-35.71
152	85	85	10	0	0.07102	0.05871	0.14964	29.09	15.26	-35.47
151	85	70	10	0	0.08522	0.08385	0.19345	34.77	3.87	-35.78
150	85	55	10	0	0.10291	0.11492	0.24315	40.4	-5.92	-35.85
149	85	40	10	0	0.12308	0.15025	0.29693	45.67	-14.06	-35.93
148	85	30	10	0	0.13853	0.17752	0.3371	49.19	-19.13	-36
147	85	20	10	0	0.15515	0.20682	0.37956	52.6	-23.73	-36.11
146	85	10	10	0	0.17303	0.2383	0.42439	55.92	-27.96	-36.24
145	85	0	10	0	0.19101	0.27071	0.46859	59.04	-31.98	-36.24
72	85	100	0	0	0.06111	0.03821	0.13021	23.07	30.93	-40.71
71	85	85	0	0	0.0769	0.06115	0.17686	29.7	18.23	-40.89
70	85	70	0	0	0.09127	0.08686	0.22807	35.37	6.43	-41.7
69	85	55	0	0	0.11034	0.11874	0.28532	41.01	-3	-42.07
68	85	40	0	0	0.1323	0.15542	0.34834	46.37	-10.94	-42.5
67	85	30	0	0	0.14917	0.183	0.39415	49.86	-15.45	-42.79
66	85	20	0	0	0.16728	0.21316	0.44343	53.29	-19.81	-43.13
65	85	10	0	0	0.18683	0.24584	0.49615	56.67	-23.89	-43.51
1291	85	0	0	0	0.2076	0.28107	0.55288	59.99	-27.85	-44
777	10	100	10	20	0.17024	0.08995	0.08543	35.98	56.47	-4.3
776	10	70	10	20	0.22601	0.16452	0.15425	47.56	34.31	-4.76
775	10	40	10	20	0.30308	0.27134	0.24232	59.1	16.26	-3.46
774	10	20	10	20	0.36565	0.3607	0.30985	66.57	5.99	-1.92
773	10	10	10	20	0.40013	0.4107	0.34642	70.23	1.29	-1.09
772	10	0	10	20	0.43677	0.46474	0.38497	73.85	-3.29	-0.2
243	100	100	20	0	0.03671	0.02808	0.0926	19.26	16.22	-35.68
242	100	85	20	0	0.04341	0.04304	0.12322	24.65	2.65	-36.02
241	100	70	20	0	0.05289	0.0624	0.15787	30.01	-8.34	-35.91
240	100	55	20	0	0.0648	0.0865	0.19749	35.3	-17.84	-35.72
239	100	40	20	0	0.07863	0.11436	0.24143	40.3	-25.87	-35.69
238	100	30	20	0	0.08899	0.13556	0.27369	43.59	-30.9	-35.7
237	100	20	20	0	0.09987	0.15818	0.30762	46.74	-35.6	-35.78
236	100	10	20	0	0.11089	0.18134	0.34053	49.66	-39.86	-35.69
235	100	0	20	0	0.1227	0.20588	0.37541	52.5	-43.75	-35.72
162	100	100	10	0	0.04023	0.02915	0.11005	19.7	19.54	-40.63
161	100	85	10	0	0.04675	0.04433	0.1462	25.05	5.37	-41.55
160	100	70	10	0	0.05719	0.06434	0.18707	30.48	-5.37	-41.81
159	100	55	10	0	0.0702	0.08913	0.23343	35.82	-14.57	-41.95
158	100	40	10	0	0.08542	0.11744	0.28433	40.81	-21.96	-42.27
157	100	30	10	0	0.09681	0.13921	0.32221	44.12	-26.75	-42.53
156	100	20	10	0	0.10887	0.16272	0.3627	47.33	-31.31	-42.87
155	100	10	10	0	0.12178	0.18789	0.4055	50.44	-35.51	-43.27
154	100	0	10	0	0.13484	0.21333	0.447	53.31	-39.23	-43.53
81	100	100	0	0	0.04429	0.03035	0.12985	20.18	23.1	-45.59
80	100	85	0	0	0.05152	0.04619	0.17247	25.62	8.91	-46.93
79	100	70	0	0	0.06222	0.06671	0.22038	31.05	-2.24	-47.68
78	100	55	0	0	0.07639	0.09207	0.27354	36.38	-11.03	-48.11
77	100	40	0	0	0.09317	0.12149	0.33319	41.45	-18.2	-48.77
76	100	30	0	0	0.10579	0.14351	0.37638	44.73	-22.41	-49.24
75	100	20	0	0	0.11913	0.16777	0.42341	47.98	-26.73	-49.81
74	100	10	0	0	0.13343	0.19387	0.47362	51.14	-30.76	-50.45
73	100	0	0	0	0.14879	0.22166	0.52702	54.2	-34.41	-51.19
783	20	100	10	20	0.14649	0.07883	0.08455	33.74	52.41	-7.83
782	20	70	10	20	0.19574	0.14623	0.15097	45.11	30.44	-8.17
781	20	40	10	20	0.2643	0.24291	0.23533	56.38	12.82	-6.85
780	20	20	10	20	0.31957	0.32321	0.3002	63.61	2.88	-5.52
779	20	10	10	20	0.34951	0.36764	0.33535	67.1	-1.68	-4.87
778	20	0	10	20	0.38181	0.41594	0.37242	70.59	-6.07	-4.12
414	0	100	55	0	0.30865	0.16117	0.05355	47.13	69.93	28.47
413	0	85	55	0	0.33957	0.20764	0.07496	52.69	57.01	28.53
412	0	70	55	0	0.3825	0.26862	0.10085	58.85	44.77	29.79
411	0	55	55	0	0.43647	0.34538	0.13014	65.39	33.1	32.27
410	0	40	55	0	0.49962	0.43735	0.15993	72.05	22.07	36.07
409	0	30	55	0	0.54698	0.50787	0.18176	76.55	14.98	38.78
408	0	20	55	0	0.59923	0.58526	0.20458	81.03	8.45	41.65
407	0	10	55	0	0.65599	0.67008	0.22862	85.51	2.22	44.63
406	0	0	55	0	0.71799	0.76342	0.2544	90.02	-3.78	47.68
333	0	100	40	0	0.31095	0.16116	0.07352	47.13	70.78	19.51
332	0	85	40	0	0.34517	0.21059	0.10324	53.01	57.55	18.96
331	0	70	40	0	0.38966	0.27306	0.13797	59.26	45.28	19.57
330	0	55	40	0	0.44617	0.35223	0.1789	65.92	33.62	21.1
329	0	40	40	0	0.51225	0.44684	0.22305	72.68	22.7	23.59
328	0	30	40	0	0.56193	0.51942	0.25367	77.25	15.72	25.79
327	0	20	40	0	0.61601	0.59875	0.28443	81.77	9.21	28.34
326	0	10	40	0	0.67514	0.68594	0.3176	86.3	3.03	30.9
325	0	0	40	0	0.7395	0.78163	0.35335	90.85	-2.9	33.49
252	0	100	30	0	0.3128	0.16124	0.08957	47.14	71.42	13.46
251	0	85	30	0	0.34927	0.21261	0.12586	53.23	58	12.51
250	0	70	30	0	0.39593	0.27704	0.16821	59.62	45.69	12.68
249	0	55	30	0	0.45382	0.35753	0.21721	66.33	34.06	13.77
248	0	40	30	0	0.52225	0.45424	0.27154	73.17	23.22	15.67
247	0	30	30	0	0.57348	0.52815	0.31079	77.77	16.32	17.23
246	0	20	30	0	0.62942	0.60912	0.34874	82.33	9.89	19.45
245	0	10	30	0	0.69024	0.69816	0.38862	86.91	3.71	21.82
1338	0	0	30	0	0.75637	0.79572	0.43159	91.49	-2.2	24.19
789	40	100	10	20	0.10354	0.05824	0.08243	28.96	43.84	-15.27
788	40	70	10	20	0.14206	0.11289	0.1443	40.06	22.43	-15.18
787	40	40	10	20	0.19426	0.19005	0.22139	50.69	5.65	-14
786	40	20	10	20	0.23572	0.25323	0.28175	57.39	-3.69	-13.25
785	40	10	10	20	0.25832	0.28815	0.31396	60.62	-7.93	-12.82
784	40	0	10	20	0.28161	0.32477	0.34707	63.74	-11.95	-12.37
423	10	100	55	0	0.26167	0.13902	0.05305	44.09	64.7	23.49
422	10	85	55	0	0.28889	0.18083	0.07385	49.6	51.83	23.64
421	10	70	55	0	0.3276	0.23643	0.09865	55.73	39.72	25.15
420	10	55	55	0	0.37572	0.30637	0.12682	62.2	28.13	27.7
419	10	40	55	0	0.43104	0.38905	0.15546	68.68	17.3	31.35
418	10	30	55	0	0.47232	0.45222	0.17631	73.04	10.36	33.95
417	10	20	55	0	0.51804	0.52146	0.19823	77.37	4.03	36.65
416	10	10	55	0	0.56744	0.59714	0.22136	81.68	-2.04	39.43
415	10	0	55	0	0.61741	0.67628	0.24678	85.82	-7.92	41.81
342	10	100	40	0	0.26437	0.13922	0.07249	44.12	65.68	14.75
341	10	85	40	0	0.29467	0.18375	0.1013	49.95	52.53	14.3
340	10	70	40	0	0.33493	0.24082	0.13484	56.17	40.4	15.09
339	10	55	40	0	0.38579	0.31322	0.17418	62.78	28.87	16.74
338	10	40	40	0	0.44402	0.39846	0.21663	69.36	18.18	19.11
337	10	30	40	0	0.48754	0.46371	0.24592	73.79	11.33	21.21
336	10	20	40	0	0.53504	0.53491	0.27543	78.16	5	23.62
335	10	10	40	0	0.58677	0.61288	0.30735	82.53	-1	25.99
334	10	0	40	0	0.63953	0.69455	0.34296	86.73	-6.75	27.87
261	10	100	30	0	0.2668	0.13971	0.08828	44.19	66.37	8.84
260	10	85	30	0	0.29902	0.18591	0.12337	50.21	53.07	8
259	10	70	30	0	0.34117	0.24476	0.16414	56.56	40.88	8.36
258	10	55	30	0	0.3933	0.31826	0.21118	63.2	29.43	9.57
257	10	40	30	0	0.45374	0.4055	0.26344	69.86	18.83	11.34
256	10	30	30	0	0.49935	0.47239	0.30103	74.34	12.12	12.86
255	10	20	30	0	0.54874	0.54531	0.3374	78.77	5.86	14.95
254	10	10	30	0	0.60219	0.625	0.37597	83.18	-0.11	17.1
253	10	0	30	0	0.65752	0.70896	0.41961	87.43	-5.74	18.7
795	70	100	10	20	0.05416	0.03384	0.07782	21.52	29.76	-26.34
794	70	70	10	20	0.07888	0.07147	0.1323	32.14	9.56	-25.65
793	70	40	10	20	0.11148	0.12452	0.20236	41.93	-6.1	-25.31
792	70	20	10	20	0.13695	0.16727	0.25542	47.91	-14.62	-25.09
791	70	10	10	20	0.15085	0.1908	0.28376	50.78	-18.43	-24.98
790	70	0	10	20	0.16514	0.2151	0.31258	53.5	-21.91	-24.87
432	20	100	55	0	0.21956	0.11893	0.05241	41.05	59.44	18.56
431	20	85	55	0	0.24446	0.15727	0.07261	46.61	46.57	19
430	20	70	55	0	0.2784	0.20727	0.09655	52.65	34.57	20.54
429	20	55	55	0	0.32084	0.27045	0.12356	59.02	23.13	23.13
428	20	40	55	0	0.36898	0.34465	0.15107	65.33	12.44	26.66
427	20	30	55	0	0.4048	0.40118	0.17113	69.55	5.63	29.12
426	20	20	55	0	0.44416	0.46261	0.19231	73.71	-0.55	31.6
425	20	10	55	0	0.48416	0.52705	0.21533	77.7	-6.47	33.75
424	20	0	55	0	0.52753	0.59734	0.23975	81.69	-12.15	35.97
351	20	100	40	0	0.2228	0.11952	0.07153	41.14	60.53	10.01
350	20	85	40	0	0.25019	0.16012	0.09931	46.99	47.4	9.86
349	20	70	40	0	0.28567	0.21152	0.13167	53.12	35.41	10.69
348	20	55	40	0	0.33071	0.27703	0.16944	59.62	24.05	12.39
347	20	40	40	0	0.38203	0.35387	0.21023	66.05	13.58	14.68
346	20	30	40	0	0.41999	0.41235	0.23837	70.34	6.86	16.65
345	20	20	40	0	0.46133	0.47579	0.26714	74.56	0.73	18.81
344	20	10	40	0	0.50411	0.54273	0.29945	78.62	-5.05	20.48
343	20	0	40	0	0.55019	0.61545	0.33374	82.67	-10.59	22.22
270	20	100	30	0	0.22554	0.12023	0.08706	41.25	61.3	4.21
269	20	85	30	0	0.2546	0.16226	0.12075	47.27	48.06	3.7
268	20	70	30	0	0.29173	0.21522	0.16005	53.52	36.03	4.09
267	20	55	30	0	0.33811	0.2819	0.2053	60.06	24.74	5.35
266	20	40	30	0	0.3917	0.3607	0.25548	66.57	14.39	7.07
265	20	30	30	0	0.43184	0.42084	0.29156	70.93	7.86	8.49
264	20	20	30	0	0.4748	0.48571	0.32699	75.18	1.8	10.31
263	20	10	30	0	0.52001	0.55481	0.36666	79.32	-3.86	11.73
262	20	0	30	0	0.56836	0.62955	0.40877	83.42	-9.3	13.16
801	100	100	10	20	0.02802	0.02076	0.07533	15.88	16.3	-35.09
800	100	70	10	20	0.04021	0.0452	0.1262	25.32	-4.72	-35.71
799	100	40	10	20	0.05795	0.07964	0.18611	33.91	-19.27	-35.69
798	100	20	10	20	0.07277	0.10864	0.23521	39.35	-27.28	-36.19
797	100	10	10	20	0.08074	0.12435	0.26153	41.9	-30.82	-36.53
796	100	0	10	20	0.08903	0.14034	0.28757	44.28	-33.85	-36.81
441	30	100	55	0	0.18178	0.10077	0.05178	37.98	54.02	13.59
440	30	85	55	0	0.2039	0.13531	0.07138	43.55	41.19	14.23
439	30	70	55	0	0.23367	0.18035	0.09433	49.54	29.24	15.93
438	30	55	55	0	0.26999	0.2366	0.12035	55.75	17.86	18.43
437	30	40	55	0	0.31124	0.30261	0.14674	61.88	7.3	21.81
436	30	30	55	0	0.3423	0.35296	0.16621	65.98	0.68	24.11
435	30	20	55	0	0.37443	0.40563	0.18723	69.87	-5.34	26.07
434	30	10	55	0	0.40884	0.46268	0.20935	73.72	-11.09	28.08
433	30	0	55	0	0.44552	0.52424	0.23285	77.53	-16.62	30.09
360	30	100	40	0	0.18513	0.10156	0.07059	38.12	55.17	5.19
359	30	85	40	0	0.20924	0.13794	0.09734	43.94	42.12	5.25
358	30	70	40	0	0.24052	0.18432	0.12841	50.02	30.19	6.25
357	30	55	40	0	0.27953	0.24283	0.16474	56.37	18.98	7.88
356	30	40	40	0	0.32419	0.31154	0.20386	62.64	8.73	10.09
355	30	30	40	0	0.35741	0.36381	0.23126	66.81	2.23	11.9
354	30	20	40	0	0.39227	0.4189	0.26069	70.8	-3.63	13.43
353	30	10	40	0	0.42934	0.47834	0.29184	74.72	-9.23	14.98
352	30	0	40	0	0.46902	0.54253	0.32499	78.61	-14.57	16.52
279	30	100	30	0	0.18806	0.10235	0.0858	38.26	56.08	-0.49
278	30	85	30	0	0.21362	0.13999	0.11822	44.23	42.93	-0.8
277	30	70	30	0	0.2466	0.18795	0.15602	50.45	30.97	-0.23
276	30	55	30	0	0.28691	0.24752	0.19948	56.83	19.87	0.99
275	30	40	30	0	0.33375	0.3181	0.24765	63.19	9.74	2.62
274	30	30	30	0	0.36883	0.3718	0.28272	67.41	3.42	3.87
273	30	20	30	0	0.40535	0.42836	0.31883	71.44	-2.35	5.1
272	30	10	30	0	0.44455	0.48964	0.35706	75.43	-7.83	6.36
271	30	0	30	0	0.48646	0.55577	0.39767	79.37	-13.05	7.63
807	0	100	20	20	0.19424	0.10187	0.07319	38.18	59.59	4.22
806	0	70	20	20	0.25197	0.17974	0.13378	49.46	37.49	3.82
805	0	40	20	20	0.33268	0.29212	0.21136	60.97	18.93	5.69
804	0	20	20	20	0.39968	0.38808	0.27101	68.61	8.1	7.9
803	0	10	20	20	0.4374	0.44278	0.30207	72.41	3.09	9.37
802	0	0	20	20	0.47761	0.5019	0.33483	76.19	-1.74	10.88
450	40	100	55	0	0.14761	0.08436	0.0512	34.87	48.19	8.54
449	40	85	55	0	0.16666	0.11503	0.07009	40.41	35.35	9.35
448	40	70	55	0	0.19195	0.15484	0.09217	46.29	23.46	11.08
447	40	55	55	0	0.22273	0.20456	0.11699	52.35	12.18	13.56
446	40	40	55	0	0.25792	0.26287	0.14268	58.31	1.86	16.7
445	40	30	55	0	0.28496	0.30756	0.16235	62.3	-4.46	18.68
444	40	20	55	0	0.31215	0.35386	0.18257	66.05	-10.34	20.5
443	40	10	55	0	0.34149	0.40407	0.20397	69.76	-15.89	22.34
442	40	0	55	0	0.3725	0.45794	0.22659	73.41	-21.24	24.16
369	40	100	40	0	0.151	0.08516	0.0696	35.03	49.53	0.28
368	40	85	40	0	0.1719	0.11751	0.09538	40.82	36.5	0.54
367	40	70	40	0	0.19861	0.15856	0.12528	46.79	24.66	1.56
366	40	55	40	0	0.23196	0.21041	0.15998	52.99	13.58	3.2
365	40	40	40	0	0.27019	0.27113	0.19793	59.08	3.58	5.18
364	40	30	40	0	0.29926	0.31758	0.22546	63.14	-2.6	6.68
363	40	20	40	0	0.32897	0.3661	0.25378	66.98	-8.31	8.08
362	40	10	40	0	0.36072	0.41843	0.28384	70.76	-13.7	9.46
361	40	0	40	0	0.39443	0.47461	0.31571	74.48	-18.85	10.82
288	40	100	30	0	0.15335	0.08574	0.08435	35.15	50.42	-5.32
287	40	85	30	0	0.17577	0.11936	0.11578	41.11	37.32	-5.45
286	40	70	30	0	0.20422	0.16195	0.15228	47.23	25.5	-4.85
285	40	55	30	0	0.23982	0.21572	0.19413	53.57	14.57	-3.52
284	40	40	30	0	0.27973	0.27791	0.24043	59.7	4.71	-2.07
283	40	30	30	0	0.30912	0.3244	0.27411	63.71	-1.35	-1.09
282	40	20	30	0	0.34032	0.37419	0.30868	67.59	-6.95	0.02
281	40	10	30	0	0.37339	0.42762	0.3451	71.39	-12.25	1.11
280	40	0	30	0	0.40883	0.48523	0.38376	75.15	-17.27	2.21
813	10	100	20	20	0.16807	0.08962	0.07225	35.91	55.54	0.7
812	10	70	20	20	0.22009	0.16088	0.13088	47.09	33.63	0.52
811	10	40	20	20	0.2934	0.26416	0.2059	58.43	15.49	2.42
810	10	20	20	20	0.35324	0.351	0.26309	65.83	5.07	4.45
809	10	10	20	20	0.38666	0.40025	0.29312	69.49	0.23	5.75
808	10	0	20	20	0.42166	0.45285	0.32579	73.08	-4.44	6.86
459	55	100	55	0	0.10483	0.06365	0.05031	30.31	39	1.14
458	55	85	55	0	0.11961	0.08901	0.06811	35.79	26.12	2.22
457	55	70	55	0	0.1389	0.12182	0.08882	41.5	14.25	4.01
456	55	55	55	0	0.16293	0.1631	0.11242	47.38	3.24	6.36
455	55	40	55	0	0.19073	0.21149	0.13799	53.11	-6.57	8.97
454	55	30	55	0	0.2116	0.24826	0.15664	56.91	-12.66	10.76
453	55	20	55	0	0.23264	0.28629	0.17584	60.45	-18.26	12.36
452	55	10	55	0	0.25517	0.32731	0.1961	63.94	-23.57	13.95
451	55	0	55	0	0.27901	0.37124	0.21742	67.37	-28.64	15.53
378	55	100	40	0	0.10747	0.06416	0.0679	30.44	40.46	-6.93
377	55	85	40	0	0.12421	0.09118	0.09248	36.21	27.48	-6.41
376	55	70	40	0	0.14578	0.12586	0.12077	42.13	15.79	-5.17
375	55	55	40	0	0.17159	0.16871	0.15359	48.1	4.96	-3.68
374	55	40	40	0	0.20028	0.21755	0.18928	53.77	-4.6	-2.14
373	55	30	40	0	0.2227	0.25564	0.21519	57.62	-10.55	-0.84
372	55	20	40	0	0.24513	0.29481	0.24144	61.2	-16.03	0.34
371	55	10	40	0	0.26934	0.33719	0.26951	64.74	-21.16	1.47
370	55	0	40	0	0.29524	0.38285	0.29917	68.23	-26.06	2.61
297	55	100	30	0	0.1098	0.06468	0.08215	30.56	41.64	-12.41
296	55	85	30	0	0.1279	0.09282	0.11213	36.52	28.61	-12.26
295	55	70	30	0	0.15096	0.1288	0.14661	42.58	16.98	-11.43
294	55	55	30	0	0.17876	0.17335	0.18621	48.68	6.31	-10.25
293	55	40	30	0	0.20894	0.22345	0.22978	54.39	-3.09	-9.24
292	55	30	30	0	0.23165	0.2615	0.26137	58.18	-8.91	-8.43
291	55	20	30	0	0.25546	0.30181	0.29353	61.81	-14.26	-7.55
290	55	10	30	0	0.28086	0.34515	0.32751	65.37	-19.29	-6.69
289	55	0	30	0	0.30825	0.39198	0.36355	68.89	-24.04	-5.81
819	20	100	20	20	0.14403	0.07816	0.07129	33.6	51.52	-2.9
818	20	70	20	20	0.19094	0.14334	0.12809	44.71	29.76	-2.81
817	20	40	20	20	0.2568	0.23744	0.20035	55.83	12.08	-0.92
816	20	20	20	20	0.30975	0.31572	0.25562	62.99	1.98	0.86
815	20	10	20	20	0.33862	0.35939	0.28545	66.47	-2.73	1.8
814	20	0	20	20	0.36952	0.40648	0.31697	69.93	-7.2	2.77
468	70	100	55	0	0.07104	0.04721	0.04917	25.92	28.9	-5.83
467	70	85	55	0	0.08242	0.06815	0.06597	31.38	16.03	-4.46
466	70	70	55	0	0.09678	0.09492	0.08554	36.91	4.29	-2.72
465	70	55	55	0	0.11429	0.12827	0.10802	42.5	-6.55	-0.69
464	70	40	55	0	0.1347	0.16731	0.13195	47.92	-16.08	1.65
463	70	30	55	0	0.14987	0.19672	0.14926	51.46	-21.96	3.21
462	70	20	55	0	0.16545	0.22741	0.16726	54.8	-27.35	4.59
461	70	10	55	0	0.182	0.26041	0.18592	58.08	-32.48	6.02
460	70	0	55	0	0.19962	0.29566	0.20573	61.28	-37.31	7.36
387	70	100	40	0	0.0736	0.04762	0.06618	26.05	30.87	-13.75
386	70	85	40	0	0.0868	0.07004	0.08945	31.82	17.99	-12.92
385	70	70	40	0	0.10302	0.09835	0.11616	37.54	6.46	-11.72
384	70	55	40	0	0.12202	0.13296	0.14739	43.21	-4.17	-10.55
383	70	40	40	0	0.14368	0.17278	0.18104	48.61	-13.41	-9.23
382	70	30	40	0	0.16022	0.20334	0.20513	52.21	-19.14	-8.15
381	70	20	40	0	0.17706	0.23504	0.22977	55.59	-24.37	-7.17
380	70	10	40	0	0.19515	0.26924	0.25568	58.9	-29.3	-6.19
379	70	0	40	0	0.21459	0.306	0.28333	62.17	-33.93	-5.27
306	70	100	30	0	0.07593	0.0481	0.08001	26.18	32.48	-19.15
305	70	85	30	0	0.09052	0.07157	0.1085	32.16	19.65	-18.66
304	70	70	30	0	0.10822	0.10115	0.14122	38.05	8.22	-17.85
303	70	55	30	0	0.12861	0.1369	0.17871	43.78	-2.22	-17.03
302	70	40	30	0	0.15179	0.17801	0.21994	49.25	-11.29	-16.2
301	70	30	30	0	0.16935	0.20929	0.24982	52.87	-16.85	-15.55
300	70	20	30	0	0.18742	0.24204	0.28004	56.29	-21.96	-14.86
299	70	10	30	0	0.20674	0.27719	0.31153	59.63	-26.75	-14.14
298	70	0	30	0	0.22749	0.31495	0.34503	62.92	-31.23	-13.48
825	40	100	20	20	0.10132	0.0577	0.06985	28.82	42.74	-10.53
824	40	70	20	20	0.13764	0.11041	0.12274	39.65	21.44	-10.02
823	40	40	20	20	0.18719	0.18526	0.18861	50.13	4.48	-8.27
822	40	20	20	20	0.22639	0.24655	0.23995	56.74	-5.06	-7.09
821	40	10	20	20	0.24753	0.28027	0.26697	59.91	-9.43	-6.41
820	40	0	20	20	0.26942	0.31571	0.29502	62.99	-13.58	-5.76
477	85	100	55	0	0.04642	0.03499	0.04777	21.94	18.36	-11.96
476	85	85	55	0	0.05469	0.05205	0.06372	27.31	5.41	-10.49
475	85	70	55	0	0.0647	0.07369	0.08274	32.63	-6.44	-9.07
474	85	55	55	0	0.07728	0.10075	0.10404	37.98	-17.08	-7.22
473	85	40	55	0	0.0918	0.13215	0.12648	43.09	-26.37	-5.16
472	85	30	55	0	0.10257	0.15572	0.14251	46.41	-32.09	-3.78
471	85	20	55	0	0.11367	0.18033	0.15916	49.54	-37.32	-2.56
470	85	10	55	0	0.12546	0.20665	0.17658	52.58	-42.24	-1.38
469	85	0	55	0	0.13764	0.23457	0.19454	55.54	-47.05	-0.21
396	85	100	40	0	0.0489	0.03529	0.06413	22.05	21.08	-19.75
395	85	85	40	0	0.05882	0.05367	0.08629	27.76	8.23	-18.78
394	85	70	40	0	0.07011	0.07637	0.1122	33.22	-3.44	-17.99
393	85	55	40	0	0.08411	0.10462	0.14191	38.66	-13.85	-16.98
392	85	40	40	0	0.10011	0.13708	0.17376	43.81	-22.81	-15.86
391	85	30	40	0	0.11212	0.16169	0.19618	47.2	-28.35	-14.94
390	85	20	40	0	0.12441	0.18723	0.21903	50.36	-33.38	-14.12
389	85	10	40	0	0.13756	0.2146	0.24328	53.45	-38.09	-13.37
388	85	0	40	0	0.151	0.24339	0.26818	56.43	-42.67	-12.63
315	85	100	30	0	0.0513	0.03589	0.07806	22.26	23.13	-25.16
314	85	85	30	0	0.06229	0.05509	0.10509	28.14	10.37	-24.52
313	85	70	30	0	0.07451	0.07856	0.13641	33.68	-1.18	-24.11
312	85	55	30	0	0.08968	0.1076	0.17182	39.17	-11.28	-23.41
311	85	40	30	0	0.10699	0.14111	0.21084	44.39	-20.04	-22.78
310	85	30	30	0	0.12009	0.16658	0.23912	47.83	-25.42	-22.3
309	85	20	30	0	0.13345	0.193	0.26722	51.04	-30.31	-21.76
308	85	10	30	0	0.14769	0.22118	0.29674	54.15	-34.86	-21.27
307	85	0	30	0	0.16256	0.25112	0.3274	57.18	-39.23	-20.78
831	70	100	20	20	0.05271	0.03371	0.06661	21.47	28.24	-21.83
830	70	70	20	20	0.07534	0.06979	0.11276	31.76	7.9	-20.67
829	70	40	20	20	0.10532	0.12083	0.17231	41.35	-8.18	-19.78
828	70	20	20	20	0.1289	0.16208	0.21736	47.25	-16.96	-19.16
827	70	10	20	20	0.14142	0.18432	0.24059	50.02	-20.87	-18.8
826	70	0	20	20	0.15464	0.20779	0.26497	52.71	-24.5	-18.49
486	100	100	55	0	0.02901	0.02611	0.04623	18.41	7.19	-17.2
485	100	85	55	0	0.03424	0.03978	0.06218	23.6	-6.34	-16.2
484	100	70	55	0	0.04117	0.05742	0.08041	28.75	-18.14	-14.87
483	100	55	55	0	0.04988	0.07938	0.10062	33.85	-28.58	-13.22
482	100	40	55	0	0.05975	0.10455	0.12139	38.65	-37.69	-11.36
481	100	30	55	0	0.06717	0.12347	0.13645	41.76	-43.25	-10.18
480	100	20	55	0	0.07443	0.14284	0.1515	44.64	-48.48	-9.12
479	100	10	55	0	0.08202	0.16327	0.16709	47.4	-53.38	-8.13
478	100	0	55	0	0.09024	0.18514	0.18374	50.11	-57.96	-7.23
405	100	100	40	0	0.03162	0.02667	0.06299	18.66	10.67	-25.09
404	100	85	40	0	0.03757	0.04084	0.08421	23.95	-2.69	-24.58
403	100	70	40	0	0.04552	0.05916	0.10871	29.2	-14.12	-23.83
402	100	55	40	0	0.0554	0.08196	0.13678	34.39	-24.25	-22.99
401	100	40	40	0	0.0668	0.10838	0.16708	39.31	-33.03	-22.08
400	100	30	40	0	0.07526	0.12813	0.18821	42.48	-38.38	-21.37
399	100	20	40	0	0.08381	0.14857	0.20935	45.44	-43.34	-20.68
398	100	10	40	0	0.0927	0.17006	0.23149	48.27	-47.96	-20.12
397	100	0	40	0	0.10201	0.19265	0.25468	51	-52.3	-19.65
324	100	100	30	0	0.03382	0.02724	0.07698	18.9	13.23	-30.53
323	100	85	30	0	0.04037	0.04188	0.1025	24.28	-0.01	-30.34
322	100	70	30	0	0.04908	0.06076	0.13205	29.6	-11.26	-29.96
321	100	55	30	0	0.05994	0.08416	0.1654	34.83	-21.04	-29.4
320	100	40	30	0	0.07251	0.11147	0.20264	39.83	-29.59	-28.99
319	100	30	30	0	0.08191	0.13198	0.2294	43.06	-34.77	-28.7
318	100	20	30	0	0.09133	0.15308	0.25546	46.05	-39.55	-28.31
317	100	10	30	0	0.10133	0.17549	0.28273	48.94	-43.98	-27.98
316	100	0	30	0	0.11184	0.19903	0.31143	51.73	-48.09	-27.76
837	100	100	20	20	0.02668	0.02065	0.06478	15.83	14.04	-30.76
836	100	70	20	20	0.03716	0.04376	0.10678	24.88	-7.3	-30.68
835	100	40	20	20	0.05324	0.07723	0.15838	33.4	-22.54	-30.19
834	100	20	20	20	0.06672	0.10533	0.20034	38.78	-30.86	-30.31
833	100	10	20	20	0.07387	0.12019	0.22133	41.25	-34.4	-30.28
832	100	0	20	20	0.08133	0.13557	0.24331	43.59	-37.58	-30.37
657	0	100	100	0	0.30384	0.16145	0.02003	47.16	67.99	50.99
656	0	85	100	0	0.33184	0.2021	0.02502	52.07	56.97	55
655	0	70	100	0	0.371	0.25899	0.03099	57.94	44.95	60.51
654	0	55	100	0	0.4204	0.33372	0.03795	64.46	32.32	67.07
653	0	40	100	0	0.47889	0.42213	0.04585	71.02	20.89	73.71
652	0	30	100	0	0.52273	0.49002	0.05157	75.45	13.5	78.31
651	0	20	100	0	0.57107	0.5628	0.0574	79.77	7.08	82.87
650	0	10	100	0	0.62352	0.64231	0.06349	84.09	0.97	87.5
1327	0	0	100	0	0.68022	0.72963	0.06987	88.43	-5.03	92.23
576	0	100	85	0	0.30427	0.16071	0.02711	47.07	68.56	44.68
575	0	85	85	0	0.33264	0.2043	0.03772	52.32	56.19	46.29
574	0	70	85	0	0.37245	0.26062	0.04785	58.1	44.76	50.34
573	0	55	85	0	0.423	0.33532	0.05975	64.59	32.55	55.59
572	0	40	85	0	0.4816	0.42374	0.07298	71.13	21.16	61.12
571	0	30	85	0	0.52635	0.49234	0.08277	75.6	13.82	65
570	0	20	85	0	0.57593	0.56685	0.0929	80	7.28	68.95
569	0	10	85	0	0.62999	0.64875	0.10359	84.42	1.02	72.99
1331	0	0	85	0	0.68829	0.73747	0.11485	88.8	-4.88	77.05
495	0	100	70	0	0.30597	0.16064	0.03771	47.06	69.23	37.22
494	0	85	70	0	0.33555	0.20574	0.05325	52.48	56.52	37.85
493	0	70	70	0	0.37652	0.2647	0.07123	58.48	44.42	40.03
492	0	55	70	0	0.42843	0.33922	0.08982	64.9	32.83	43.99
491	0	40	70	0	0.48903	0.42909	0.11028	71.49	21.61	48.6
490	0	30	70	0	0.53451	0.4983	0.12541	75.96	14.34	51.83
489	0	20	70	0	0.58465	0.57362	0.14083	80.38	7.75	55.24
488	0	10	70	0	0.64055	0.65715	0.15769	84.85	1.58	58.68
487	0	0	70	0	0.70099	0.74877	0.17567	89.34	-4.44	62.19
843	0	100	40	20	0.19117	0.10162	0.05062	38.13	58.23	14.45
842	0	70	40	20	0.24145	0.1728	0.09276	48.61	36.66	14.87
841	0	40	40	20	0.31773	0.28079	0.14646	59.96	17.94	18.57
840	0	20	40	20	0.37937	0.372	0.18583	67.43	6.78	22.16
839	0	10	40	20	0.41417	0.42397	0.20729	71.14	1.64	24.06
838	0	0	40	20	0.45106	0.48	0.22996	74.82	-3.35	25.96
666	10	100	100	0	0.25501	0.13836	0.01991	44	62.34	45.65
665	10	85	100	0	0.27948	0.17492	0.02471	48.87	51.27	49.75
664	10	70	100	0	0.31488	0.22721	0.03045	54.78	39.22	55.46
663	10	55	100	0	0.35789	0.29365	0.03726	61.1	26.99	61.72
662	10	40	100	0	0.40852	0.37266	0.04486	67.48	15.72	68.16
661	10	30	100	0	0.44616	0.43231	0.05037	71.71	8.66	72.48
660	10	20	100	0	0.48791	0.49687	0.05596	75.88	2.42	76.85
659	10	10	100	0	0.53304	0.56749	0.06182	80.04	-3.6	81.27
658	10	0	100	0	0.57835	0.6422	0.06808	84.08	-9.71	85.49
585	10	100	85	0	0.25591	0.13805	0.02682	43.95	62.91	39.54
584	10	85	85	0	0.28073	0.17724	0.03708	49.16	50.53	41.24
583	10	70	85	0	0.31689	0.22921	0.04685	54.99	39.05	45.53
582	10	55	85	0	0.3609	0.29555	0.05842	61.27	27.28	50.49
581	10	40	85	0	0.4118	0.3747	0.07115	67.63	16.07	55.83
580	10	30	85	0	0.4504	0.43516	0.0806	71.9	9.06	59.45
579	10	20	85	0	0.49345	0.50149	0.09033	76.16	2.69	63.23
578	10	10	85	0	0.53995	0.57412	0.1006	80.41	-3.44	67.06
577	10	0	85	0	0.58673	0.65009	0.11158	84.49	-9.44	70.6
504	10	100	70	0	0.25897	0.1385	0.03766	44.02	63.91	32.01
503	10	85	70	0	0.28487	0.17897	0.05271	49.37	51.24	32.76
502	10	70	70	0	0.32173	0.23277	0.06972	55.36	39.23	35.27
501	10	55	70	0	0.36717	0.30012	0.08757	61.66	27.65	39.22
500	10	40	70	0	0.42002	0.3808	0.10721	68.08	16.61	43.67
499	10	30	70	0	0.45957	0.4424	0.12179	72.39	9.58	46.7
498	10	20	70	0	0.50328	0.50973	0.13653	76.66	3.17	49.97
497	10	10	70	0	0.55157	0.58397	0.15276	80.96	-2.87	53.19
496	10	0	70	0	0.59912	0.66088	0.16998	85.04	-8.86	56.09
849	10	100	40	20	0.16469	0.08915	0.05008	35.82	54.06	10.75
848	10	70	40	20	0.20985	0.15421	0.091	46.21	32.63	11.34
847	10	40	40	20	0.2777	0.2523	0.14257	57.3	14.25	14.99
846	10	20	40	20	0.33182	0.33436	0.18047	64.51	3.35	18.32
845	10	10	40	20	0.36237	0.38095	0.20109	68.09	-1.64	20.06
844	10	0	40	20	0.39431	0.43073	0.22352	71.6	-6.48	21.64
675	20	100	100	0	0.21196	0.11792	0.01978	40.88	56.57	40.41
674	20	85	100	0	0.23458	0.15197	0.02442	45.9	45.31	44.87
673	20	70	100	0	0.26501	0.19848	0.02997	51.66	33.43	50.43
672	20	55	100	0	0.30201	0.25732	0.03658	57.78	21.53	56.43
671	20	40	100	0	0.34542	0.32711	0.04393	63.93	10.6	62.57
670	20	30	100	0	0.37762	0.37998	0.04923	68.02	3.66	66.71
669	20	20	100	0	0.41309	0.43704	0.05463	72.03	-2.51	70.87
668	20	10	100	0	0.44892	0.49741	0.06037	75.91	-8.64	74.82
667	20	0	100	0	0.4878	0.56353	0.06638	79.81	-14.59	78.86
594	20	100	85	0	0.21388	0.11796	0.02693	40.89	57.45	34.18
593	20	85	85	0	0.23645	0.15383	0.03659	46.15	45.05	36.38
592	20	70	85	0	0.2676	0.20027	0.046	51.87	33.61	40.61
591	20	55	85	0	0.30567	0.25987	0.05712	58.02	21.86	45.51
590	20	40	85	0	0.34952	0.33025	0.06937	64.18	10.9	50.63
589	20	30	85	0	0.38285	0.38417	0.07845	68.33	4.02	54.11
588	20	20	85	0	0.41919	0.44251	0.08779	72.4	-2.24	57.64
587	20	10	85	0	0.45557	0.50358	0.09768	76.29	-8.36	60.92
586	20	0	85	0	0.49561	0.57068	0.10822	80.22	-14.21	64.28
513	20	100	70	0	0.21701	0.11857	0.03757	40.99	58.5	26.84
512	20	85	70	0	0.24064	0.15566	0.05183	46.4	45.83	28.09
511	20	70	70	0	0.27254	0.20383	0.06824	52.27	33.88	30.57
510	20	55	70	0	0.31203	0.2644	0.08541	58.45	22.36	34.46
509	20	40	70	0	0.35776	0.3363	0.10432	64.67	11.58	38.71
508	20	30	70	0	0.392	0.39126	0.11831	68.84	4.7	41.6
507	20	20	70	0	0.42914	0.45063	0.13252	72.93	-1.58	44.62
506	20	10	70	0	0.46717	0.51319	0.14815	76.87	-7.6	47.3
505	20	0	70	0	0.50801	0.58117	0.16468	80.8	-13.42	50.03
855	20	100	40	20	0.14036	0.07748	0.04949	33.45	49.86	6.98
854	20	70	40	20	0.18094	0.13694	0.0892	43.79	28.54	7.82
853	20	40	40	20	0.24102	0.22574	0.13879	54.63	10.53	11.38
852	20	20	40	20	0.28846	0.29945	0.17547	61.61	-0.11	14.43
851	20	10	40	20	0.31463	0.34066	0.19594	65.02	-4.97	15.83
850	20	0	40	20	0.3426	0.38509	0.21753	68.39	-9.63	17.27
684	30	100	100	0	0.17466	0.09997	0.01975	37.84	50.85	35.18
683	30	85	100	0	0.19483	0.13096	0.02424	42.91	39.49	39.86
682	30	70	100	0	0.22	0.17169	0.02956	48.47	27.63	45.23
681	30	55	100	0	0.25101	0.22364	0.03592	54.41	15.76	51.04
680	30	40	100	0	0.28764	0.28492	0.04301	60.33	5.08	56.9
679	30	30	100	0	0.31497	0.33163	0.04816	64.29	-1.74	60.86
678	30	20	100	0	0.34326	0.38058	0.05346	68.06	-7.98	64.61
677	30	10	100	0	0.37368	0.43382	0.05899	71.81	-13.97	68.4
676	30	0	100	0	0.40532	0.49083	0.06466	75.5	-19.86	72.18
603	30	100	85	0	0.17716	0.10026	0.02698	37.89	51.97	28.96
602	30	85	85	0	0.19701	0.13254	0.03619	43.14	39.57	31.44
601	30	70	85	0	0.22298	0.17379	0.04516	48.73	27.88	35.68
600	30	55	85	0	0.25503	0.22642	0.05585	54.7	16.2	40.39
599	30	40	85	0	0.29228	0.28863	0.06764	60.66	5.44	45.3
598	30	30	85	0	0.32058	0.3363	0.07645	64.67	-1.32	48.59
597	30	20	85	0	0.34932	0.38582	0.08552	68.45	-7.56	51.66
596	30	10	85	0	0.3801	0.4395	0.095	72.2	-13.54	54.77
595	30	0	85	0	0.41301	0.49757	0.10498	75.92	-19.3	57.89
522	30	100	70	0	0.17916	0.10034	0.03726	37.9	52.98	21.72
521	30	85	70	0	0.20001	0.13369	0.05112	43.31	40.32	23.13
520	30	70	70	0	0.22798	0.17711	0.06684	49.14	28.39	25.78
519	30	55	70	0	0.26141	0.23082	0.08333	55.16	16.9	29.55
518	30	40	70	0	0.30046	0.29473	0.10148	61.2	6.23	33.64
517	30	30	70	0	0.32986	0.34354	0.11509	65.24	-0.49	36.36
516	30	20	70	0	0.36011	0.39449	0.12924	69.07	-6.63	38.87
515	30	10	70	0	0.3925	0.44964	0.14429	72.87	-12.49	41.38
514	30	0	70	0	0.42689	0.50913	0.16013	76.63	-18.17	43.91
861	40	100	40	20	0.09735	0.05661	0.04839	28.54	40.83	-0.9
860	40	70	40	20	0.12966	0.10567	0.08572	38.84	19.77	0.54
859	40	40	40	20	0.17459	0.17649	0.13189	49.07	2.4	3.65
858	40	20	40	20	0.21103	0.23571	0.16744	55.66	-7.54	6.02
857	40	10	40	20	0.23066	0.26835	0.18656	58.82	-12.12	7.17
856	40	0	40	20	0.25142	0.30331	0.20678	61.94	-16.51	8.29
693	40	100	100	0	0.14278	0.08437	0.01988	34.88	45.23	29.96
692	40	85	100	0	0.15885	0.11143	0.0241	39.82	33.49	34.65
691	40	70	100	0	0.17933	0.14708	0.02916	45.23	21.48	39.94
690	40	55	100	0	0.20427	0.19209	0.03528	50.93	9.57	45.47
689	40	40	100	0	0.23469	0.24574	0.04215	56.66	-1	51.07
688	40	30	100	0	0.25729	0.28644	0.04726	60.47	-7.7	54.75
687	40	20	100	0	0.28078	0.3292	0.05236	64.1	-13.83	58.33
686	40	10	100	0	0.30515	0.37485	0.05755	67.64	-19.78	61.88
685	40	0	100	0	0.33032	0.42351	0.06288	71.11	-25.63	65.4
612	40	100	85	0	0.14438	0.08432	0.02694	34.87	46.25	23.78
611	40	85	85	0	0.16099	0.11285	0.03579	40.06	33.7	26.38
610	40	70	85	0	0.18227	0.14896	0.04434	45.49	21.9	30.55
609	40	55	85	0	0.20828	0.19488	0.05461	51.25	10.12	35.06
608	40	40	85	0	0.23952	0.24952	0.06604	57.03	-0.47	39.72
607	40	30	85	0	0.26303	0.29106	0.07475	60.88	-7.08	42.72
606	40	20	85	0	0.28709	0.33443	0.08346	64.52	-13.18	45.64
605	40	10	85	0	0.31237	0.38097	0.09256	68.09	-19.06	48.53
604	40	0	85	0	0.33893	0.43079	0.10201	71.61	-24.75	51.42
531	40	100	70	0	0.14556	0.08405	0.03698	34.81	47.21	16.57
530	40	85	70	0	0.16335	0.1136	0.05031	40.18	34.5	18.15
529	40	70	70	0	0.18704	0.15195	0.06542	45.9	22.62	20.81
528	40	55	70	0	0.2144	0.19908	0.08121	51.73	10.97	24.44
527	40	40	70	0	0.24734	0.25531	0.09879	57.59	0.5	28.31
526	40	30	70	0	0.27222	0.29811	0.11229	61.49	-6	30.74
525	40	20	70	0	0.29769	0.3428	0.12589	65.18	-12	33.11
524	40	10	70	0	0.32455	0.39077	0.14033	68.81	-17.74	35.41
523	40	0	70	0	0.35309	0.44242	0.15552	72.39	-23.28	37.73
867	70	100	40	20	0.04973	0.03321	0.04694	21.28	25.41	-12.63
866	70	70	40	20	0.06944	0.067	0.07941	31.11	4.95	-10.42
865	70	40	40	20	0.09509	0.11454	0.12075	40.33	-11.81	-8.26
864	70	20	40	20	0.1151	0.15266	0.1511	46	-21.04	-6.68
863	70	10	40	20	0.12604	0.17369	0.1672	48.72	-25.22	-5.88
862	70	0	40	20	0.13769	0.19611	0.18437	51.39	-29.15	-5.16
702	55	100	100	0	0.10216	0.06447	0.02	30.51	36.1	22.31
701	55	85	100	0	0.11282	0.08616	0.02381	35.23	23.72	26.99
700	55	70	100	0	0.1272	0.11497	0.02859	40.4	11.41	32.05
699	55	55	100	0	0.14591	0.15194	0.03446	45.9	-0.36	37.34
698	55	40	100	0	0.16831	0.19549	0.0412	51.32	-10.75	42.43
697	55	30	100	0	0.18509	0.22859	0.04602	54.93	-17.29	45.88
696	55	20	100	0	0.20148	0.26233	0.05069	58.26	-23.37	49.12
695	55	10	100	0	0.21891	0.29867	0.05549	61.54	-29.2	52.36
694	55	0	100	0	0.23698	0.33744	0.06051	64.76	-34.91	55.53
621	55	100	85	0	0.10207	0.06363	0.02677	30.31	36.91	16.06
620	55	85	85	0	0.11476	0.08721	0.03508	35.44	24.22	18.89
619	55	70	85	0	0.1299	0.11662	0.04312	40.67	12.03	22.94
618	55	55	85	0	0.1496	0.15452	0.05293	46.25	0.37	27.26
617	55	40	85	0	0.17329	0.19924	0.06421	51.75	-9.87	31.43
616	55	30	85	0	0.19091	0.2331	0.07244	55.39	-16.3	34.2
615	55	20	85	0	0.20853	0.26798	0.08062	58.79	-22.23	36.83
614	55	10	85	0	0.22721	0.30553	0.08916	62.13	-27.93	39.45
613	55	0	85	0	0.24657	0.34542	0.09809	65.39	-33.46	41.99
540	55	100	70	0	0.10295	0.06341	0.03656	30.26	37.82	8.98
539	55	85	70	0	0.11668	0.08787	0.04912	35.57	25.02	10.82
538	55	70	70	0	0.13434	0.11929	0.06328	41.1	13.07	13.48
537	55	55	70	0	0.15547	0.15841	0.07837	46.77	1.6	16.97
536	55	40	70	0	0.18102	0.20482	0.09585	52.38	-8.43	20.31
535	55	30	70	0	0.20005	0.23997	0.10862	56.08	-14.71	22.55
534	55	20	70	0	0.21949	0.27652	0.12157	59.57	-20.45	24.67
533	55	10	70	0	0.23961	0.31539	0.13515	62.96	-25.99	26.71
532	55	0	70	0	0.26128	0.35738	0.14954	66.32	-31.27	28.75
873	100	100	40	20	0.02398	0.02025	0.04598	15.62	9.67	-21.87
872	100	70	40	20	0.03161	0.04094	0.07311	23.98	-12.31	-20.23
871	100	40	40	20	0.04559	0.07351	0.11158	32.59	-28.65	-18.87
870	100	20	40	20	0.05676	0.09965	0.13897	37.78	-37.31	-17.72
869	100	10	40	20	0.06264	0.11361	0.15344	40.18	-41.16	-17.29
868	100	0	40	20	0.0687	0.12803	0.16848	42.47	-44.72	-16.97
711	70	100	100	0	0.06866	0.04784	0.01993	26.11	25.74	14.79
710	70	85	100	0	0.07567	0.06536	0.02352	30.73	12.66	19.47
709	70	70	100	0	0.08594	0.08886	0.02812	35.76	0.23	24.4
708	70	55	100	0	0.10051	0.12	0.03405	41.22	-11.31	29.54
707	70	40	100	0	0.11656	0.15515	0.0404	46.33	-21.44	34.3
706	70	30	100	0	0.12849	0.18162	0.0449	49.69	-27.77	37.47
705	70	20	100	0	0.14016	0.20876	0.04932	52.81	-33.71	40.45
704	70	10	100	0	0.15197	0.23738	0.05392	55.82	-39.51	43.28
703	70	0	100	0	0.16449	0.26805	0.05868	58.79	-45.08	46.1
630	70	100	85	0	0.06853	0.04719	0.02658	25.92	26.43	8.63
629	70	85	85	0	0.07738	0.06616	0.03436	30.92	13.45	11.57
628	70	70	85	0	0.08845	0.0903	0.04211	36.04	1.17	15.55
627	70	55	85	0	0.10418	0.12246	0.05193	41.6	-10.15	19.77
626	70	40	85	0	0.12172	0.15899	0.06264	46.84	-20.04	23.66
625	70	30	85	0	0.1346	0.18634	0.07039	50.26	-26.22	26.2
624	70	20	85	0	0.14743	0.21461	0.07813	53.45	-31.99	28.59
623	70	10	85	0	0.16121	0.24509	0.08623	56.59	-37.45	30.96
622	70	0	85	0	0.17483	0.27674	0.0947	59.59	-42.84	33.14
549	70	100	70	0	0.06934	0.04702	0.03612	25.87	27.46	1.7
548	70	85	70	0	0.07909	0.06669	0.04792	31.04	14.48	3.66
547	70	70	70	0	0.09221	0.0924	0.06143	36.44	2.6	6.29
546	70	55	70	0	0.10949	0.12587	0.07646	42.13	-8.46	9.73
545	70	40	70	0	0.12863	0.16384	0.09303	47.47	-18.11	12.82
544	70	30	70	0	0.14296	0.19253	0.10513	50.98	-24.08	14.85
543	70	20	70	0	0.15735	0.22225	0.11735	54.27	-29.64	16.75
542	70	10	70	0	0.17244	0.25392	0.13025	57.46	-34.92	18.56
541	70	0	70	0	0.18852	0.28787	0.14379	60.59	-39.94	20.35
879	0	100	70	20	0.18743	0.10127	0.02721	38.07	56.58	29.09
878	0	70	70	20	0.23368	0.16808	0.0492	48.02	35.8	32.24
877	0	40	70	20	0.30041	0.26737	0.07406	58.73	16.85	39.3
876	0	20	70	20	0.3561	0.35303	0.09355	65.98	5.35	44.56
875	0	10	70	20	0.3872	0.40125	0.10413	69.56	0.1	47.2
874	0	0	70	20	0.42047	0.45365	0.11531	73.13	-5.03	49.89
720	85	100	100	0	0.04403	0.03576	0.01995	22.22	13.98	8.06
719	85	85	100	0	0.04877	0.0502	0.02341	26.79	0.47	12.78
718	85	70	100	0	0.05727	0.07097	0.02823	32.03	-11.93	17.88
717	85	55	100	0	0.06729	0.09599	0.03367	37.11	-23.08	22.72
716	85	40	100	0	0.07847	0.12449	0.03966	41.92	-32.99	27.15
715	85	30	100	0	0.08702	0.14609	0.04397	45.09	-39.06	30.08
714	85	20	100	0	0.09489	0.16777	0.04819	47.98	-44.93	32.71
713	85	10	100	0	0.103	0.19072	0.05253	50.77	-50.57	35.27
712	85	0	100	0	0.11157	0.2152	0.05696	53.51	-55.98	37.81
639	85	100	85	0	0.04392	0.03515	0.02645	22	14.78	1.99
638	85	85	85	0	0.05016	0.05067	0.03386	26.93	1.63	5.03
637	85	70	85	0	0.05953	0.07215	0.04185	32.29	-10.53	9.23
636	85	55	85	0	0.07053	0.09802	0.05094	37.48	-21.43	13.17
635	85	40	85	0	0.08315	0.12791	0.06109	42.45	-31.02	16.79
634	85	30	85	0	0.09252	0.15027	0.06848	45.67	-36.92	19.1
633	85	20	85	0	0.10179	0.17333	0.07583	48.68	-42.47	21.26
632	85	10	85	0	0.11154	0.19793	0.08348	51.6	-47.77	23.37
631	85	0	85	0	0.12105	0.22328	0.0914	54.37	-52.97	25.28
558	85	100	70	0	0.04464	0.03489	0.0353	21.9	16.15	-4.59
557	85	85	70	0	0.05166	0.05098	0.04649	27.01	3.09	-2.51
556	85	70	70	0	0.06083	0.07191	0.05964	32.24	-8.88	-0.14
555	85	55	70	0	0.07288	0.09881	0.07371	37.63	-19.75	3.06
554	85	40	70	0	0.0863	0.12933	0.08922	42.66	-29.2	5.86
553	85	30	70	0	0.09624	0.15223	0.10037	45.94	-35.04	7.7
552	85	20	70	0	0.10632	0.17605	0.11163	49.01	-40.46	9.42
551	85	10	70	0	0.11691	0.2013	0.12367	51.98	-45.56	10.98
550	85	0	70	0	0.12827	0.22882	0.13617	54.95	-50.58	12.63
885	10	100	70	20	0.1608	0.08853	0.02703	35.7	52.37	25.14
884	10	70	70	20	0.20144	0.14903	0.04811	45.5	31.59	28.48
883	10	40	70	20	0.2596	0.23855	0.07214	55.94	12.77	35.27
882	10	20	70	20	0.308	0.31505	0.09094	62.93	1.57	40.2
881	10	10	70	20	0.33501	0.35808	0.10116	66.37	-3.55	42.67
880	10	0	70	20	0.36308	0.40413	0.11198	69.76	-8.61	45.09
729	100	100	100	0	0.02649	0.02717	0.0201	18.87	0.56	2.15
728	100	85	100	0	0.03098	0.04079	0.02392	23.93	-13.16	7.41
727	100	70	100	0	0.03658	0.05777	0.02836	28.84	-25.28	12.3
726	100	55	100	0	0.04319	0.07805	0.03337	33.57	-36.11	16.83
725	100	40	100	0	0.05096	0.10159	0.03912	38.13	-45.66	20.94
724	100	30	100	0	0.05679	0.11929	0.04322	41.1	-51.6	23.62
723	100	20	100	0	0.06202	0.13691	0.0472	43.79	-57.37	26.02
722	100	10	100	0	0.06733	0.15532	0.05123	46.35	-62.87	28.31
721	100	0	100	0	0.07292	0.17477	0.05541	48.86	-68.11	30.53
648	100	100	85	0	0.02644	0.02646	0.02596	18.57	1.78	-3.54
647	100	85	85	0	0.03057	0.03934	0.03344	23.45	-11.81	-0.68
646	100	70	85	0	0.03664	0.05665	0.04091	28.55	-23.92	3.34
645	100	55	85	0	0.04385	0.0775	0.04943	33.46	-34.71	7.02
644	100	40	85	0	0.05198	0.10134	0.0587	38.08	-44.23	10.38
643	100	30	85	0	0.05816	0.11924	0.06559	41.1	-50.01	12.45
642	100	20	85	0	0.06431	0.13799	0.07238	43.94	-55.61	14.49
641	100	10	85	0	0.07076	0.15795	0.07941	46.7	-60.94	16.46
640	100	0	85	0	0.07691	0.17784	0.08678	49.23	-65.95	18.07
567	100	100	70	0	0.02725	0.02611	0.03438	18.41	3.96	-10
566	100	85	70	0	0.0318	0.03926	0.04559	23.42	-9.59	-8.2
565	100	70	70	0	0.03795	0.05626	0.05813	28.45	-21.5	-5.96
564	100	55	70	0	0.04599	0.07791	0.07134	33.54	-32.21	-3.02
563	100	40	70	0	0.05485	0.10229	0.08564	38.25	-41.54	-0.45
562	100	30	70	0	0.06152	0.12062	0.09602	41.31	-47.25	1.18
561	100	20	70	0	0.068	0.13939	0.10619	44.15	-52.68	2.73
560	100	10	70	0	0.0751	0.1598	0.11726	46.95	-57.8	4.17
559	100	0	70	0	0.08267	0.18146	0.12894	49.67	-62.59	5.51
891	20	100	70	20	0.13661	0.07685	0.02685	33.32	48.08	21.18
890	20	70	70	20	0.17204	0.13146	0.04708	42.98	27.25	24.7
889	20	40	70	20	0.22231	0.21167	0.07035	53.13	8.61	31.17
888	20	20	70	20	0.26412	0.2799	0.0885	59.88	-2.35	35.81
887	20	10	70	20	0.28685	0.31775	0.09843	63.16	-7.41	38.03
886	20	0	70	20	0.31105	0.35861	0.10885	66.41	-12.32	40.28
1050	0	100	100	40	0.10696	0.06051	0.01137	29.54	43.95	30.57
1049	0	70	100	40	0.13228	0.09705	0.01532	37.31	28.11	38.95
1048	0	40	100	40	0.16902	0.153	0.02129	46.04	12.4	47.87
1047	0	20	100	40	0.19661	0.19777	0.02563	51.58	2.98	53.65
1046	0	0	100	40	0.22517	0.2463	0.02997	56.71	-5.51	59.13
1025	0	100	70	40	0.10756	0.06	0.01857	29.41	44.95	21.83
1024	0	70	70	40	0.13521	0.09922	0.03179	37.7	28.29	25.04
1023	0	40	70	40	0.17148	0.15433	0.04623	46.22	12.98	30.75
1022	0	20	70	40	0.20203	0.20184	0.05779	52.05	3.68	34.88
1021	0	0	70	40	0.23693	0.25719	0.07091	57.77	-4.8	38.93
1000	0	100	40	40	0.11202	0.06131	0.03326	29.74	46.81	10.29
999	0	70	40	40	0.13972	0.10192	0.0577	38.19	29.06	11.03
998	0	40	40	40	0.18316	0.16346	0.08911	47.42	14.04	14.11
997	0	20	40	40	0.21647	0.21353	0.11173	53.33	5.03	16.84
996	0	0	40	40	0.25504	0.27241	0.13732	59.2	-3.16	19.64
975	0	100	20	40	0.11424	0.06162	0.04714	29.82	48.08	1.97
974	0	70	20	40	0.1478	0.10732	0.08273	39.12	29.98	2.13
973	0	40	20	40	0.19261	0.17078	0.12705	48.36	14.87	3.77
972	0	20	20	40	0.22945	0.22406	0.16073	54.46	6.15	5.54
971	0	0	20	40	0.27131	0.28584	0.19706	60.41	-1.73	7.67
950	0	100	0	40	0.11578	0.06137	0.06413	29.76	49.45	-6.46
949	0	70	0	40	0.15412	0.11127	0.11199	39.79	30.86	-6.58
948	0	40	0	40	0.20582	0.18103	0.17311	49.62	15.97	-5.7
947	0	20	0	40	0.24619	0.23771	0.21893	55.86	7.47	-4.62
1357	0	0	0	40	0.29076	0.30169	0.26819	61.8	-0.05	-3.37
1405	100	0	0	70	0.02318	0.03373	0.0673	21.48	-17.24	-22.11
1399	100	85	85	100	0.00677	0.00781	0.00696	7.05	-3.07	-0.98
897	40	100	70	20	0.09404	0.05602	0.02645	28.39	38.83	12.99
896	40	70	70	20	0.12066	0.10001	0.04529	37.84	18.01	16.83
895	40	40	70	20	0.1565	0.16304	0.06703	47.37	-0.41	22.65
894	40	20	70	20	0.18753	0.21714	0.08453	53.72	-10.84	26.63
893	40	10	70	20	0.20405	0.24684	0.09379	56.77	-15.69	28.58
892	40	0	70	20	0.22168	0.27891	0.10352	59.79	-20.38	30.55
1055	20	100	100	40	0.07997	0.04717	0.01116	25.91	37.39	24.61
1054	20	70	100	40	0.09784	0.07654	0.015	33.25	20.92	32.33
1053	20	40	100	40	0.12505	0.12127	0.02064	41.42	5.6	40.51
1052	20	20	100	40	0.14486	0.15599	0.02466	46.44	-3.35	45.6
1051	20	0	100	40	0.16597	0.19466	0.02874	51.23	-11.64	50.59
1030	20	100	70	40	0.08193	0.04761	0.0185	26.04	38.6	16.09
1029	20	70	70	40	0.10161	0.07902	0.03046	33.78	21.6	19.23
1028	20	40	70	40	0.12924	0.12415	0.04424	41.87	6.45	24.36
1027	20	20	70	40	0.15224	0.16222	0.05504	47.26	-2.45	27.97
1026	20	0	70	40	0.1777	0.20562	0.06674	52.47	-10.58	31.56
1005	20	100	40	40	0.08472	0.0483	0.03269	26.24	40.2	4.66
1004	20	70	40	40	0.1085	0.08367	0.05661	34.74	22.7	5.6
1003	20	40	40	40	0.14184	0.13379	0.08507	43.33	8.22	8.51
1002	20	20	40	40	0.16787	0.17484	0.10636	48.86	-0.39	10.81
1001	20	0	40	40	0.19739	0.22233	0.13011	54.27	-8.22	13.12
980	20	100	20	40	0.0864	0.04839	0.04596	26.27	41.54	-3.5
979	20	70	20	40	0.11518	0.08801	0.08034	35.6	23.84	-3.05
978	20	40	20	40	0.15297	0.14243	0.12212	44.58	9.56	-1.34
977	20	20	20	40	0.18181	0.18577	0.15286	50.19	1.42	0.11
976	20	0	20	40	0.2141	0.23588	0.18694	55.67	-6.16	1.65
955	20	100	0	40	0.0906	0.04981	0.06408	26.68	43.34	-11.74
954	20	70	0	40	0.1215	0.09179	0.10926	36.33	25.13	-11.72
953	20	40	0	40	0.16165	0.14852	0.16421	45.43	10.91	-10.85
952	20	20	0	40	0.19276	0.19383	0.2051	51.13	2.99	-10
951	20	0	0	40	0.22915	0.24729	0.25175	56.81	-4.13	-9.1
1406	0	100	0	70	0.04304	0.02467	0.02715	17.77	31.8	-5.86
1393	100	85	85	80	0.00775	0.00923	0.00842	8.33	-4.63	-1.43
903	70	100	70	20	0.04695	0.03283	0.02607	21.14	22.49	0.82
902	70	70	70	20	0.06211	0.06293	0.04305	30.14	1.55	4.82
901	70	40	70	20	0.0859	0.10907	0.06406	39.42	-15.58	10.24
900	70	20	70	20	0.10385	0.14622	0.0801	45.11	-25.52	13.45
899	70	10	70	20	0.11354	0.16675	0.08875	47.85	-30.13	14.97
898	70	0	70	20	0.12375	0.18857	0.09781	50.52	-34.51	16.45
1060	40	100	100	40	0.05626	0.03532	0.01102	22.06	29.88	18.17
1059	40	70	100	40	0.06891	0.05886	0.01475	29.12	12.99	25.5
1058	40	40	100	40	0.08769	0.0934	0.02006	36.63	-2.01	32.81
1057	40	20	100	40	0.10174	0.12063	0.02389	41.32	-10.78	37.41
1056	40	0	100	40	0.11762	0.15198	0.02783	45.9	-18.85	42.11
1035	40	100	70	40	0.05802	0.03576	0.01829	22.22	31.21	9.72
1034	40	70	70	40	0.0727	0.0612	0.02949	29.71	14.19	12.94
1033	40	40	70	40	0.09303	0.09748	0.04254	37.39	-0.78	17.61
1032	40	20	70	40	0.11048	0.1282	0.05288	42.49	-9.26	20.81
1031	40	0	70	40	0.12945	0.16289	0.06383	47.35	-17.04	24.01
1010	40	100	40	40	0.05977	0.03601	0.0319	22.3	32.78	-1.59
1009	40	70	40	40	0.0804	0.06665	0.05528	31.03	15.72	-0.14
1008	40	40	40	40	0.10555	0.10712	0.0817	39.09	1.72	2.46
1007	40	20	40	40	0.12586	0.14073	0.10221	44.34	-6.44	4.34
1006	40	0	40	40	0.14805	0.17861	0.12455	49.33	-13.84	6.15
985	40	100	20	40	0.06297	0.03706	0.04579	22.68	34.65	-9.6
984	40	70	20	40	0.08513	0.06929	0.07768	31.64	17.28	-8.83
983	40	40	20	40	0.11291	0.11213	0.11482	39.94	3.51	-7.19
982	40	20	20	40	0.13529	0.14739	0.14435	45.28	-4.3	-6.21
981	40	0	20	40	0.15784	0.18483	0.1741	50.08	-11.29	-5.14
960	40	100	0	40	0.06574	0.0378	0.06255	22.93	36.45	-17.52
959	40	70	0	40	0.09001	0.07187	0.10417	32.23	18.93	-17.17
958	40	40	0	40	0.11951	0.11607	0.15295	40.58	5.39	-16.47
957	40	20	0	40	0.1459	0.15475	0.19369	46.28	-2	-16
956	40	0	0	40	0.17314	0.19638	0.23559	51.43	-8.54	-15.44
1407	0	0	100	70	0.07661	0.08421	0.01363	34.84	-4.2	36.73
1387	100	85	85	60	0.01043	0.01282	0.01158	11.15	-6.47	-1.42
909	100	100	70	20	0.02071	0.01969	0.02591	15.32	3.97	-9.09
908	100	70	70	20	0.02684	0.03956	0.04083	23.52	-18.84	-5.28
907	100	40	70	20	0.03835	0.07027	0.0593	31.87	-35.65	-0.62
906	100	20	70	20	0.04695	0.0946	0.07309	36.85	-45.24	1.98
905	100	10	70	20	0.05166	0.10792	0.08054	39.23	-49.55	3.14
904	100	0	70	20	0.05657	0.12182	0.08835	41.5	-53.57	4.18
1065	70	100	100	40	0.02941	0.02183	0.01096	16.42	16.49	8.54
1064	70	70	100	40	0.0362	0.03797	0.01447	22.99	-0.64	15.26
1063	70	40	100	40	0.0472	0.06244	0.01953	30.02	-15.45	21.92
1062	70	20	100	40	0.05556	0.08194	0.02319	34.38	-24.05	26.06
1061	70	0	100	40	0.06515	0.10454	0.02706	38.65	-31.89	30.2
1040	70	100	70	40	0.03004	0.02177	0.01793	16.39	17.71	0.04
1039	70	70	70	40	0.03973	0.04058	0.02852	23.86	0.89	3.58
1038	70	40	70	40	0.05386	0.06806	0.04144	31.36	-13.01	7.87
1037	70	20	70	40	0.06423	0.08985	0.05117	35.95	-21.26	10.42
1036	70	0	70	40	0.07563	0.11439	0.0617	40.31	-28.68	12.83
1015	70	100	40	40	0.03233	0.02231	0.03149	16.66	20.47	-11.03
1014	70	70	40	40	0.04457	0.0433	0.05099	24.73	3.86	-8.84
1013	70	40	40	40	0.05965	0.07158	0.07568	32.16	-9.86	-7.15
1012	70	20	40	40	0.07056	0.09301	0.09278	36.56	-17.41	-5.91
1011	70	0	40	40	0.08224	0.11643	0.11061	40.64	-24.06	-4.69
990	70	100	20	40	0.0344	0.02278	0.04419	16.88	22.87	-18.69
989	70	70	20	40	0.04725	0.04412	0.07036	24.99	6.3	-17.36
988	70	40	20	40	0.06557	0.07513	0.10603	32.95	-6.89	-16.53
987	70	20	20	40	0.07903	0.099	0.13173	37.66	-14.11	-15.97
986	70	0	20	40	0.09221	0.12337	0.15665	41.75	-20.26	-15.38
965	70	100	0	40	0.03564	0.02266	0.05842	16.82	25.07	-26.15
964	70	70	0	40	0.05002	0.04483	0.09269	25.21	8.86	-25.45
963	70	40	0	40	0.07266	0.07922	0.14233	33.82	-3.55	-25.43
962	70	20	0	40	0.08861	0.10497	0.17698	38.72	-10.23	-25.37
961	70	0	0	40	0.10501	0.13227	0.21233	43.1	-15.98	-25.3
1408	100	100	0	70	0.01038	0.00845	0.02458	7.63	8.56	-21.25
1400	80	65	65	100	0.00819	0.00919	0.00869	8.3	-2.71	-1.95
915	0	100	100	20	0.18401	0.1011	0.01542	38.04	54.94	40.1
914	0	70	100	20	0.22927	0.16457	0.02225	47.57	35.76	49.63
913	0	40	100	20	0.29417	0.26308	0.03199	58.33	16.22	60.47
912	0	20	100	20	0.34628	0.34523	0.03938	65.38	4.65	67.76
911	0	10	100	20	0.37436	0.39005	0.0432	68.76	-0.56	71.31
910	0	0	100	20	0.40401	0.43841	0.04713	72.12	-5.69	74.91
1070	100	100	100	40	0.01317	0.0136	0.01102	11.69	0.18	0.29
1069	100	70	100	40	0.01905	0.02701	0.01435	18.8	-14.86	8.2
1068	100	40	100	40	0.02409	0.04408	0.01918	24.98	-30.45	13.57
1067	100	20	100	40	0.02837	0.05833	0.0231	28.99	-39.56	16.84
1066	100	0	100	40	0.03358	0.07505	0.02753	32.93	-47.62	19.98
1045	100	100	70	40	0.01475	0.01408	0.01818	12.01	3.37	-7.77
1044	100	70	70	40	0.01823	0.02624	0.0272	18.47	-15.37	-4.69
1043	100	40	70	40	0.02538	0.04508	0.03848	25.29	-29.23	-0.81
1042	100	20	70	40	0.03053	0.05959	0.0468	29.31	-37.11	1.28
1041	100	0	70	40	0.0362	0.07534	0.05586	32.99	-43.76	2.96
1020	100	100	40	40	0.01725	0.01474	0.03133	12.44	8.17	-18.18
1019	100	70	40	40	0.02098	0.02682	0.04647	18.72	-10.07	-16.8
1018	100	40	40	40	0.02962	0.04689	0.06995	25.83	-23.7	-15.74
1017	100	20	40	40	0.03626	0.06237	0.08574	30	-30.77	-14.71
1016	100	0	40	40	0.04322	0.07869	0.1026	33.71	-36.65	-14.12
995	100	100	20	40	0.01872	0.01484	0.04263	12.51	11.52	-25.34
994	100	70	20	40	0.02465	0.02884	0.06731	19.57	-6.03	-25.4
993	100	40	20	40	0.03407	0.04889	0.09714	26.42	-18.76	-24.89
992	100	20	20	40	0.04174	0.06519	0.12041	30.69	-25.67	-24.8
991	100	0	20	40	0.05009	0.08235	0.14406	34.47	-30.97	-24.77
970	100	100	0	40	0.01962	0.01445	0.05466	12.25	14.72	-32.21
969	100	70	0	40	0.02856	0.03063	0.09121	20.29	-1.74	-33.41
968	100	40	0	40	0.04047	0.0525	0.13232	27.44	-13.45	-33.77
967	100	20	0	40	0.04943	0.06933	0.16191	31.65	-19.66	-34.05
966	100	0	0	40	0.05879	0.08716	0.19319	35.43	-24.9	-34.59
1409	100	0	100	70	0.01537	0.03108	0.01314	20.47	-31.37	12.57
1394	80	65	65	80	0.01286	0.0146	0.01321	12.35	-3.65	-1.52
921	10	100	100	20	0.15767	0.08827	0.01529	35.65	50.79	36.13
920	10	70	100	20	0.19613	0.14514	0.02192	44.96	31.29	45.44
919	10	40	100	20	0.25282	0.23386	0.03143	55.47	11.98	55.93
918	10	20	100	20	0.29712	0.30591	0.03852	62.16	0.82	62.75
917	10	10	100	20	0.32122	0.3457	0.0422	65.41	-4.3	66.13
916	10	0	100	20	0.34675	0.38913	0.04608	68.69	-9.47	69.57
1175	0	100	100	60	0.05759	0.03386	0.0082	21.53	33.68	21.71
1174	0	70	100	60	0.07137	0.05353	0.01042	27.72	21.49	28.81
1173	0	40	100	60	0.09042	0.08273	0.01381	34.54	9.3	35.99
1172	0	20	100	60	0.10285	0.1041	0.01603	38.57	1.92	40.31
1171	0	0	100	60	0.11374	0.12495	0.01797	41.99	-4.75	44.13
1150	0	100	70	60	0.05799	0.03378	0.01234	21.5	34.26	15.38
1149	0	70	70	60	0.07245	0.05412	0.01931	27.88	21.86	18.45
1148	0	40	70	60	0.08979	0.08141	0.02666	34.28	9.93	22.98
1147	0	20	70	60	0.10484	0.1052	0.03276	38.76	2.61	26.19
1146	0	0	70	60	0.12204	0.13273	0.0399	43.17	-4.01	29.16
1125	0	100	40	60	0.06262	0.03565	0.02124	22.18	36.42	6.77
1124	0	70	40	60	0.07429	0.05507	0.03288	28.13	22.53	7.78
1123	0	40	40	60	0.09626	0.08629	0.04915	35.26	11	10.27
1122	0	20	40	60	0.11159	0.1103	0.06002	39.63	3.87	12.43
1121	0	0	40	60	0.1298	0.13874	0.07269	44.05	-2.59	14.55
1100	0	100	20	60	0.06352	0.03566	0.02893	22.18	37.37	0.37
1099	0	70	20	60	0.0796	0.05851	0.04669	29.03	23.61	0.86
1098	0	40	20	60	0.10062	0.0895	0.06822	35.89	11.75	2.34
1097	0	20	20	60	0.11828	0.11572	0.08492	40.53	4.79	3.74
1096	0	0	20	60	0.13725	0.14468	0.10195	44.9	-1.42	5.39
1075	0	100	0	60	0.06189	0.03429	0.03717	21.69	37.75	-6.18
1074	0	70	0	60	0.08213	0.06002	0.0614	29.42	24.23	-5.81
1073	0	40	0	60	0.1076	0.09465	0.09142	36.86	12.86	-4.91
1072	0	20	0	60	0.12659	0.12213	0.11338	41.55	6.05	-3.97
1071	0	0	0	60	0.14655	0.15226	0.13652	45.94	-0.16	-3
1410	0	100	100	70	0.04059	0.02458	0.00698	17.73	28.57	17.39
1388	80	65	65	60	0.02091	0.02405	0.02106	17.48	-4.89	-1.15
927	20	100	100	20	0.13382	0.07662	0.01515	33.27	46.5	32.19
926	20	70	100	20	0.16627	0.12747	0.02161	42.38	26.67	41.26
925	20	40	100	20	0.21474	0.20607	0.03084	52.52	7.74	51.26
924	20	20	100	20	0.25266	0.27008	0.03769	58.98	-3.24	57.79
923	20	10	100	20	0.27316	0.30563	0.04131	62.14	-8.41	61.01
922	20	0	100	20	0.29498	0.34404	0.04504	65.28	-13.45	64.27
1180	20	100	100	60	0.04497	0.0277	0.00816	19.1	28.69	17.58
1179	20	70	100	60	0.05429	0.04341	0.0103	24.77	15.92	23.89
1178	20	40	100	60	0.06793	0.06641	0.01343	30.98	4.02	30.31
1177	20	20	100	60	0.07663	0.08283	0.01548	34.57	-2.98	34.04
1176	20	0	100	60	0.08566	0.1006	0.01747	37.95	-9.44	37.69
1155	20	100	70	60	0.04694	0.02851	0.01259	19.44	29.82	11.49
1154	20	70	70	60	0.05588	0.04416	0.01864	25	16.76	14.15
1153	20	40	70	60	0.06937	0.067	0.02583	31.11	4.88	18.2
1152	20	20	70	60	0.08068	0.08611	0.03151	35.22	-2.1	20.97
1151	20	0	70	60	0.09264	0.10716	0.03732	39.1	-8.48	23.74
1130	20	100	40	60	0.04908	0.02919	0.02097	19.72	31.34	2.78
1129	20	70	40	60	0.0605	0.0474	0.03329	25.98	17.73	3.78
1128	20	40	40	60	0.07604	0.07191	0.04735	32.24	6.5	6.03
1127	20	20	40	60	0.08841	0.09209	0.05779	36.38	-0.33	7.88
1126	20	0	40	60	0.10211	0.11496	0.06917	40.4	-6.57	9.72
1105	20	100	20	60	0.04903	0.02872	0.02813	19.53	32.12	-3.6
1104	20	70	20	60	0.06445	0.0499	0.04633	26.71	18.84	-2.95
1103	20	40	20	60	0.0827	0.0771	0.06694	33.37	7.7	-1.46
1102	20	20	20	60	0.09575	0.09784	0.0816	37.45	1.15	-0.33
1101	20	0	20	60	0.11036	0.1216	0.09756	41.47	-4.95	0.93
1080	20	100	0	60	0.05185	0.02974	0.03874	19.94	33.81	-10.18
1079	20	70	0	60	0.0676	0.05164	0.06152	27.2	19.97	-9.7
1078	20	40	0	60	0.08616	0.07913	0.08759	33.8	8.87	-8.83
1077	20	20	0	60	0.10024	0.1007	0.10672	37.97	2.49	-8.1
1076	20	0	0	60	0.11747	0.12695	0.12934	42.3	-3.42	-7.32
1411	40	40	0	70	0.04486	0.04348	0.05652	24.79	4.01	-11.5
1382	80	65	65	40	0.0335	0.03885	0.03331	23.29	-6.19	-0.87
933	40	100	100	20	0.09227	0.05611	0.01503	28.41	37.28	23.95
932	40	70	100	20	0.11472	0.09615	0.02116	37.14	16.86	32.65
931	40	40	100	20	0.14769	0.1561	0.02975	46.46	-1.69	41.61
930	40	20	100	20	0.17479	0.20643	0.03631	52.56	-12.52	47.59
929	40	10	100	20	0.18937	0.23415	0.03969	55.5	-17.54	50.54
928	40	0	100	20	0.20468	0.26397	0.04317	58.41	-22.47	53.5
1185	40	100	100	60	0.03262	0.02144	0.0081	16.23	22.79	12.74
1184	40	70	100	60	0.03922	0.03419	0.01018	21.65	9.66	18.7
1183	40	40	100	60	0.049	0.05246	0.01317	27.43	-1.98	24.52
1182	40	20	100	60	0.05535	0.06558	0.0152	30.78	-8.75	27.84
1181	40	0	100	60	0.06246	0.08044	0.01715	34.08	-15.03	31.35
1160	40	100	70	60	0.03438	0.02218	0.01249	16.59	24.08	6.72
1159	40	70	70	60	0.04074	0.03477	0.01822	21.86	10.96	9.17
1158	40	40	70	60	0.05136	0.05394	0.02515	27.83	-0.8	13.1
1157	40	20	70	60	0.05997	0.06948	0.03053	31.69	-7.45	15.58
1156	40	0	70	60	0.06887	0.08634	0.03592	35.27	-13.54	18.04
1135	40	100	40	60	0.03525	0.02225	0.02035	16.63	25.32	-1.96
1134	40	70	40	60	0.04665	0.03925	0.03321	23.42	12.27	-0.57
1133	40	40	40	60	0.05838	0.05931	0.0462	29.24	1.35	1.48
1132	40	20	40	60	0.06808	0.07604	0.05642	33.14	-5.17	2.95
1131	40	0	40	60	0.07835	0.09433	0.0672	36.8	-11.04	4.35
1110	40	100	20	60	0.03747	0.02306	0.02865	17.02	27.04	-8.32
1109	40	70	20	60	0.04903	0.04036	0.04541	23.79	13.72	-7.47
1108	40	40	20	60	0.06207	0.06166	0.06335	29.83	2.86	-5.99
1107	40	20	20	60	0.07295	0.0794	0.07836	33.86	-3.44	-5.28
1106	40	0	20	60	0.08267	0.09664	0.09171	37.23	-8.97	-4.38
1085	40	100	0	60	0.03929	0.02361	0.0385	17.28	28.6	-14.62
1084	40	70	0	60	0.0509	0.04109	0.05889	24.03	15.03	-13.95
1083	40	40	0	60	0.06421	0.06236	0.08157	30	4.39	-13.16
1082	40	20	0	60	0.0777	0.08245	0.10247	34.49	-1.66	-12.73
1081	40	0	0	60	0.09057	0.10283	0.1226	38.34	-6.96	-12.23
1412	40	0	40	70	0.05407	0.06497	0.04679	30.63	-9.62	3.56
1401	60	45	45	100	0.01015	0.01107	0.01074	9.85	-1.85	-2.47
939	70	100	100	20	0.04644	0.03334	0.01498	21.33	21	11.8
938	70	70	100	20	0.05668	0.05892	0.02049	29.14	-0.15	19.47
937	70	40	100	20	0.07623	0.1013	0.0287	38.07	-18.48	27.95
936	70	20	100	20	0.09102	0.13525	0.03469	43.54	-28.99	33.12
935	70	10	100	20	0.09907	0.15416	0.03788	46.2	-33.91	35.63
934	70	0	100	20	0.10751	0.17431	0.04118	48.8	-38.65	38.09
1190	70	100	100	60	0.0179	0.01392	0.00807	11.9	12.13	5.34
1189	70	70	100	60	0.02265	0.02404	0.01017	17.48	-1.11	11.52
1188	70	40	100	60	0.02808	0.03674	0.01304	22.56	-12.39	16.3
1187	70	20	100	60	0.03221	0.04675	0.01503	25.79	-19.09	19.42
1186	70	0	100	60	0.0368	0.05796	0.01698	28.89	-25.15	22.6
1165	70	100	70	60	0.01861	0.01415	0.01211	12.06	13.17	-0.59
1164	70	70	70	60	0.02423	0.02489	0.01813	17.87	0.47	2.37
1163	70	40	70	60	0.03165	0.03967	0.02523	23.56	-10.44	5.67
1162	70	20	70	60	0.03694	0.05107	0.03041	27.04	-16.95	7.65
1161	70	0	70	60	0.04249	0.06337	0.03578	30.25	-22.73	9.48
1140	70	100	40	60	0.02038	0.01469	0.0203	12.41	15.79	-9.18
1139	70	70	40	60	0.02715	0.02654	0.03079	18.6	2.98	-7.18
1138	70	40	40	60	0.03498	0.04164	0.04424	24.21	-7.78	-6.09
1137	70	20	40	60	0.04009	0.05228	0.05254	27.37	-13.74	-5.08
1136	70	0	40	60	0.04503	0.06302	0.06047	30.16	-18.91	-4.11
1115	70	100	20	60	0.02184	0.01511	0.028	12.68	17.86	-15.3
1114	70	70	20	60	0.02805	0.02635	0.0409	18.52	5	-13.95
1113	70	40	20	60	0.03804	0.04338	0.06033	24.76	-5.47	-13.35
1112	70	20	20	60	0.04484	0.05578	0.07357	28.32	-11.24	-12.93
1111	70	0	20	60	0.05034	0.06681	0.08433	31.07	-16.01	-12.35
1090	70	100	0	60	0.02225	0.0149	0.03594	12.55	19.31	-21.15
1089	70	70	0	60	0.02846	0.02575	0.05134	18.25	6.86	-20.19
1088	70	40	0	60	0.04133	0.0451	0.07856	25.29	-2.99	-20.13
1087	70	20	0	60	0.04956	0.05862	0.09628	29.06	-8.32	-20.04
1086	70	0	0	60	0.05707	0.0717	0.11219	32.19	-12.87	-19.75
1413	0	40	40	70	0.06674	0.0598	0.03486	29.36	9.77	8.56
1395	60	45	45	80	0.02097	0.02294	0.02118	16.96	-2.49	-2.17
945	100	100	100	20	0.01918	0.01941	0.0149	15.17	1.1	1.27
944	100	70	100	20	0.02804	0.04117	0.02053	24.06	-18.9	10.68
943	100	40	100	20	0.03664	0.06954	0.02815	31.7	-37.51	17.38
942	100	20	100	20	0.04369	0.09299	0.03419	36.55	-48.27	21.41
941	100	10	100	20	0.04767	0.10609	0.03747	38.91	-53.18	23.33
940	100	0	100	20	0.05178	0.11977	0.04085	41.18	-57.83	25.15
1195	100	100	100	60	0.00922	0.00972	0.00824	8.75	-0.57	-0.4
1194	100	70	100	60	0.01232	0.01713	0.01002	13.9	-12.01	5.58
1193	100	40	100	60	0.01528	0.0268	0.0128	18.71	-24.04	9.98
1192	100	20	100	60	0.0176	0.03444	0.01491	21.74	-31.01	12.59
1191	100	0	100	60	0.02024	0.04278	0.0171	24.57	-36.95	15.01
1170	100	100	70	60	0.01026	0.00996	0.01231	8.95	2.41	-6.21
1169	100	70	70	60	0.01231	0.01699	0.01771	13.82	-11.69	-4.16
1168	100	40	70	60	0.01629	0.02755	0.02386	19.03	-22.7	-0.98
1167	100	20	70	60	0.01911	0.0354	0.02831	22.09	-28.87	0.68
1166	100	0	70	60	0.02202	0.0434	0.03299	24.76	-33.85	1.9
1145	100	100	40	60	0.01205	0.01056	0.0204	9.45	6.32	-14.38
1144	100	70	40	60	0.01365	0.01702	0.02834	13.84	-7.67	-13.56
1143	100	40	40	60	0.01869	0.0286	0.04173	19.47	-18.58	-12.8
1142	100	20	40	60	0.02222	0.03688	0.04965	22.61	-24.15	-11.8
1141	100	0	40	60	0.02577	0.04516	0.05796	25.31	-28.56	-11.3
1120	100	100	20	60	0.01283	0.01057	0.02674	9.46	8.74	-19.87
1119	100	70	20	60	0.0158	0.01827	0.03998	14.55	-4.7	-20.23
1118	100	40	20	60	0.02094	0.02941	0.05607	19.81	-14.84	-19.87
1117	100	20	20	60	0.02479	0.03788	0.06716	22.96	-20.35	-19.5
1116	100	0	20	60	0.02895	0.04644	0.07816	25.69	-24.31	-19.28
1095	100	100	0	60	0.01285	0.01005	0.03245	9.03	10.67	-24.86
1094	100	70	0	60	0.01784	0.01913	0.05213	15.02	-1.48	-26.16
1093	100	40	0	60	0.02445	0.0314	0.07444	20.59	-10.83	-26.6
1092	100	20	0	60	0.02875	0.03988	0.08794	23.63	-15.77	-26.49
1091	100	0	0	60	0.03238	0.04753	0.09902	26.02	-19.8	-26.2
1	0	0	0	0	0.82056	0.84637	0.73091	93.73	0.86	-2.89
1389	60	45	45	60	0.03954	0.04344	0.03902	24.78	-3.35	-2.02
1390	40	27	27	60	0.06766	0.07212	0.06591	32.29	-1.89	-2.88
1397	20	12	12	80	0.04567	0.04786	0.04376	26.11	-0.62	-2.53
1381	10	6	6	20	0.41937	0.43562	0.38448	71.93	-0.2	-3.44
1262	0	100	0	100	0.01898	0.01221	0.01375	10.71	19.86	-5.02
1261	0	40	0	100	0.01657	0.01335	0.01318	11.52	10.39	-2.92
1260	0	0	0	100	0.01753	0.01806	0.01558	14.44	0.28	-0.78
1215	0	100	40	80	0.03432	0.02069	0.01386	15.84	27.21	3.69
1214	0	70	40	80	0.03595	0.02692	0.01718	18.77	17.18	4.93
1213	0	40	40	80	0.04497	0.04007	0.02372	23.69	8.88	7.17
1212	0	0	40	80	0.0566	0.06034	0.03204	29.5	-1.8	10.72
1199	0	100	0	80	0.03138	0.01864	0.02076	14.76	27.07	-5.57
1198	0	70	0	80	0.03903	0.02855	0.02972	19.45	18.85	-4.92
1197	0	40	0	80	0.04788	0.04132	0.04025	24.1	10.92	-3.93
1196	0	0	0	80	0.06057	0.0629	0.05631	30.13	-0.08	-2.19
1479	3	40	3	40	0.19778	0.17526	0.16487	48.92	15.06	-4.99
1480	40	40	3	40	0.11863	0.11561	0.14696	40.51	5.1	-15.09
1481	3	0	40	40	0.24596	0.26463	0.13623	58.47	-3.91	18.69
1482	0	3	40	40	0.24903	0.26309	0.13333	58.33	-1.97	19.22
1483	3	3	40	40	0.24027	0.25567	0.1323	57.62	-2.71	18.29
1484	40	3	40	40	0.14465	0.17271	0.12111	48.6	-12.77	5.88
1485	3	40	40	40	0.17667	0.15889	0.08853	46.83	13.18	13.29
1425	7	7	0	0	0.70389	0.71791	0.66057	87.87	2.5	-6.62
1426	7	0	7	0	0.73401	0.77129	0.63917	90.38	-2	-0.26
1427	0	7	7	0	0.75273	0.76025	0.60634	89.87	4.05	2.06
1428	7	7	7	0	0.68858	0.70557	0.59183	87.27	1.79	-0.97
1429	7	0	0	7	0.63996	0.67041	0.61371	85.52	-1.46	-6.16
1430	0	7	0	7	0.65636	0.66104	0.58173	85.05	4.28	-3.77
1431	7	7	0	7	0.60162	0.6148	0.56871	82.64	2.1	-6.6
1432	0	0	7	7	0.68492	0.71134	0.56157	87.55	-0.21	2.62
1433	7	0	7	7	0.62697	0.65996	0.55058	84.99	-2.15	-0.63
1434	0	7	7	7	0.64205	0.64989	0.52251	84.48	3.52	1.5
1435	7	7	7	7	0.58869	0.60437	0.51046	82.08	1.43	-1.32
1383	60	45	45	40	0.0685	0.07547	0.06669	33.02	-4.22	-1.95
1384	40	27	27	40	0.12422	0.13256	0.11974	43.15	-2.41	-3.12
1391	20	12	12	60	0.10381	0.10882	0.0988	39.38	-0.85	-3.09
1377	10	6	6	10	0.53404	0.554	0.48578	79.27	-0.03	-3.36
1265	40	100	0	100	0.01324	0.00939	0.01346	8.47	14.26	-8.52
1264	40	40	0	100	0.01181	0.01129	0.01466	10.03	3.09	-7.31
1263	40	0	0	100	0.0134	0.0156	0.01909	12.99	-4.72	-7.02
1219	40	100	40	80	0.02071	0.01396	0.01317	11.93	18.6	-2.2
1218	40	70	40	80	0.02522	0.02153	0.0186	16.27	9.33	-0.85
1217	40	40	40	80	0.02881	0.02923	0.02339	19.73	1.13	0.63
1216	40	0	40	80	0.03586	0.04302	0.03122	24.65	-8.3	2.94
1203	40	100	0	80	0.02277	0.01461	0.02278	12.36	21.21	-11.55
1202	40	70	0	80	0.02618	0.02134	0.02988	16.18	11.59	-10.69
1201	40	40	0	80	0.03025	0.02923	0.03789	19.73	3.68	-10.01
1200	40	0	0	80	0.04007	0.04574	0.05454	25.49	-5.63	-9.34
1461	0	3	40	3	0.6711	0.70211	0.32253	87.1	-1.29	31.53
1462	3	3	40	3	0.64417	0.67928	0.31931	85.97	-2.43	30.07
1463	40	3	40	3	0.36042	0.42931	0.28835	71.51	-17.02	10.01
1464	0	40	40	3	0.47868	0.41847	0.21039	70.77	21.92	22.78
1465	3	40	40	3	0.45902	0.4046	0.20855	69.8	20.6	21.48
1466	40	40	40	3	0.2539	0.2551	0.18695	57.57	3.37	4.92
1467	3	0	0	40	0.28116	0.29336	0.26573	61.08	-0.67	-4.19
1468	0	3	0	40	0.28383	0.29163	0.26058	60.93	1.03	-3.56
1469	3	3	0	40	0.27429	0.2833	0.25802	60.19	0.45	-4.39
1470	40	3	0	40	0.16899	0.18994	0.22919	50.68	-7.6	-15.52
1471	3	40	0	40	0.19915	0.17628	0.17204	49.04	15.2	-6.45
1472	0	0	3	40	0.28785	0.29937	0.25688	61.6	-0.31	-1.75
1473	3	0	3	40	0.27883	0.29153	0.25478	60.92	-0.9	-2.56
1474	40	0	3	40	0.1707	0.19455	0.22569	51.22	-8.97	-13.93
1475	0	3	3	40	0.28072	0.28903	0.24948	60.7	0.8	-2
1476	3	3	3	40	0.27213	0.28162	0.24753	60.03	0.23	-2.79
1477	40	3	3	40	0.16693	0.18847	0.21986	50.51	-8.01	-14.03
1478	0	40	3	40	0.20387	0.17953	0.16578	49.44	15.81	-4.31
1378	60	45	45	20	0.11029	0.12145	0.10599	41.45	-4.9	-1.86
1379	40	27	27	20	0.20693	0.22054	0.19697	54.08	-2.73	-3.23
1385	20	12	12	40	0.19926	0.20878	0.188	52.82	-1.01	-3.5
1368	100	85	85	0	0.03057	0.03934	0.03344	23.45	-11.81	-0.68
1268	100	100	0	100	0.00719	0.00632	0.0131	5.71	4.42	-12.84
1267	100	40	0	100	0.00907	0.01118	0.02122	9.94	-6.27	-14.3
1266	100	0	0	100	0.01137	0.01582	0.0275	13.12	-11.72	-14.15
1223	70	100	40	80	0.01291	0.00991	0.01308	8.91	11.34	-7.28
1222	70	70	40	80	0.01588	0.01564	0.01775	13.01	2.16	-5.6
1221	70	40	40	80	0.01905	0.02243	0.02419	16.72	-5.84	-5.26
1220	70	0	40	80	0.02238	0.03074	0.02996	20.34	-13.99	-3.57
1207	70	100	0	80	0.01397	0.01005	0.02153	9.04	13.96	-16.15
1206	70	70	0	80	0.01551	0.0142	0.02637	12.09	5.14	-15.04
1205	70	40	0	80	0.0215	0.02349	0.03912	17.22	-2.47	-15.11
1204	70	0	0	80	0.02775	0.03488	0.05314	21.9	-10.13	-14.82
1419	0	3	0	3	0.74634	0.76202	0.66335	89.95	2.39	-3.28
1420	3	3	0	3	0.71927	0.73901	0.65701	88.88	1.41	-4.55
1449	40	3	0	3	0.42476	0.47687	0.5807	74.63	-10.19	-21.64
1450	0	40	0	3	0.52605	0.45259	0.41994	73.06	24.67	-6.12
1451	3	40	0	3	0.50574	0.43819	0.41637	72.11	23.46	-7.31
1452	40	40	0	3	0.2959	0.28399	0.37451	60.25	8.6	-22.24
1421	0	0	3	3	0.76024	0.78647	0.65347	91.07	0.39	-0.42
1422	3	0	3	3	0.73195	0.76144	0.64805	89.93	-0.47	-1.89
1453	40	0	3	3	0.43033	0.49026	0.57196	75.47	-12.15	-19.29
1423	0	3	3	3	0.73948	0.75668	0.63404	89.7	2.05	-0.93
1424	3	3	3	3	0.71277	0.73373	0.62777	88.63	1.12	-2.19
1454	40	3	3	3	0.41867	0.47242	0.55457	74.34	-10.8	-19.42
1455	0	40	3	3	0.52146	0.44923	0.40105	72.84	24.43	-4.07
1456	3	40	3	3	0.50187	0.43524	0.39742	71.91	23.28	-5.2
1457	40	40	3	3	0.29207	0.28142	0.35742	60.02	8.14	-20.26
1458	0	0	40	3	0.68954	0.72968	0.33287	88.43	-3.01	32.28
1459	3	0	40	3	0.66072	0.70468	0.32982	87.23	-4.13	30.65
1460	40	0	40	3	0.37004	0.44546	0.29749	72.59	-18.51	10.4
1402	40	27	27	100	0.01258	0.01333	0.01274	11.51	-0.87	-2.37
1375	40	27	27	10	0.25982	0.27645	0.2454	59.57	-2.77	-3.21
1380	20	12	12	20	0.3411	0.35675	0.31803	66.27	-0.99	-3.7
1369	80	65	65	0	0.07552	0.08748	0.07281	35.49	-8.03	-0.26
1271	0	100	40	100	0.01994	0.01304	0.01015	11.3	19.55	0.9
1270	0	40	40	100	0.01801	0.01557	0.00934	12.97	7.8	5.04
1269	0	0	40	100	0.01929	0.02043	0.01024	15.71	-0.97	8.38
1227	100	100	40	80	0.0086	0.00779	0.0133	7.04	4.41	-10.8
1226	100	70	40	80	0.00914	0.01102	0.0172	9.81	-5.42	-10.53
1225	100	40	40	80	0.01194	0.01732	0.02451	14.01	-13.67	-10.2
1224	100	0	40	80	0.01507	0.02484	0.03116	17.84	-20.87	-8.74
1211	100	100	0	80	0.00879	0.00733	0.01924	6.62	6.93	-18.13
1210	100	70	0	80	0.01114	0.01195	0.0284	10.52	-1.29	-19.32
1209	100	40	0	80	0.0145	0.01832	0.03963	14.58	-8.37	-19.98
1208	100	0	0	80	0.01749	0.02514	0.04799	17.98	-15.1	-18.9
1414	3	3	0	0	0.76905	0.78953	0.70016	91.21	1.57	-4.49
1436	40	3	0	0	0.45291	0.50833	0.61923	76.58	-10.37	-22.13
1437	3	40	0	0	0.53998	0.46672	0.44221	73.98	24.29	-7.31
1415	3	0	3	0	0.78271	0.81362	0.69056	92.29	-0.36	-1.76
1438	40	0	3	0	0.45896	0.52274	0.60989	77.44	-12.38	-19.71
1416	0	3	3	0	0.79095	0.80867	0.67558	92.07	2.22	-0.77
1417	3	3	3	0	0.76207	0.78385	0.66877	90.96	1.27	-2.06
1439	40	3	3	0	0.44639	0.50355	0.59117	76.29	-10.99	-19.84
1440	0	40	3	0	0.55707	0.47873	0.42596	74.74	25.29	-3.98
1441	3	40	3	0	0.53589	0.46361	0.422	73.78	24.11	-5.14
1442	40	40	3	0	0.31115	0.29938	0.37996	61.6	8.47	-20.64
1443	3	0	40	0	0.7084	0.75468	0.35021	89.61	-4.06	31.79
1444	0	3	40	0	0.71968	0.75205	0.34243	89.49	-1.14	32.7
1445	3	3	40	0	0.69062	0.72741	0.33898	88.32	-2.31	31.2
1446	40	3	40	0	0.38416	0.45738	0.30598	73.38	-17.32	10.41
1447	3	40	40	0	0.49115	0.43199	0.22117	71.69	21.34	22.24
1418	3	0	0	3	0.73821	0.76648	0.67876	90.16	-0.18	-4.36
1448	40	0	0	3	0.43698	0.49526	0.59968	75.78	-11.53	-21.57
1396	40	27	27	80	0.03225	0.03429	0.03184	21.69	-1.34	-2.61
1403	20	12	12	100	0.01509	0.01579	0.01451	13.1	-0.38	-1.83
1376	20	12	12	10	0.43231	0.45153	0.40023	72.99	-0.9	-3.7
1370	60	45	45	0	0.16728	0.18332	0.15764	49.9	-5.17	-1.57
1274	40	100	40	100	0.01309	0.00962	0.00938	8.67	12.92	-2.43
1273	40	40	40	100	0.01216	0.01231	0.01024	10.78	0.95	-0.12
1272	40	0	40	100	0.01323	0.01583	0.01157	13.12	-5.83	1.99
1247	0	100	100	80	0.02954	0.0187	0.00613	14.79	23.74	13.94
1246	0	70	100	80	0.03682	0.02852	0.00738	19.44	15.6	19.59
1245	0	40	100	80	0.04558	0.04218	0.00912	24.38	6.74	25.06
1244	0	0	100	80	0.05077	0.05564	0.01055	28.28	-3.48	29.59
1231	0	100	70	80	0.03049	0.019	0.00852	14.95	24.7	9.82
1230	0	70	70	80	0.03619	0.02748	0.01122	19	16.53	12.61
1229	0	40	70	80	0.04293	0.03902	0.01426	23.35	7.62	16.14
1228	0	0	70	80	0.0554	0.06004	0.01995	29.42	-2.85	20.48
1347	0	0	0	100	0.01753	0.01806	0.01558	14.44	0.28	-0.78
1348	0	0	0	98	0.02036	0.02101	0.01822	16.01	0.23	-0.93
1349	0	0	0	95	0.02514	0.02598	0.02272	18.36	0.16	-1.15
1350	0	0	0	90	0.03471	0.03595	0.03176	22.29	0.07	-1.52
1351	0	0	0	85	0.04644	0.04817	0.04288	26.21	-0.02	-1.86
1352	0	0	0	80	0.06057	0.0629	0.05631	30.13	-0.08	-2.19
1353	0	0	0	75	0.07739	0.08041	0.0723	34.07	-0.14	-2.51
1354	0	0	0	70	0.09718	0.101	0.09079	38.02	-0.17	-2.69
1355	0	0	0	60	0.14655	0.15226	0.13652	45.94	-0.16	-3
1356	0	0	0	50	0.2106	0.21852	0.19512	53.87	-0.05	-3.21
946	0	0	0	40	0.29076	0.30169	0.26819	61.8	-0.05	-3.37
1358	0	0	0	30	0.38991	0.40413	0.35716	69.76	0.08	-3.42
1359	0	0	0	25	0.44717	0.46307	0.40786	73.74	0.19	-3.4
1360	0	0	0	20	0.50954	0.5275	0.46308	77.73	0.24	-3.37
1361	0	0	0	15	0.57801	0.59806	0.52312	81.73	0.33	-3.3
1486	0	0	0	10	0.65226	0.67434	0.58754	85.72	0.46	-3.2
1363	0	0	0	7	0.69991	0.7232	0.62855	88.12	0.55	-3.13
1364	0	0	0	5	0.73302	0.75705	0.6568	89.72	0.63	-3.07
1365	0	0	0	3	0.76735	0.79209	0.68591	91.33	0.72	-3
1366	0	0	0	2	0.78485	0.80995	0.70074	92.13	0.77	-2.96
1404	10	6	6	100	0.0164	0.01701	0.01508	13.83	0	-1.24
1371	40	27	27	0	0.32167	0.34139	0.3007	65.07	-2.68	-3.07
1277	100	100	40	100	0.00675	0.00626	0.00945	5.65	2.89	-7.75
1276	100	40	40	100	0.00826	0.01114	0.01515	9.91	-9.36	-8.1
1275	100	0	40	100	0.00925	0.01392	0.01694	11.9	-14.02	-6.65
1251	40	100	100	80	0.01867	0.01325	0.00627	11.45	15.97	7.91
1250	40	70	100	80	0.02183	0.01955	0.00734	15.25	6.77	12.43
1249	40	40	100	80	0.02599	0.02785	0.00875	19.16	-1.65	16.69
1248	40	0	100	80	0.03103	0.03953	0.01049	23.52	-11.29	21.45
1235	40	100	70	80	0.02017	0.01395	0.00886	11.93	17.4	4.03
1234	40	70	70	80	0.02159	0.01872	0.011	14.8	8.16	5.69
1233	40	40	70	80	0.02634	0.02766	0.01401	19.08	-0.62	9.08
1232	40	0	70	80	0.03289	0.04088	0.01833	23.96	-10.09	12.68
649	0	0	100	0	0.68022	0.72963	0.06987	88.43	-5.03	92.23
1328	0	0	98	0	0.68104	0.7305	0.07502	88.47	-5.03	90.2
1329	0	0	95	0	0.6823	0.73183	0.08324	88.53	-5.02	87.13
1330	0	0	90	0	0.68501	0.73445	0.09821	88.66	-4.97	82.07
568	0	0	85	0	0.68829	0.73747	0.11485	88.8	-4.88	77.05
1332	0	0	80	0	0.69209	0.74086	0.13322	88.96	-4.75	72.07
1333	0	0	75	0	0.69636	0.74463	0.1535	89.14	-4.6	67.11
1334	0	0	70	0	0.70099	0.74877	0.17567	89.34	-4.44	62.19
1335	0	0	60	0	0.71183	0.75818	0.22608	89.77	-4.03	52.47
1336	0	0	50	0	0.72468	0.76909	0.28504	90.28	-3.51	42.91
1337	0	0	40	0	0.7395	0.78163	0.35335	90.85	-2.9	33.49
244	0	0	30	0	0.75637	0.79572	0.43159	91.49	-2.2	24.19
1339	0	0	25	0	0.76565	0.80329	0.47456	91.83	-1.79	19.6
163	0	0	20	0	0.77556	0.81111	0.52027	92.18	-1.3	15.02
1341	0	0	15	0	0.78598	0.8193	0.5686	92.54	-0.79	10.5
82	0	0	10	0	0.79695	0.8279	0.61979	92.92	-0.26	6
1343	0	0	7	0	0.80372	0.8332	0.65188	93.15	0.06	3.31
1344	0	0	5	0	0.80848	0.83693	0.6739	93.32	0.29	1.54
1345	0	0	3	0	0.8133	0.8407	0.6964	93.48	0.52	-0.24
1346	0	0	2	0	0.81571	0.84258	0.70782	93.56	0.63	-1.13
1398	10	6	6	80	0.05297	0.05516	0.04974	28.16	-0.26	-2.28
1372	20	12	12	0	0.53951	0.56221	0.49478	79.74	-0.66	-3.58
1280	0	100	100	100	0.01725	0.01255	0.00542	10.96	14.58	8.66
1279	0	40	100	100	0.02281	0.02146	0.00661	16.24	4.58	15.52
1278	0	0	100	100	0.02041	0.02192	0.00675	16.47	-1.62	15.66
1255	70	100	100	80	0.01119	0.00929	0.00629	8.39	8.1	2.59
1254	70	70	100	80	0.0143	0.01533	0.00746	12.82	-1.38	8.03
1253	70	40	100	80	0.01658	0.02121	0.00892	16.11	-9.37	11.15
1252	70	0	100	80	0.01996	0.0304	0.01063	20.2	-18.77	15.54
1239	70	100	70	80	0.01185	0.00961	0.00851	8.66	9.08	-1.01
1238	70	70	70	80	0.01439	0.01487	0.01141	12.53	0.14	1.18
1237	70	40	70	80	0.01763	0.0218	0.01466	16.4	-7.96	3.68
1236	70	0	70	80	0.0219	0.03194	0.01909	20.8	-17.03	6.47
9	0	100	0	0	0.32421	0.1643	0.15182	47.53	73.83	-4.21
1308	0	98	0	0	0.32949	0.1712	0.15918	48.41	71.93	-4.51
1309	0	95	0	0	0.33758	0.18193	0.17064	49.73	69.08	-4.94
1310	0	90	0	0	0.35229	0.20109	0.19042	51.96	64.52	-5.5
1311	0	85	0	0	0.36815	0.2217	0.21113	54.21	60.12	-5.92
1312	0	80	0	0	0.38521	0.24394	0.23293	56.48	55.83	-6.23
1313	0	75	0	0	0.40322	0.26771	0.25583	58.76	51.66	-6.46
1314	0	70	0	0	0.42225	0.29305	0.2798	61.05	47.58	-6.62
1315	0	60	0	0	0.46384	0.34888	0.33085	65.66	39.78	-6.68
1316	0	50	0	0	0.51031	0.41182	0.38619	70.3	32.45	-6.48
1317	0	40	0	0	0.56175	0.48207	0.4459	74.96	25.55	-6.08
4	0	30	0	0	0.61822	0.56032	0.5103	79.63	18.94	-5.51
1319	0	25	0	0	0.6485	0.60249	0.54404	81.97	15.77	-5.15
3	0	20	0	0	0.68023	0.64699	0.57903	84.33	12.66	-4.74
1321	0	15	0	0	0.71319	0.69343	0.61508	86.67	9.62	-4.31
2	0	10	0	0	0.74761	0.74219	0.65243	89.03	6.64	-3.86
1323	0	7	0	0	0.76878	0.77242	0.67545	90.43	4.88	-3.58
1324	0	5	0	0	0.78341	0.7932	0.69109	91.38	3.72	-3.38
1325	0	3	0	0	0.79814	0.81423	0.70687	92.32	2.57	-3.18
1326	0	2	0	0	0.80557	0.82487	0.71485	92.79	2	-3.09
1392	10	6	6	60	0.12409	0.12929	0.11633	42.66	-0.39	-2.96
1373	10	6	6	0	0.66916	0.69255	0.60245	86.63	0.31	-3.14
1283	40	100	100	100	0.01149	0.00919	0.00546	8.29	9.51	4
1282	40	40	100	100	0.01337	0.01421	0.00618	12.1	-1.01	9.2
1281	40	0	100	100	0.015	0.01869	0.00683	14.79	-7.88	12.6
1259	100	100	100	80	0.00711	0.00754	0.00647	6.81	-0.66	-0.45
1258	100	70	100	80	0.00845	0.01141	0.0074	10.11	-9.48	3.47
1257	100	40	100	80	0.01021	0.01673	0.00885	13.67	-18.08	7.04
1256	100	0	100	80	0.01236	0.02379	0.0106	17.36	-26.77	10.68
1243	100	100	70	80	0.00749	0.00741	0.00859	6.69	1.38	-4.55
1242	100	70	70	80	0.00876	0.01142	0.01189	10.12	-8.27	-3.62
1241	100	40	70	80	0.0107	0.0168	0.01475	13.71	-16.53	-1.06
1240	100	0	70	80	0.01328	0.0241	0.01883	17.51	-24.57	1.04
1287	100	0	0	0	0.14879	0.22166	0.52702	54.2	-34.41	-51.19
1288	98	0	0	0	0.15594	0.22901	0.53044	54.97	-33.49	-50.24
1289	95	0	0	0	0.16703	0.24027	0.5356	56.12	-32.12	-48.83
1290	90	0	0	0	0.18663	0.26009	0.54422	58.05	-29.93	-46.42
64	85	0	0	0	0.2076	0.28107	0.55288	59.99	-27.85	-44
1292	80	0	0	0	0.23003	0.30331	0.56161	61.94	-25.84	-41.54
1293	75	0	0	0	0.2539	0.32676	0.5705	63.9	-23.91	-39.09
1294	70	0	0	0	0.27928	0.35145	0.57998	65.86	-22.03	-36.68
1295	60	0	0	0	0.33472	0.40478	0.59927	69.81	-18.46	-31.82
1296	50	0	0	0	0.39678	0.46364	0.61905	73.78	-15.09	-26.93
37	40	0	0	0	0.46598	0.52801	0.63961	77.76	-11.75	-22.07
1298	30	0	0	0	0.54261	0.59842	0.66093	81.75	-8.55	-17.2
1299	25	0	0	0	0.58377	0.63588	0.67191	83.75	-6.98	-14.77
19	20	0	0	0	0.62705	0.67484	0.6832	85.75	-5.38	-12.37
1301	15	0	0	0	0.67223	0.71527	0.69473	87.74	-3.8	-9.99
1302	10	0	0	0	0.7195	0.75732	0.70649	89.73	-2.24	-7.61
1303	7	0	0	0	0.74891	0.78334	0.71367	90.93	-1.31	-6.18
1304	5	0	0	0	0.76895	0.80103	0.71854	91.73	-0.69	-5.24
1305	3	0	0	0	0.78933	0.81897	0.72347	92.53	-0.07	-4.3
1306	2	0	0	0	0.79964	0.82802	0.72595	92.93	0.24	-3.83
1386	10	6	6	40	0.2422	0.25209	0.22498	57.28	-0.38	-3.34
1374	5	3	3	0	0.74216	0.76643	0.66409	90.16	0.65	-3
1286	100	100	100	100	0.00674	0.00713	0.00566	6.44	-0.56	0.42
1285	100	40	100	100	0.00818	0.01203	0.00692	10.58	-12.59	5.18
1284	100	0	100	100	0.00942	0.01614	0.00803	13.31	-19.48	7.84
1362	0	0	0	10	0.65226	0.67434	0.58754	85.72	0.46	-3.2
1487	0	0	10	10	0.6322	0.65843	0.50007	84.92	-0.61	4.75
1488	0	0	20	10	0.61386	0.64384	0.42122	84.17	-1.62	12.86
1489	0	0	40	10	0.58257	0.6181	0.28784	82.81	-3.22	29.58
1490	0	0	70	10	0.54757	0.58801	0.14363	81.18	-4.83	55.89
1491	0	10	0	10	0.59533	0.59322	0.52615	81.47	5.64	-4.09
1492	0	10	10	10	0.57694	0.57881	0.45099	80.67	4.64	3.16
1493	0	10	20	10	0.56076	0.56614	0.37989	79.96	3.73	11.02
1494	0	10	40	10	0.53307	0.5439	0.25891	78.69	2.23	27.35
1495	0	10	70	10	0.50206	0.51786	0.12934	77.15	0.73	52.77
1496	0	20	0	10	0.54251	0.51868	0.46845	77.2	11.04	-4.91
1497	0	20	10	10	0.52629	0.50624	0.4017	76.45	10.12	2.07
1498	0	20	20	10	0.51148	0.49484	0.34078	75.75	9.27	9.26
1499	0	20	40	10	0.48725	0.47588	0.23204	74.56	7.89	25.12
1500	0	20	70	10	0.45978	0.45365	0.11579	73.13	6.44	49.75
1501	0	40	0	10	0.44882	0.38832	0.36299	68.63	22.71	-6.19
1502	0	40	10	10	0.43592	0.3787	0.31083	67.92	22	0.26
1503	0	40	20	10	0.4246	0.37049	0.264	67.31	21.28	6.86
1504	0	40	40	10	0.40651	0.35712	0.18245	66.3	20.18	20.96
1505	0	40	70	10	0.386	0.34127	0.09115	65.06	19.09	43.8
1506	0	70	0	10	0.33617	0.23593	0.229	55.68	42.95	-6.87
1507	0	70	10	10	0.32831	0.23114	0.19538	55.19	42.29	-0.99
1508	0	70	20	10	0.32101	0.22665	0.16538	54.73	41.69	4.9
1509	0	70	40	10	0.30881	0.21877	0.11407	53.9	40.81	17.1
1510	0	70	70	10	0.29841	0.21228	0.05966	53.2	39.94	35.99
1511	10	0	0	10	0.57407	0.60538	0.56791	82.13	-2.34	-7.39
1512	10	0	10	10	0.55691	0.59175	0.48626	81.39	-3.38	0.24
1513	10	0	20	10	0.53879	0.57765	0.40981	80.61	-4.58	8.18
1514	10	0	40	10	0.50625	0.55162	0.27934	79.13	-6.7	24.64
1515	10	0	70	10	0.47025	0.52121	0.13924	77.35	-8.82	50.44
1516	10	10	0	10	0.52552	0.53483	0.50952	78.16	2.56	-7.96
1517	10	10	10	10	0.50935	0.52195	0.43667	77.4	1.61	-0.74
1518	10	10	20	10	0.49328	0.50963	0.36793	76.66	0.51	6.96
1519	10	10	40	10	0.46478	0.48725	0.2508	75.28	-1.41	22.91
1520	10	10	70	10	0.43331	0.4611	0.12544	73.62	-3.3	47.77
1521	10	20	0	10	0.47863	0.46781	0.45408	74.05	7.75	-8.63
1522	10	20	10	10	0.46438	0.45665	0.38908	73.33	6.89	-1.65
1523	10	20	20	10	0.44966	0.44554	0.33011	72.6	5.85	5.39
1524	10	20	40	10	0.42458	0.42635	0.22491	71.31	4.07	20.86
1525	10	20	70	10	0.39669	0.40393	0.11241	69.75	2.27	44.93
1526	10	40	0	10	0.39423	0.34913	0.35302	65.68	19.03	-9.87
1527	10	40	10	10	0.38339	0.341	0.30189	65.04	18.35	-3.31
1528	10	40	20	10	0.37205	0.33294	0.25648	64.4	17.46	3.14
1529	10	40	40	10	0.35363	0.31946	0.17726	63.3	16.1	16.94
1530	10	40	70	10	0.33246	0.30358	0.08869	61.96	14.57	39.33
1531	10	70	0	10	0.29242	0.20991	0.22344	52.94	38.78	-10.53
1532	10	70	10	10	0.28622	0.20613	0.19069	52.52	38.18	-4.59
1533	10	70	20	10	0.27882	0.20167	0.16148	52.03	37.43	1.17
1534	10	70	40	10	0.26682	0.19404	0.11166	51.16	36.35	13.11
1535	10	70	70	10	0.25604	0.1874	0.05837	50.38	35.25	31.74
1536	20	0	0	10	0.50191	0.5409	0.54914	78.51	-5.18	-11.65
1537	20	0	10	10	0.48494	0.52782	0.47022	77.75	-6.45	-4.18
1538	20	0	20	10	0.4696	0.5159	0.3987	77.04	-7.63	3.47
1539	20	0	40	10	0.4375	0.49078	0.27185	75.5	-10.18	19.63
1540	20	0	70	10	0.40064	0.46025	0.13506	73.56	-12.94	45.02
1541	20	10	0	10	0.45903	0.47784	0.49302	74.69	-0.49	-12.09
1542	20	10	10	10	0.44308	0.46551	0.42255	73.9	-1.67	-5
1543	20	10	20	10	0.42956	0.45515	0.3583	73.23	-2.74	2.4
1544	20	10	40	10	0.40131	0.43345	0.24432	71.79	-5.09	18.06
1545	20	10	70	10	0.36887	0.40704	0.1218	69.97	-7.58	42.52
1546	20	20	0	10	0.41906	0.41944	0.44013	70.83	4.46	-12.48
1547	20	20	10	10	0.40493	0.4087	0.37721	70.08	3.38	-5.64
1548	20	20	20	10	0.39222	0.39896	0.32013	69.4	2.39	1.37
1549	20	20	40	10	0.36742	0.38036	0.21836	68.05	0.22	16.51
1550	20	20	70	10	0.33916	0.35791	0.10921	66.36	-2.05	40.08
1551	20	40	0	10	0.34441	0.31279	0.34303	62.74	15.35	-13.5
1552	20	40	10	10	0.33355	0.3049	0.29343	62.07	14.46	-7.08
1553	20	40	20	10	0.32386	0.29787	0.24904	61.47	13.64	-0.58
1554	20	40	40	10	0.30548	0.28469	0.17227	60.31	11.94	12.93
1555	20	40	70	10	0.2839	0.26869	0.08636	58.85	9.99	34.81
1556	20	70	0	10	0.25267	0.18582	0.21809	50.19	34.64	-14.22
1557	20	70	10	10	0.24632	0.18209	0.1862	49.75	33.86	-8.4
1558	20	70	20	10	0.24048	0.17859	0.15763	49.32	33.16	-2.56
1559	20	70	40	10	0.22869	0.17127	0.10919	48.42	31.83	9.15
1560	20	70	70	10	0.21774	0.16466	0.05711	47.58	30.42	27.51
1561	40	0	0	10	0.37432	0.42443	0.51348	71.17	-11.01	-20.44
1562	40	0	10	10	0.35615	0.41072	0.43853	70.23	-12.92	-13.33
1563	40	0	20	10	0.34087	0.39928	0.37137	69.42	-14.64	-5.99
1564	40	0	40	10	0.31736	0.38244	0.25769	68.2	-17.71	9.48
1565	40	0	70	10	0.28177	0.35388	0.12793	66.05	-21.86	34.03
1566	40	10	0	10	0.34084	0.37413	0.46171	67.59	-6.75	-20.69
1567	40	10	10	10	0.32554	0.36303	0.39549	66.75	-8.52	-13.84
1568	40	10	20	10	0.31193	0.35299	0.33498	65.98	-10.13	-6.74
1569	40	10	40	10	0.29049	0.33757	0.23199	64.77	-12.96	8.24
1570	40	10	70	10	0.25912	0.31283	0.11565	62.75	-16.76	31.88
1571	40	20	0	10	0.30996	0.32772	0.41287	63.98	-2.21	-20.88
1572	40	20	10	10	0.29647	0.31815	0.35371	63.19	-3.86	-14.26
1573	40	20	20	10	0.28454	0.30958	0.30024	62.47	-5.36	-7.48
1574	40	20	40	10	0.26535	0.29593	0.20782	61.3	-7.97	6.98
1575	40	20	70	10	0.23785	0.27476	0.10397	59.41	-11.48	29.76
1576	40	40	0	10	0.25394	0.24453	0.32289	56.54	7.83	-21.22
1577	40	40	10	10	0.24387	0.23778	0.27637	55.86	6.44	-14.99
1578	40	40	20	10	0.23469	0.23157	0.23465	55.23	5.14	-8.7
1579	40	40	40	10	0.21863	0.22028	0.16284	54.06	2.92	4.35
1580	40	40	70	10	0.19795	0.20536	0.08198	52.44	-0.03	25.37
1581	40	70	0	10	0.18274	0.14238	0.20759	44.57	26.12	-21.82
1582	40	70	10	10	0.17672	0.13914	0.17755	44.11	24.93	-16.21
1583	40	70	20	10	0.17116	0.13605	0.15053	43.66	23.85	-10.57
1584	40	70	40	10	0.16135	0.13019	0.10434	42.79	22.11	0.98
1585	40	70	70	10	0.15095	0.12391	0.0548	41.83	20.2	18.72
1586	70	0	0	10	0.2243	0.28254	0.46431	60.12	-20.59	-33.87
1587	70	0	10	10	0.20884	0.27187	0.39581	59.15	-23.64	-26.99
1588	70	0	20	10	0.19509	0.26216	0.33405	58.24	-26.48	-19.95
1589	70	0	40	10	0.17321	0.24686	0.23038	56.77	-31.53	-5.25
1590	70	0	70	10	0.15369	0.23447	0.11942	55.53	-37.22	18.33
1591	70	10	0	10	0.20307	0.24859	0.41822	56.94	-16.91	-33.7
1592	70	10	10	10	0.19006	0.24018	0.35831	56.11	-19.81	-27.13
1593	70	10	20	10	0.17771	0.23159	0.30244	55.24	-22.51	-20.31
1594	70	10	40	10	0.15798	0.21786	0.20838	53.8	-27.26	-6.07
1595	70	10	70	10	0.14075	0.20704	0.10825	52.62	-32.53	16.7
1596	70	20	0	10	0.18321	0.21676	0.3747	53.68	-12.9	-33.58
1597	70	20	10	10	0.17172	0.20954	0.32112	52.9	-15.67	-27.22
1598	70	20	20	10	0.16139	0.20285	0.27242	52.16	-18.23	-20.71
1599	70	20	40	10	0.14375	0.19078	0.18774	50.78	-22.72	-6.96
1600	70	20	70	10	0.12855	0.18136	0.09761	49.66	-27.59	15.03
1601	70	40	0	10	0.14774	0.1602	0.29553	47	-4	-33.41
1602	70	40	10	10	0.1388	0.15469	0.2525	46.27	-6.36	-27.41
1603	70	40	20	10	0.1309	0.14995	0.21436	45.63	-8.66	-21.36
1604	70	40	40	10	0.11758	0.14156	0.14889	44.46	-12.64	-8.78
1605	70	40	70	10	0.10563	0.1344	0.07769	43.42	-16.87	11.46
1606	70	70	0	10	0.10385	0.0911	0.19184	36.19	12.92	-32.98
1607	70	70	10	10	0.09821	0.08832	0.16397	35.66	10.84	-27.64
1608	70	70	20	10	0.09317	0.08577	0.13894	35.16	8.93	-22.24
1609	70	70	40	10	0.08499	0.0816	0.09664	34.31	5.65	-11.1
1610	70	70	70	10	0.07596	0.07658	0.05171	33.26	2.01	5.49
1611	50	40	40	0	0.22213	0.23441	0.19216	55.52	-1.78	0.27
1612	100	0	0	10	0.1217	0.18112	0.42448	49.63	-32.09	-47.09
1613	0	100	0	10	0.25539	0.13075	0.12524	42.88	67.33	-5.17
1614	0	0	100	10	0.52877	0.57063	0.05795	80.21	-5.46	83.37
1615	0	100	100	10	0.23782	0.12849	0.01768	42.54	61.26	45.37
1616	100	0	100	10	0.06168	0.14533	0.04779	44.99	-62.91	27.78
1617	100	100	0	10	0.03642	0.02535	0.10695	18.08	20.87	-42.46
END_DATA										