CGATS.17										
										
ORIGINATOR	"Advanced Printing Technology Centre (APTEC), http://aptec.hkprinters.org/en/index.html"									
INSTRUMENTATION	"D50, 2 degree, geometry 45/0, no polarisation filter, white backing, according to ISO 13655:2009 M1"									
DESCRIPTOR	APTEC_Offset_Uncoated_LinearCTV_2025									
MEASUREMENT_SOURCE	"MeasurementCondition=M1	Filter=D50"									
ILLUMINATION_NAME	D50									
OBSERVER_ANGLE	2									
FILTER	D50									
WEIGHTING_FUNCTION	"ILLUMINANT,	D50"									
WEIGHTING_FUNCTION	"OBSERVER,	2 degree"									
KEYWORD	DEVCALSTD									
DEVCALSTD										
CREATED										
										
NUMBER_OF_FIELDS	11									
BEGIN_DATA_FORMAT										
SAMPLE_ID	CMYK_C	CMYK_M	CMYK_Y	CMYK_K	XYZ_X	XYZ_Y	XYZ_Z	LAB_L	LAB_A	LAB_B
END_DATA_FORMAT										
										
NUMBER_OF_SETS	1617									
BEGIN_DATA										
1	0	100	20	0	0.36888	0.22154	0.17779	54.19	60.43	1.12
2	0	85	20	0	0.41411	0.27663	0.232	59.58	51.45	-0.7
3	0	70	20	0	0.46465	0.34243	0.29103	65.15	42.2	-1.38
4	0	55	20	0	0.51849	0.41639	0.35148	70.62	33.22	-1.13
5	0	40	20	0	0.57974	0.5036	0.41669	76.29	24.21	-0.14
6	0	30	20	0	0.62428	0.56878	0.46234	80.11	18.28	0.83
7	0	20	20	0	0.6735	0.64244	0.51084	84.09	12.2	2.12
8	0	10	20	0	0.7279	0.72634	0.56107	88.27	5.82	3.92
9	0	0	20	0	0.78678	0.8191	0.61353	92.54	-0.6	5.95
10	0	100	10	0	0.37402	0.22421	0.19311	54.47	60.89	-1.74
11	0	85	10	0	0.41876	0.27803	0.25261	59.71	52.31	-4.26
12	0	70	10	0	0.47138	0.34525	0.32183	65.38	43.12	-5.82
13	0	55	10	0	0.52857	0.42236	0.39393	71.03	34.07	-6.25
14	0	40	10	0	0.59302	0.51264	0.47268	76.84	25.04	-6.03
15	0	30	10	0	0.63967	0.57987	0.52784	80.73	19.13	-5.54
16	0	20	10	0	0.69081	0.65517	0.58667	84.75	13.14	-4.79
17	0	10	10	0	0.74625	0.73838	0.64869	88.85	7.14	-3.81
18	0	0	10	0	0.80708	0.83269	0.71222	93.13	0.82	-2.26
19	0	100	0	0	0.37921	0.22684	0.20855	54.75	61.39	-4.47
20	0	85	0	0	0.4253	0.28121	0.27631	60	53.03	-7.85
21	0	70	0	0	0.47797	0.34742	0.35312	65.55	44.21	-10.11
22	0	55	0	0	0.53822	0.42713	0.43773	71.36	35.13	-11.28
23	0	40	0	0	0.60605	0.52042	0.53116	77.31	26.12	-11.81
24	0	30	0	0	0.65581	0.59083	0.59824	81.34	20.16	-11.84
25	0	20	0	0	0.70942	0.66838	0.66893	85.42	14.22	-11.62
26	0	10	0	0	0.76709	0.75346	0.74306	89.55	8.32	-11.14
27	0	0	0	0	0.82889	0.84645	0.82066	93.73	2.45	-10.44
28	0	100	0	20	0.27522	0.17434	0.16101	48.8	49.89	-4.27
29	0	70	0	20	0.3491	0.26551	0.26739	58.56	35	-8.82
30	0	40	0	20	0.43068	0.37717	0.37793	67.81	20.95	-9.66
31	0	20	0	20	0.49777	0.47296	0.46292	74.38	11.54	-9.12
32	0	10	0	20	0.53748	0.53043	0.5113	77.9	6.75	-8.61
33	0	0	0	20	0.58025	0.59341	0.56213	81.48	1.97	-7.91
34	10	100	20	0	0.32786	0.2032	0.17893	52.2	55.03	-2.57
35	10	85	20	0	0.36767	0.25293	0.23112	57.36	46.37	-4.37
36	10	70	20	0	0.41309	0.31288	0.28673	62.75	37.49	-4.83
37	10	55	20	0	0.46104	0.38015	0.34453	68.03	28.78	-4.6
38	10	40	20	0	0.51539	0.45913	0.40709	73.49	20.05	-3.74
39	10	30	20	0	0.55542	0.51883	0.45123	77.21	14.25	-2.84
40	10	20	20	0	0.59939	0.58563	0.49837	81.05	8.4	-1.73
41	10	10	20	0	0.64713	0.66081	0.54633	85.04	2.26	-0.11
42	10	0	20	0	0.69773	0.74183	0.59781	89.01	-3.73	1.43
43	10	100	10	0	0.3329	0.20578	0.194	52.48	55.57	-5.36
44	10	85	10	0	0.37256	0.25458	0.25181	57.52	47.28	-7.89
45	10	70	10	0	0.41965	0.31558	0.31661	62.98	38.5	-9.16
46	10	55	10	0	0.47073	0.38579	0.38574	68.45	29.72	-9.62
47	10	40	10	0	0.52805	0.46763	0.46112	74.04	20.98	-9.49
48	10	30	10	0	0.56994	0.52898	0.51442	77.81	15.24	-9.1
49	10	20	10	0	0.61573	0.59743	0.57134	81.7	9.45	-8.49
50	10	10	10	0	0.66466	0.67207	0.63069	85.61	3.72	-7.67
51	10	0	10	0	0.71702	0.75456	0.69257	89.61	-2.21	-6.57
52	10	100	0	0	0.33754	0.20778	0.20703	52.71	56.24	-7.68
53	10	85	0	0	0.37892	0.25765	0.27316	57.81	48.08	-11.09
54	10	70	0	0	0.42772	0.31967	0.3497	63.32	39.45	-13.47
55	10	55	0	0	0.48116	0.39168	0.43107	68.87	30.76	-14.74
56	10	40	0	0	0.54118	0.47568	0.52033	74.55	22.13	-15.38
57	10	30	0	0	0.58417	0.53761	0.58239	78.32	16.52	-15.44
58	10	20	0	0	0.63129	0.60669	0.64878	82.2	10.89	-15.28
59	10	10	0	0	0.68223	0.68295	0.7195	86.15	5.22	-14.94
60	10	0	0	0	0.73836	0.7687	0.79608	90.26	-0.58	-14.41
61	10	100	0	20	0.24975	0.1627	0.16087	47.33	45.76	-6.78
62	10	70	0	20	0.31647	0.2463	0.26313	56.71	31.48	-11.27
63	10	40	0	20	0.38991	0.34845	0.36976	65.63	17.9	-12.31
64	10	20	0	20	0.45043	0.43584	0.45131	71.95	8.87	-11.92
65	10	10	0	20	0.48554	0.4876	0.49733	75.3	4.25	-11.52
66	10	0	0	20	0.52001	0.54127	0.54299	78.54	-0.49	-10.96
67	20	100	20	0	0.29079	0.18643	0.17961	50.27	49.67	-6.05
68	20	85	20	0	0.32653	0.23178	0.22902	55.26	41.38	-7.6
69	20	70	20	0	0.36652	0.28599	0.28277	60.43	32.77	-8.18
70	20	55	20	0	0.40895	0.34694	0.33771	65.51	24.33	-7.95
71	20	40	20	0	0.45705	0.41836	0.39789	70.76	15.9	-7.25
72	20	30	20	0	0.49266	0.47241	0.44078	74.34	10.31	-6.51
73	20	20	20	0	0.53093	0.53192	0.48585	77.99	4.7	-5.58
74	20	10	20	0	0.57195	0.59775	0.53277	81.72	-1.08	-4.38
75	20	0	20	0	0.61575	0.66948	0.58158	85.48	-6.83	-3.02
76	20	100	10	0	0.29533	0.18852	0.19289	50.51	50.34	-8.52
77	20	85	10	0	0.33229	0.2346	0.25093	55.54	42.18	-11.14
78	20	70	10	0	0.3741	0.29005	0.3138	60.79	33.7	-12.51
79	20	55	10	0	0.41869	0.35278	0.37963	65.96	25.33	-13.07
80	20	40	10	0	0.46825	0.42507	0.45006	71.22	17.07	-13.03
81	20	30	10	0	0.50475	0.47958	0.50037	74.8	11.6	-12.73
82	20	20	10	0	0.54495	0.54074	0.55477	78.51	6.04	-12.26
83	20	10	10	0	0.58886	0.60907	0.61339	82.33	0.38	-11.64
84	20	0	10	0	0.63462	0.68248	0.67226	86.13	-5.29	-10.7
85	20	100	0	0	0.29995	0.19048	0.20565	50.74	51.1	-10.79
86	20	85	0	0	0.33858	0.23756	0.2721	55.84	43.08	-14.31
87	20	70	0	0	0.38179	0.29382	0.34587	61.12	34.76	-16.71
88	20	55	0	0	0.42878	0.35845	0.42363	66.4	26.47	-18.07
89	20	40	0	0	0.4808	0.43268	0.5072	71.74	18.32	-18.78
90	20	30	0	0	0.51842	0.48773	0.56556	75.31	12.99	-18.9
91	20	20	0	0	0.55991	0.54959	0.62907	79.02	7.58	-18.88
92	20	10	0	0	0.60562	0.61921	0.69825	82.87	2.03	-18.7
93	20	0	0	0	0.65495	0.69566	0.77126	86.78	-3.51	-18.33
94	20	100	0	20	0.22634	0.15195	0.16073	45.9	41.62	-9.21
95	20	70	0	20	0.28615	0.22821	0.25882	54.89	27.96	-13.67
96	20	40	0	20	0.35215	0.32145	0.36155	63.46	14.89	-14.9
97	20	20	0	20	0.4056	0.40013	0.43921	69.48	6.19	-14.7
98	20	10	0	20	0.43405	0.44434	0.48078	72.52	1.66	-14.43
99	20	0	0	20	0.46437	0.49228	0.52415	75.59	-2.87	-14
100	30	100	20	0	0.25728	0.17083	0.17897	48.37	44.46	-9.19
101	30	85	20	0	0.28904	0.21215	0.22707	53.18	36.42	-10.8
102	30	70	20	0	0.32468	0.26161	0.27914	58.19	28.07	-11.44
103	30	55	20	0	0.36185	0.31639	0.33197	63.04	19.95	-11.36
104	30	40	20	0	0.40329	0.37952	0.38856	67.99	11.92	-10.79
105	30	30	20	0	0.43423	0.42762	0.42952	71.39	6.56	-10.2
106	30	20	20	0	0.46791	0.48105	0.4731	74.89	1.14	-9.44
107	30	10	20	0	0.50312	0.53902	0.51765	78.4	-4.38	-8.44
108	30	0	20	0	0.5408	0.60223	0.56418	81.96	-9.9	-7.3
109	30	100	10	0	0.26166	0.17277	0.19163	48.61	45.23	-11.54
110	30	85	10	0	0.29456	0.21477	0.24837	53.47	37.32	-14.26
111	30	70	10	0	0.33196	0.26547	0.30944	58.55	29.08	-15.68
112	30	55	10	0	0.37103	0.32181	0.3725	63.49	21.04	-16.37
113	30	40	10	0	0.41393	0.38583	0.43885	68.45	13.18	-16.44
114	30	30	10	0	0.44584	0.43444	0.48688	71.86	7.95	-16.27
115	30	20	10	0	0.48099	0.48902	0.53899	75.39	2.62	-15.96
116	30	10	10	0	0.5192	0.54955	0.59475	79.02	-2.77	-15.5
117	30	0	10	0	0.55839	0.61402	0.65051	82.59	-8.21	-14.76
118	30	100	0	0	0.26632	0.17487	0.20496	48.87	46.02	-13.88
119	30	85	0	0	0.30078	0.21783	0.2699	53.8	38.26	-17.46
120	30	70	0	0	0.33938	0.26907	0.34082	58.89	30.23	-19.82
121	30	55	0	0	0.38058	0.32699	0.41503	63.92	22.3	-21.26
122	30	40	0	0	0.42603	0.39309	0.49422	68.97	14.56	-22.08
123	30	30	0	0	0.45907	0.44231	0.55014	72.38	9.46	-22.33
124	30	20	0	0	0.49557	0.49766	0.61058	75.93	4.28	-22.4
125	30	10	0	0	0.53561	0.55967	0.67677	79.59	-1.03	-22.39
126	30	0	0	0	0.57871	0.62713	0.74534	83.29	-6.22	-22.14
127	40	100	0	20	0.18394	0.13181	0.16001	43.03	33.37	-13.98
128	40	70	0	20	0.23106	0.19432	0.24921	51.19	20.96	-18.34
129	40	40	0	20	0.28268	0.26984	0.34264	58.96	9.05	-19.96
130	40	20	0	20	0.32294	0.3323	0.41278	64.35	0.91	-20.23
131	40	10	0	20	0.34495	0.36746	0.45014	67.09	-3.18	-20.16
132	40	0	0	20	0.36858	0.4055	0.48887	69.86	-7.21	-19.94
133	40	100	20	0	0.22718	0.15649	0.17755	46.51	39.37	-12.07
134	40	85	20	0	0.25559	0.19446	0.22485	51.21	31.51	-13.79
135	40	70	20	0	0.28678	0.23906	0.27525	55.99	23.44	-14.58
136	40	55	20	0	0.31878	0.28763	0.32521	60.57	15.68	-14.61
137	40	40	20	0	0.35476	0.34382	0.37944	65.26	8	-14.26
138	40	30	20	0	0.38146	0.38629	0.4185	68.48	2.91	-13.83
139	40	20	20	0	0.41026	0.43321	0.45988	71.77	-2.26	-13.25
140	40	10	20	0	0.4404	0.48416	0.50216	75.09	-7.56	-12.44
141	40	0	20	0	0.47205	0.53906	0.5457	78.41	-12.85	-11.47
142	40	100	10	0	0.23159	0.15858	0.19102	46.79	40.17	-14.55
143	40	85	10	0	0.26076	0.19679	0.24559	51.47	32.51	-17.2
144	40	70	10	0	0.29369	0.24268	0.30464	56.36	24.54	-18.72
145	40	55	10	0	0.32774	0.29293	0.36482	61.04	16.88	-19.53
146	40	40	10	0	0.36503	0.34989	0.42824	65.74	9.38	-19.79
147	40	30	10	0	0.39276	0.393	0.47384	68.97	4.4	-19.74
148	40	20	10	0	0.42326	0.44136	0.5236	72.32	-0.69	-19.59
149	40	10	10	0	0.45616	0.49431	0.57568	75.72	-5.74	-19.24
150	40	0	10	0	0.48952	0.55072	0.62827	79.08	-10.97	-18.69
151	40	100	0	0	0.23615	0.16066	0.2047	47.06	41.01	-16.94
152	40	85	0	0	0.26678	0.19977	0.26679	51.81	33.52	-20.35
153	40	70	0	0	0.30048	0.24575	0.33462	56.66	25.8	-22.76
154	40	55	0	0	0.33682	0.29777	0.40598	61.46	18.25	-24.33
155	40	40	0	0	0.37651	0.35666	0.48149	66.26	10.87	-25.29
156	40	30	0	0	0.40539	0.40059	0.53469	69.51	5.99	-25.63
157	40	20	0	0	0.43726	0.44976	0.59257	72.88	1.06	-25.86
158	40	10	0	0	0.47186	0.50401	0.65426	76.31	-3.89	-25.94
159	40	0	0	0	0.50915	0.56303	0.71861	79.79	-8.73	-25.84
160	70	100	0	20	0.13195	0.1056	0.15602	38.83	21.33	-20.26
161	70	70	0	20	0.1634	0.15018	0.23367	45.66	10.92	-25.03
162	70	40	0	20	0.19798	0.20431	0.3152	52.32	0.49	-27.32
163	70	20	0	20	0.22369	0.24657	0.37397	56.74	-6.3	-28.21
164	70	10	0	20	0.23771	0.27022	0.40526	59	-9.74	-28.49
165	70	0	0	20	0.25236	0.29537	0.43759	61.25	-13.16	-28.69
166	55	100	20	0	0.18765	0.13746	0.17628	43.87	31.71	-16.34
167	55	85	20	0	0.21104	0.17024	0.22132	48.29	24.21	-18.13
168	55	70	20	0	0.23629	0.20819	0.2691	52.75	16.55	-19.13
169	55	55	20	0	0.26179	0.24871	0.31585	56.95	9.33	-19.44
170	55	40	20	0	0.29055	0.29541	0.36627	61.26	2.21	-19.36
171	55	30	20	0	0.31142	0.33009	0.40206	64.17	-2.5	-19.16
172	55	20	20	0	0.33405	0.36814	0.43942	67.14	-7.18	-18.77
173	55	10	20	0	0.35708	0.40913	0.47782	70.11	-12.13	-18.22
174	55	0	20	0	0.38106	0.45288	0.51781	73.08	-17.05	-17.64
175	55	100	10	0	0.19193	0.13954	0.18958	44.17	32.6	-18.76
176	55	85	10	0	0.21572	0.1722	0.24102	48.54	25.36	-21.43
177	55	70	10	0	0.24263	0.2114	0.29706	53.1	17.81	-23.13
178	55	55	10	0	0.27001	0.25347	0.35339	57.41	10.69	-24.18
179	55	40	10	0	0.30013	0.30112	0.41248	61.75	3.72	-24.67
180	55	30	10	0	0.32198	0.33639	0.45431	64.67	-0.85	-24.82
181	55	20	10	0	0.34601	0.37561	0.49902	67.7	-5.45	-24.82
182	55	10	10	0	0.37205	0.41862	0.54672	70.78	-10.03	-24.74
183	55	0	10	0	0.39751	0.46361	0.59478	73.78	-14.85	-24.53
184	55	100	0	0	0.19582	0.14099	0.20203	44.37	33.66	-21.02
185	55	85	0	0	0.22094	0.17442	0.26026	48.81	26.6	-24.39
186	55	70	0	0	0.24925	0.2145	0.3265	53.44	19.21	-27.1
187	55	55	0	0	0.27864	0.25811	0.39303	57.86	12.22	-28.85
188	55	40	0	0	0.31052	0.30702	0.46249	62.26	5.41	-29.97
189	55	30	0	0	0.3335	0.34302	0.51138	65.2	0.97	-30.51
190	55	20	0	0	0.35859	0.38288	0.5635	68.23	-3.5	-30.89
191	55	10	0	0	0.38614	0.42698	0.61993	71.35	-7.96	-31.21
192	55	0	0	0	0.41593	0.47515	0.67899	74.52	-12.37	-31.35
193	100	100	0	20	0.09583	0.08659	0.15337	35.32	10.4	-25.65
194	100	70	0	20	0.11375	0.11614	0.22134	40.6	1.28	-31.4
195	100	40	0	20	0.12996	0.14615	0.28301	45.1	-7.01	-34.64
196	100	20	0	20	0.14252	0.16979	0.32799	48.23	-12.51	-36.3
197	100	10	0	20	0.14983	0.18358	0.35352	49.93	-15.36	-37.1
198	100	0	0	20	0.1576	0.19834	0.3802	51.65	-18.21	-37.83
199	70	100	20	0	0.15427	0.12113	0.17473	41.39	24.05	-20.25
200	70	85	20	0	0.17306	0.14909	0.21796	45.51	16.91	-22.27
201	70	70	20	0	0.19287	0.18059	0.2626	49.57	9.8	-23.5
202	70	55	20	0	0.21315	0.21427	0.30634	53.41	3.12	-24.06
203	70	40	20	0	0.23522	0.25192	0.35209	57.26	-3.37	-24.25
204	70	30	20	0	0.25134	0.27976	0.38418	59.87	-7.62	-24.2
205	70	20	20	0	0.26832	0.30986	0.41826	62.5	-11.91	-24.12
206	70	10	20	0	0.28511	0.34163	0.45289	65.09	-16.42	-23.93
207	70	0	20	0	0.30267	0.37559	0.48896	67.69	-20.94	-23.68
208	70	100	10	0	0.15758	0.12221	0.18613	41.56	25.24	-22.49
209	70	85	10	0	0.17773	0.15121	0.23781	45.8	18.18	-25.55
210	70	70	10	0	0.19907	0.18393	0.29045	49.97	11.17	-27.47
211	70	55	10	0	0.2206	0.21845	0.34177	53.86	4.68	-28.63
212	70	40	10	0	0.24366	0.25667	0.39536	57.72	-1.65	-29.39
213	70	30	10	0	0.26057	0.28498	0.43306	60.34	-5.77	-29.71
214	70	20	10	0	0.27896	0.31614	0.47371	63.02	-9.92	-29.97
215	70	10	10	0	0.29929	0.35082	0.51774	65.81	-14.1	-30.16
216	70	0	10	0	0.31811	0.38587	0.56092	68.45	-18.52	-30.25
217	70	100	0	0	0.16105	0.12329	0.19722	41.73	26.5	-24.57
218	70	85	0	0	0.18264	0.15333	0.25657	46.09	19.54	-28.45
219	70	70	0	0	0.20543	0.187	0.31897	50.33	12.7	-31.32
220	70	55	0	0	0.22848	0.22258	0.37917	54.3	6.39	-33.12
221	70	40	0	0	0.25309	0.26186	0.44217	58.21	0.25	-34.49
222	70	30	0	0	0.27059	0.29042	0.48585	60.82	-3.76	-35.18
223	70	20	0	0	0.29002	0.32214	0.53338	63.52	-7.75	-35.82
224	70	10	0	0	0.31173	0.3578	0.58514	66.35	-11.8	-36.36
225	70	0	0	0	0.33521	0.39669	0.63977	69.23	-15.81	-36.78
226	0	100	10	20	0.27091	0.17247	0.15097	48.57	49.16	-2.21
227	0	70	10	20	0.34214	0.26159	0.24401	58.19	34.21	-5.33
228	0	40	10	20	0.42004	0.36997	0.3383	67.27	20.09	-5
229	0	20	10	20	0.48548	0.46473	0.41178	73.85	10.48	-3.72
230	0	10	10	20	0.52382	0.52115	0.45289	77.35	5.61	-2.8
231	0	0	10	20	0.56373	0.58196	0.49479	80.85	0.64	-1.67
232	85	100	20	0	0.12661	0.10755	0.17428	39.17	16.36	-23.99
233	85	85	20	0	0.1413	0.13102	0.21575	42.92	9.66	-26.31
234	85	70	20	0	0.15579	0.15566	0.25522	46.4	3.36	-27.67
235	85	55	20	0	0.17062	0.18209	0.29446	49.75	-2.69	-28.5
236	85	40	20	0	0.18651	0.21107	0.335	53.07	-8.54	-29.01
237	85	30	20	0	0.19836	0.23285	0.36429	55.36	-12.44	-29.24
238	85	20	20	0	0.21127	0.25671	0.39568	57.72	-16.34	-29.43
239	85	10	20	0	0.22303	0.28071	0.42669	59.95	-20.46	-29.57
240	85	0	20	0	0.23587	0.30637	0.45751	62.2	-24.36	-29.47
241	85	100	10	0	0.1299	0.1088	0.18571	39.38	17.63	-26.17
242	85	85	10	0	0.14575	0.1331	0.23504	43.23	11.06	-29.47
243	85	70	10	0	0.16145	0.15867	0.28171	46.8	4.9	-31.5
244	85	55	10	0	0.17711	0.18548	0.3273	50.15	-0.92	-32.89
245	85	40	10	0	0.19384	0.21497	0.37491	53.49	-6.62	-33.94
246	85	30	10	0	0.20648	0.2372	0.4094	55.81	-10.37	-34.53
247	85	20	10	0	0.22037	0.26179	0.44664	58.21	-14.16	-35.05
248	85	10	10	0	0.23584	0.28899	0.48688	60.69	-17.88	-35.52
249	85	0	10	0	0.24956	0.31531	0.52366	62.95	-21.67	-35.74
250	85	100	0	0	0.13324	0.10991	0.19753	39.56	19	-28.38
251	85	85	0	0	0.15046	0.13524	0.25422	43.54	12.54	-32.42
252	85	70	0	0	0.16786	0.16197	0.30972	47.23	6.63	-35.25
253	85	55	0	0	0.18487	0.18969	0.36344	50.65	1.03	-37.25
254	85	40	0	0	0.20278	0.21977	0.41926	54	-4.4	-38.9
255	85	30	0	0	0.2158	0.24183	0.45842	56.27	-7.94	-39.81
256	85	20	0	0	0.23075	0.26688	0.50148	58.68	-11.49	-40.64
257	85	10	0	0	0.2472	0.29464	0.54853	61.19	-15.08	-41.46
258	85	0	0	0	0.2665	0.32705	0.59987	63.92	-18.79	-42.03
259	10	100	10	20	0.2458	0.16094	0.15143	47.1	45.06	-4.86
260	10	70	10	20	0.31035	0.24312	0.24101	56.4	30.6	-7.87
261	10	40	10	20	0.37998	0.34213	0.33143	65.13	16.87	-7.68
262	10	20	10	20	0.43856	0.42826	0.40177	71.44	7.64	-6.58
263	10	10	10	20	0.47258	0.47917	0.44101	74.77	2.96	-5.8
264	10	0	10	20	0.507	0.53249	0.48033	78.02	-1.7	-4.88
265	100	100	20	0	0.10383	0.09631	0.17565	37.17	8.68	-27.74
266	100	85	20	0	0.11409	0.11398	0.21111	40.24	3.04	-29.99
267	100	70	20	0	0.12423	0.13292	0.24646	43.2	-2.64	-31.62
268	100	55	20	0	0.13403	0.15238	0.28022	45.96	-8.06	-32.71
269	100	40	20	0	0.14541	0.17463	0.31699	48.84	-13.33	-33.6
270	100	30	20	0	0.15413	0.19158	0.34409	50.87	-16.88	-34.12
271	100	20	20	0	0.16365	0.21005	0.37272	52.96	-20.39	-34.56
272	100	10	20	0	0.17179	0.22754	0.39884	54.82	-23.9	-34.86
273	100	0	20	0	0.18022	0.24592	0.42557	56.68	-27.38	-35.08
274	100	100	10	0	0.10698	0.09762	0.1879	37.41	10.03	-30.04
275	100	85	10	0	0.11848	0.11614	0.22997	40.6	4.63	-33.06
276	100	70	10	0	0.12974	0.13594	0.27194	43.64	-0.88	-35.31
277	100	55	10	0	0.1403	0.15573	0.31183	46.41	-6.02	-36.99
278	100	40	10	0	0.15211	0.1778	0.35386	49.23	-10.99	-38.36
279	100	30	10	0	0.1614	0.19487	0.38504	51.25	-14.32	-39.17
280	100	20	10	0	0.17187	0.21411	0.41912	53.4	-17.73	-39.92
281	100	10	10	0	0.18426	0.23638	0.45702	55.72	-21.16	-40.58
282	100	0	10	0	0.19359	0.25557	0.48946	57.61	-24.52	-41.12
283	100	100	0	0	0.11014	0.09876	0.19965	37.62	11.48	-32.18
284	100	85	0	0	0.12298	0.11825	0.24866	40.94	6.27	-35.92
285	100	70	0	0	0.13557	0.13891	0.29837	44.08	1.05	-38.9
286	100	55	0	0	0.14696	0.15913	0.34509	46.86	-3.86	-41.18
287	100	40	0	0	0.15978	0.18173	0.39458	49.7	-8.58	-43.11
288	100	30	0	0	0.16933	0.19845	0.4296	51.66	-11.65	-44.23
289	100	20	0	0	0.18063	0.21798	0.46885	53.81	-14.82	-45.28
290	100	10	0	0	0.19398	0.24085	0.51305	56.17	-18.11	-46.26
291	100	0	0	0	0.20839	0.26576	0.55969	58.58	-21.4	-47.14
292	20	100	10	20	0.2226	0.15034	0.15138	45.68	40.86	-7.29
293	20	70	10	20	0.28047	0.22538	0.23737	54.59	27	-10.31
294	20	40	10	20	0.34283	0.31565	0.3246	62.98	13.78	-10.36
295	20	20	10	20	0.39445	0.39314	0.39167	68.98	4.89	-9.5
296	20	10	10	20	0.42156	0.43631	0.42695	71.98	0.26	-8.87
297	20	0	10	20	0.452	0.48411	0.46442	75.08	-4.19	-8.08
298	0	100	55	0	0.35356	0.2144	0.13138	53.43	58.62	11.31
299	0	85	55	0	0.39302	0.26491	0.1596	58.5	49.6	12.79
300	0	70	55	0	0.43748	0.32553	0.18919	63.8	40.25	15.17
301	0	55	55	0	0.4864	0.39565	0.21935	69.16	30.96	18.23
302	0	40	55	0	0.53975	0.47542	0.24979	74.53	21.84	21.81
303	0	30	55	0	0.57936	0.53616	0.27071	78.24	15.72	24.54
304	0	20	55	0	0.62321	0.60488	0.29246	82.1	9.45	27.61
305	0	10	55	0	0.67276	0.68386	0.31528	86.2	2.96	31.08
306	0	0	55	0	0.72665	0.77127	0.33954	90.38	-3.53	34.66
307	0	100	40	0	0.36001	0.2175	0.15075	53.76	59.34	6.79
308	0	85	40	0	0.40248	0.27075	0.19018	59.04	50.21	6.76
309	0	70	40	0	0.44827	0.33228	0.23008	64.35	41.02	7.87
310	0	55	40	0	0.49917	0.40406	0.27175	69.76	31.83	9.75
311	0	40	40	0	0.55612	0.48747	0.3153	75.29	22.69	12.27
312	0	30	40	0	0.59723	0.54959	0.34552	79.02	16.65	14.2
313	0	20	40	0	0.64347	0.62106	0.37695	82.97	10.34	16.61
314	0	10	40	0	0.69463	0.70194	0.40975	87.09	3.86	19.37
315	0	0	40	0	0.7503	0.79136	0.44403	91.3	-2.59	22.32
316	0	100	30	0	0.36421	0.21929	0.16363	53.95	59.92	3.98
317	0	85	30	0	0.40857	0.27409	0.2112	59.35	50.76	2.93
318	0	70	30	0	0.45685	0.33794	0.26062	64.8	41.52	3.11
319	0	55	30	0	0.50861	0.41015	0.31039	70.19	32.5	4.23
320	0	40	30	0	0.56731	0.49497	0.36426	75.76	23.46	5.93
321	0	30	30	0	0.61058	0.5593	0.40159	79.57	17.41	7.47
322	0	20	30	0	0.65791	0.6315	0.44078	83.52	11.21	9.31
323	0	10	30	0	0.71089	0.71436	0.48185	87.7	4.73	11.62
324	0	0	30	0	0.7679	0.80534	0.52421	91.92	-1.73	14.15
325	40	100	10	20	0.18121	0.13062	0.15085	42.86	32.71	-12.03
326	40	70	10	20	0.22606	0.19193	0.22933	50.91	19.89	-15.15
327	40	40	10	20	0.2748	0.26525	0.30872	58.53	7.78	-15.61
328	40	20	10	20	0.31308	0.32613	0.36917	63.85	-0.5	-15.3
329	40	10	10	20	0.33384	0.36027	0.40078	66.54	-4.68	-14.9
330	40	0	10	20	0.35578	0.39682	0.43315	69.24	-8.8	-14.36
331	10	100	55	0	0.31153	0.19501	0.13058	51.27	53.14	7.8
332	10	85	55	0	0.34625	0.24078	0.15818	56.17	44.33	9.11
333	10	70	55	0	0.38631	0.29665	0.18719	61.36	35.14	11.41
334	10	55	55	0	0.42916	0.35982	0.21624	66.51	26.13	14.27
335	10	40	55	0	0.47605	0.43173	0.24556	71.67	17.28	17.63
336	10	30	55	0	0.5114	0.48703	0.26577	75.27	11.34	20.26
337	10	20	55	0	0.55082	0.54976	0.28695	79.03	5.27	23.2
338	10	10	55	0	0.59377	0.62013	0.3089	82.92	-0.99	26.41
339	10	0	55	0	0.63737	0.69408	0.33131	86.71	-7.14	29.54
340	10	100	40	0	0.31809	0.19814	0.14973	51.63	53.99	3.37
341	10	85	40	0	0.3556	0.24645	0.18822	56.73	45.08	3.19
342	10	70	40	0	0.39737	0.30363	0.22751	61.97	36.03	4.26
343	10	55	40	0	0.44215	0.3684	0.26755	67.16	27.13	5.98
344	10	40	40	0	0.49236	0.44369	0.3095	72.47	18.29	8.31
345	10	30	40	0	0.52947	0.50064	0.33851	76.11	12.42	10.2
346	10	20	40	0	0.5706	0.56537	0.36876	79.92	6.34	12.47
347	10	10	40	0	0.61524	0.63773	0.4002	83.85	0.08	15.02
348	10	0	40	0	0.6609	0.71389	0.43245	87.67	-6.02	17.5
349	10	100	30	0	0.32289	0.20062	0.16407	51.91	54.51	0.35
350	10	85	30	0	0.36187	0.25003	0.20971	57.08	45.67	-0.69
351	10	70	30	0	0.40528	0.30843	0.25684	62.37	36.72	-0.41
352	10	55	30	0	0.45137	0.37423	0.30486	67.59	27.92	0.62
353	10	40	30	0	0.50333	0.45092	0.35648	72.95	19.17	2.18
354	10	30	30	0	0.54187	0.50939	0.39296	76.64	13.29	3.55
355	10	20	30	0	0.58455	0.57552	0.43072	80.49	7.27	5.33
356	10	10	30	0	0.63085	0.6495	0.47007	84.46	1.05	7.41
357	10	0	30	0	0.67874	0.72794	0.51102	88.35	-5	9.44
358	70	100	10	20	0.12977	0.10492	0.14801	38.71	20.41	-18.46
359	70	70	10	20	0.15922	0.14839	0.21563	45.41	9.6	-21.98
360	70	40	10	20	0.19235	0.2017	0.28654	52.03	-1.08	-23.28
361	70	20	10	20	0.2161	0.24245	0.33654	56.33	-8.06	-23.61
362	70	10	10	20	0.22907	0.2653	0.36312	58.54	-11.61	-23.61
363	70	0	10	20	0.24152	0.28824	0.38965	60.63	-15.1	-23.63
364	20	100	55	0	0.27407	0.17765	0.13009	49.21	47.67	4.39
365	20	85	55	0	0.30566	0.22023	0.15747	54.05	38.98	5.63
366	20	70	55	0	0.34057	0.27051	0.18549	59.02	30.07	7.74
367	20	55	55	0	0.37813	0.32758	0.21357	63.96	21.31	10.42
368	20	40	55	0	0.41983	0.39296	0.24184	68.97	12.74	13.65
369	20	30	55	0	0.45081	0.44268	0.26127	72.41	7	16.11
370	20	20	55	0	0.48469	0.4983	0.28159	75.96	1.16	18.8
371	20	10	55	0	0.51937	0.55783	0.3021	79.49	-4.77	21.56
372	20	0	55	0	0.55681	0.62312	0.32352	83.08	-10.7	24.45
373	20	100	40	0	0.28111	0.18136	0.15041	49.66	48.52	-0.19
374	20	85	40	0	0.31459	0.22539	0.18674	54.59	39.93	-0.16
375	20	70	40	0	0.35119	0.27695	0.22456	59.61	31.16	0.76
376	20	55	40	0	0.39078	0.33578	0.26309	64.63	22.49	2.38
377	20	40	40	0	0.43513	0.40394	0.30389	69.75	13.91	4.49
378	20	30	40	0	0.46818	0.45571	0.33201	73.27	8.22	6.26
379	20	20	40	0	0.50364	0.5131	0.36097	76.87	2.39	8.29
380	20	10	40	0	0.54103	0.57548	0.39144	80.49	-3.49	10.38
381	20	0	40	0	0.5803	0.64276	0.42223	84.11	-9.36	12.64
382	20	100	30	0	0.28597	0.184	0.16524	49.98	49.05	-3.25
383	20	85	30	0	0.32081	0.2289	0.20797	54.96	40.61	-3.99
384	20	70	30	0	0.35896	0.28166	0.25325	60.04	31.94	-3.8
385	20	55	30	0	0.39973	0.34136	0.29922	65.07	23.38	-2.84
386	20	40	30	0	0.44582	0.41098	0.34907	70.24	14.89	-1.44
387	20	30	30	0	0.47988	0.46374	0.38453	73.79	9.22	-0.25
388	20	20	30	0	0.517	0.52265	0.42077	77.44	3.45	1.32
389	20	10	30	0	0.5563	0.58695	0.45924	81.12	-2.39	2.95
390	20	0	30	0	0.59787	0.65657	0.49836	84.82	-8.21	4.78
391	100	100	10	20	0.0928	0.08529	0.14478	35.06	9.04	-23.93
392	100	70	10	20	0.10995	0.11433	0.20422	40.3	-0.21	-28.5
393	100	40	10	20	0.125	0.14382	0.25731	44.78	-8.91	-30.83
394	100	20	10	20	0.13694	0.16748	0.29763	47.94	-14.74	-32.12
395	100	10	10	20	0.14366	0.18089	0.31963	49.6	-17.71	-32.68
396	100	0	10	20	0.15055	0.19441	0.34108	51.2	-20.41	-33.12
397	30	100	55	0	0.24137	0.1625	0.12985	47.3	42.27	1.16
398	30	85	55	0	0.26903	0.20102	0.15644	51.95	33.82	2.27
399	30	70	55	0	0.29971	0.24672	0.18374	56.75	25.1	4.22
400	30	55	55	0	0.33209	0.29757	0.21065	61.44	16.67	6.65
401	30	40	55	0	0.36862	0.35653	0.23793	66.25	8.34	9.69
402	30	30	55	0	0.39518	0.40062	0.2567	69.51	2.81	11.92
403	30	20	55	0	0.42316	0.44857	0.27605	72.8	-2.78	14.26
404	30	10	55	0	0.45251	0.50073	0.29569	76.11	-8.49	16.76
405	30	0	55	0	0.48432	0.55801	0.31658	79.5	-14.18	19.33
406	30	100	40	0	0.24811	0.16616	0.15052	47.77	43.14	-3.47
407	30	85	40	0	0.27748	0.20592	0.18536	52.5	34.85	-3.47
408	30	70	40	0	0.30965	0.2526	0.22148	57.33	26.33	-2.58
409	30	55	40	0	0.34409	0.30529	0.25842	62.11	17.98	-1.15
410	30	40	40	0	0.38282	0.36642	0.29777	67.01	9.7	0.73
411	30	30	40	0	0.4113	0.41237	0.32471	70.34	4.22	2.31
412	30	20	40	0	0.4416	0.46292	0.35317	73.73	-1.38	4
413	30	10	40	0	0.47336	0.51765	0.3821	77.14	-7.03	5.86
414	30	0	40	0	0.50733	0.57715	0.41203	80.58	-12.64	7.85
415	30	100	30	0	0.25284	0.16871	0.16492	48.1	43.75	-6.42
416	30	85	30	0	0.28346	0.20929	0.20612	52.87	35.6	-7.21
417	30	70	30	0	0.31713	0.25713	0.24947	57.76	27.19	-7.05
418	30	55	30	0	0.35258	0.31055	0.29358	62.55	18.95	-6.28
419	30	40	30	0	0.39308	0.37315	0.34156	67.51	10.77	-5.06
420	30	30	30	0	0.42261	0.42006	0.37544	70.88	5.34	-4.04
421	30	20	30	0	0.4543	0.47192	0.41076	74.31	-0.21	-2.79
422	30	10	30	0	0.4879	0.52846	0.44723	77.78	-5.81	-1.36
423	30	0	30	0	0.52381	0.58993	0.48495	81.29	-11.37	0.21
424	0	100	20	20	0.26663	0.17054	0.14071	48.33	48.47	0
425	0	70	20	20	0.3352	0.2573	0.2211	57.78	33.55	-1.73
426	0	40	20	20	0.41056	0.36354	0.30173	66.79	19.3	-0.27
427	0	20	20	20	0.474	0.45676	0.36408	73.33	9.55	1.77
428	0	10	20	20	0.50983	0.51121	0.3976	76.75	4.52	3.12
429	0	0	20	20	0.54834	0.57077	0.43263	80.22	-0.5	4.63
430	40	100	55	0	0.21217	0.14883	0.12986	45.47	36.89	-1.99
431	40	85	55	0	0.23624	0.18361	0.15543	49.93	28.69	-0.97
432	40	70	55	0	0.26245	0.22421	0.18144	54.47	20.28	0.79
433	40	55	55	0	0.29067	0.26991	0.20739	58.97	12.13	3.04
434	40	40	55	0	0.32181	0.32201	0.23352	63.51	4.11	5.78
435	40	30	55	0	0.34413	0.36077	0.25219	66.58	-1.28	7.66
436	40	20	55	0	0.3676	0.4026	0.27065	69.65	-6.65	9.76
437	40	10	55	0	0.39275	0.44855	0.28978	72.8	-12.11	12
438	40	0	55	0	0.41987	0.4988	0.31004	76	-17.55	14.3
439	40	100	40	0	0.21879	0.15249	0.15019	45.97	37.84	-6.49
440	40	85	40	0	0.24442	0.18838	0.18377	50.5	29.81	-6.58
441	40	70	40	0	0.27217	0.23013	0.21837	55.09	21.59	-5.84
442	40	55	40	0	0.30211	0.27723	0.25369	59.64	13.57	-4.57
443	40	40	40	0	0.33541	0.33145	0.29141	64.28	5.62	-2.95
444	40	30	40	0	0.35945	0.37186	0.3178	67.42	0.3	-1.69
445	40	20	40	0	0.3851	0.41609	0.34487	70.6	-5.06	-0.22
446	40	10	40	0	0.41238	0.46434	0.37289	73.83	-10.47	1.4
447	40	0	40	0	0.44139	0.51651	0.40162	77.07	-15.83	3.15
448	40	100	30	0	0.22285	0.15444	0.16416	46.24	38.58	-9.45
449	40	85	30	0	0.25017	0.19167	0.20439	50.88	30.62	-10.29
450	40	70	30	0	0.27958	0.23483	0.2464	55.57	22.46	-10.29
451	40	55	30	0	0.31003	0.28216	0.28809	60.08	14.59	-9.65
452	40	40	30	0	0.34499	0.33776	0.33399	64.78	6.75	-8.66
453	40	30	30	0	0.37032	0.37914	0.36644	67.96	1.56	-7.83
454	40	20	30	0	0.39743	0.42471	0.40001	71.19	-3.74	-6.77
455	40	10	30	0	0.42603	0.47431	0.43477	74.46	-9.11	-5.56
456	40	0	30	0	0.4561	0.52773	0.47019	77.74	-14.47	-4.18
457	10	100	20	20	0.24167	0.15909	0.14119	46.86	44.32	-2.66
458	10	70	20	20	0.30388	0.23925	0.2187	56.01	29.86	-4.31
459	10	40	20	20	0.371	0.33618	0.29612	64.66	16	-3.06
460	10	20	20	20	0.42786	0.421	0.3559	70.94	6.63	-1.21
461	10	10	20	20	0.4594	0.46993	0.38789	74.19	1.79	-0.01
462	10	0	20	20	0.49269	0.52225	0.42093	77.41	-2.92	1.26
463	55	100	55	0	0.17408	0.1308	0.12964	42.88	28.79	-6.39
464	55	85	55	0	0.1931	0.16017	0.15367	47	20.99	-5.59
465	55	70	55	0	0.21361	0.19418	0.17802	51.17	13	-4.13
466	55	55	55	0	0.23546	0.23183	0.20221	55.26	5.37	-2.29
467	55	40	55	0	0.2595	0.27483	0.22768	59.42	-2.27	-0.17
468	55	30	55	0	0.27642	0.30618	0.24502	62.18	-7.31	1.37
469	55	20	55	0	0.29474	0.34056	0.26293	65.01	-12.36	3.07
470	55	10	55	0	0.31385	0.37758	0.2808	67.84	-17.44	4.93
471	55	0	55	0	0.33461	0.41795	0.29966	70.73	-22.47	6.85
472	55	100	40	0	0.18002	0.13393	0.14954	43.35	29.96	-10.85
473	55	85	40	0	0.20106	0.16502	0.18199	47.63	22.24	-11.13
474	55	70	40	0	0.22301	0.20023	0.21434	51.86	14.41	-10.6
475	55	55	40	0	0.24633	0.23913	0.24717	56	6.91	-9.68
476	55	40	40	0	0.2723	0.2836	0.28226	60.21	-0.46	-8.47
477	55	30	40	0	0.29076	0.31644	0.30672	63.05	-5.43	-7.51
478	55	20	40	0	0.31013	0.35206	0.3318	65.91	-10.48	-6.39
479	55	10	40	0	0.33059	0.39061	0.35722	68.8	-15.55	-5.09
480	55	0	40	0	0.35288	0.4327	0.38416	71.74	-20.53	-3.73
481	55	100	30	0	0.18389	0.13582	0.16292	43.63	30.79	-13.65
482	55	85	30	0	0.20626	0.16796	0.20171	48	23.16	-14.7
483	55	70	30	0	0.22987	0.20459	0.2413	52.35	15.41	-14.9
484	55	55	30	0	0.25377	0.24377	0.28011	56.46	8.08	-14.58
485	55	40	30	0	0.28121	0.28946	0.32273	60.73	0.83	-13.96
486	55	30	30	0	0.30091	0.3232	0.35254	63.61	-3.98	-13.38
487	55	20	30	0	0.32147	0.35989	0.38339	66.51	-8.95	-12.64
488	55	10	30	0	0.34312	0.39961	0.41494	69.44	-13.97	-11.73
489	55	0	30	0	0.36616	0.44244	0.44768	72.39	-18.92	-10.72
490	20	100	20	20	0.21876	0.14855	0.14159	45.43	40.15	-5.21
491	20	70	20	20	0.27459	0.22206	0.21613	54.25	26.17	-6.85
492	20	40	20	20	0.33405	0.31003	0.29015	62.51	12.76	-5.8
493	20	20	20	20	0.38402	0.38626	0.34725	68.48	3.73	-4.22
494	20	10	20	20	0.41132	0.42937	0.37746	71.51	-0.82	-3.22
495	20	0	20	20	0.4403	0.47589	0.40879	74.57	-5.34	-2.1
496	70	100	55	0	0.14208	0.11532	0.12976	40.46	20.72	-10.6
497	70	85	55	0	0.15683	0.14017	0.15237	44.26	13.2	-10
498	70	70	55	0	0.17246	0.16826	0.17524	48.04	5.68	-8.91
499	70	55	55	0	0.18883	0.19859	0.19765	51.68	-1.36	-7.52
500	70	40	55	0	0.20644	0.23282	0.22112	55.36	-8.48	-5.9
501	70	30	55	0	0.21864	0.25754	0.2372	57.8	-13.22	-4.75
502	70	20	55	0	0.23185	0.28441	0.25353	60.29	-17.9	-3.43
503	70	10	55	0	0.24601	0.31368	0.27036	62.82	-22.6	-1.99
504	70	0	55	0	0.26106	0.34512	0.28768	65.37	-27.26	-0.47
505	70	100	40	0	0.14724	0.11794	0.14872	40.89	22.05	-14.89
506	70	85	40	0	0.16389	0.14438	0.17968	44.86	14.66	-15.4
507	70	70	40	0	0.18102	0.17375	0.2103	48.73	7.3	-15.2
508	70	55	40	0	0.19895	0.20547	0.24072	52.45	0.41	-14.62
509	70	40	40	0	0.21843	0.24107	0.27253	56.19	-6.39	-13.77
510	70	30	40	0	0.23192	0.267	0.29497	58.7	-11.01	-13.15
511	70	20	40	0	0.24601	0.29488	0.31766	61.21	-15.68	-12.37
512	70	10	40	0	0.26084	0.32491	0.34107	63.75	-20.36	-11.48
513	70	0	40	0	0.27708	0.35761	0.36543	66.34	-24.95	-10.48
514	70	100	30	0	0.15058	0.11941	0.16175	41.12	23.04	-17.69
515	70	85	30	0	0.16859	0.14698	0.19907	45.22	15.72	-18.95
516	70	70	30	0	0.18698	0.17735	0.23619	49.17	8.49	-19.44
517	70	55	30	0	0.20598	0.21001	0.27263	52.95	1.7	-19.38
518	70	40	30	0	0.22688	0.24677	0.31125	56.76	-4.94	-19.06
519	70	30	30	0	0.24174	0.27358	0.33782	59.3	-9.31	-18.67
520	70	20	30	0	0.25708	0.3026	0.36584	61.88	-13.87	-18.23
521	70	10	30	0	0.27255	0.33327	0.3946	64.43	-18.52	-17.73
522	70	0	30	0	0.28913	0.36638	0.42405	67	-23.11	-17.08
523	40	100	20	20	0.17805	0.12914	0.14127	42.63	31.99	-9.96
524	40	70	20	20	0.22097	0.18924	0.20959	50.6	18.92	-11.83
525	40	40	20	20	0.26737	0.26071	0.27694	58.1	6.64	-11.22
526	40	20	20	20	0.30361	0.31987	0.32821	63.33	-1.79	-10.3
527	40	10	20	20	0.32385	0.35351	0.35507	66.02	-5.98	-9.57
528	40	0	20	20	0.34484	0.38924	0.38218	68.7	-10.16	-8.71
529	85	100	55	0	0.11452	0.10155	0.12865	38.12	12.51	-14.33
530	85	85	55	0	0.12549	0.12197	0.15005	41.53	5.42	-14.12
531	85	70	55	0	0.13734	0.14478	0.17206	44.91	-1.42	-13.58
532	85	55	55	0	0.14903	0.16866	0.19243	48.09	-7.92	-12.6
533	85	40	55	0	0.16114	0.19497	0.21378	51.26	-14.52	-11.52
534	85	30	55	0	0.16959	0.21377	0.22809	53.36	-18.82	-10.7
535	85	20	55	0	0.17885	0.23432	0.24304	55.51	-23.1	-9.77
536	85	10	55	0	0.1885	0.25625	0.25794	57.68	-27.39	-8.7
537	85	0	55	0	0.1993	0.28023	0.27352	59.91	-31.57	-7.53
538	85	100	40	0	0.11895	0.10358	0.14643	38.48	14.09	-18.46
539	85	85	40	0	0.13148	0.12527	0.17547	42.04	7.18	-19.3
540	85	70	40	0	0.14494	0.14954	0.20551	45.57	0.46	-19.67
541	85	55	40	0	0.15797	0.17463	0.23329	48.84	-5.89	-19.47
542	85	40	40	0	0.17188	0.20226	0.26165	52.09	-12.1	-18.98
543	85	30	40	0	0.18154	0.22225	0.28185	54.27	-16.29	-18.66
544	85	20	40	0	0.19144	0.24343	0.30215	56.43	-20.51	-18.2
545	85	10	40	0	0.2016	0.26599	0.32294	58.6	-24.79	-17.67
546	85	0	40	0	0.21268	0.28994	0.34335	60.78	-28.83	-16.94
547	85	100	30	0	0.12267	0.10551	0.16035	38.81	15.21	-21.34
548	85	85	30	0	0.13631	0.12815	0.19529	42.48	8.39	-22.88
549	85	70	30	0	0.15034	0.15275	0.23011	46.01	1.84	-23.75
550	85	55	30	0	0.16411	0.17833	0.26284	49.29	-4.34	-24.01
551	85	40	30	0	0.17923	0.20692	0.29741	52.61	-10.39	-24.03
552	85	30	30	0	0.19014	0.22795	0.32176	54.86	-14.4	-23.94
553	85	20	30	0	0.20102	0.25009	0.34689	57.08	-18.54	-23.81
554	85	10	30	0	0.21186	0.27326	0.37251	59.28	-22.75	-23.64
555	85	0	30	0	0.22335	0.29759	0.39724	61.45	-26.75	-23.22
556	70	100	20	20	0.1276	0.10414	0.13956	38.58	19.56	-16.51
557	70	70	20	20	0.15521	0.14652	0.1979	45.15	8.39	-18.82
558	70	40	20	20	0.18676	0.19871	0.25892	51.69	-2.48	-19.2
559	70	20	20	20	0.20873	0.23803	0.30115	55.89	-9.65	-18.97
560	70	10	20	20	0.21991	0.25909	0.32282	57.95	-13.27	-18.77
561	70	0	20	20	0.23153	0.28131	0.34512	60.01	-16.84	-18.52
562	100	100	55	0	0.09078	0.08863	0.12578	35.72	4.53	-17.66
563	100	85	55	0	0.09962	0.10577	0.14817	38.86	-1.84	-18.25
564	100	70	55	0	0.1078	0.12358	0.16826	41.78	-8.17	-18.1
565	100	55	55	0	0.11542	0.14161	0.18613	44.46	-14.2	-17.5
566	100	40	55	0	0.12353	0.1614	0.20517	47.16	-20.17	-16.87
567	100	30	55	0	0.12903	0.17521	0.21777	48.91	-24.04	-16.37
568	100	20	55	0	0.13489	0.18999	0.23062	50.69	-27.88	-15.78
569	100	10	55	0	0.14081	0.20526	0.24265	52.43	-31.64	-15.02
570	100	0	55	0	0.14758	0.22222	0.25592	54.26	-35.4	-14.24
571	100	100	40	0	0.09589	0.09158	0.14559	36.29	6.28	-22.02
572	100	85	40	0	0.105	0.10861	0.17226	39.34	0.21	-23.22
573	100	70	40	0	0.1143	0.12733	0.19908	42.36	-5.93	-23.89
574	100	55	40	0	0.12303	0.14631	0.22355	45.12	-11.75	-24.02
575	100	40	40	0	0.13282	0.1676	0.24971	47.96	-17.45	-24
576	100	30	40	0	0.13935	0.18258	0.26775	49.81	-21.26	-23.97
577	100	20	40	0	0.14585	0.19794	0.28517	51.6	-24.98	-23.79
578	100	10	40	0	0.15232	0.21376	0.30209	53.36	-28.67	-23.49
579	100	0	40	0	0.1592	0.23059	0.31943	55.13	-32.31	-23.12
580	100	100	30	0	0.10015	0.09432	0.16144	36.8	7.43	-25.06
581	100	85	30	0	0.10944	0.11127	0.19131	39.79	1.6	-26.67
582	100	70	30	0	0.11924	0.13026	0.22247	42.8	-4.35	-27.82
583	100	55	30	0	0.12826	0.14919	0.25072	45.52	-9.95	-28.38
584	100	40	30	0	0.13902	0.17129	0.2824	48.42	-15.5	-28.82
585	100	30	30	0	0.14674	0.18731	0.30462	50.37	-19.13	-29.04
586	100	20	30	0	0.15425	0.20379	0.32672	52.26	-22.81	-29.16
587	100	10	30	0	0.16147	0.22034	0.34789	54.06	-26.39	-29.17
588	100	0	30	0	0.16887	0.23767	0.36915	55.85	-29.97	-29.07
589	100	100	20	20	0.08987	0.08395	0.13592	34.79	7.76	-22.06
590	100	70	20	20	0.1062	0.11236	0.18728	39.97	-1.6	-25.49
591	100	40	20	20	0.12054	0.14179	0.23374	44.49	-10.72	-27.06
592	100	20	20	20	0.13172	0.16505	0.26881	47.63	-16.76	-27.91
593	100	10	20	20	0.13773	0.17747	0.28642	49.19	-19.61	-28.16
594	100	0	20	20	0.14402	0.19051	0.30449	50.75	-22.42	-28.37
595	0	100	100	0	0.3341	0.20252	0.08064	52.12	57.56	25.33
596	0	85	100	0	0.36784	0.24693	0.08658	56.77	48.95	31.14
597	0	70	100	0	0.40569	0.29993	0.09265	61.65	39.97	37.39
598	0	55	100	0	0.44793	0.3621	0.09986	66.68	30.86	43.63
599	0	40	100	0	0.49708	0.43669	0.10738	72.01	21.58	50.39
600	0	30	100	0	0.53419	0.49434	0.11259	75.72	15.31	55.18
601	0	20	100	0	0.57598	0.56011	0.11718	79.62	8.94	60.52
602	0	10	100	0	0.62307	0.63516	0.12125	83.71	2.47	66.38
603	0	0	100	0	0.67415	0.71817	0.12555	87.88	-3.99	72.34
604	0	100	85	0	0.34027	0.20657	0.09511	52.57	57.77	20.9
605	0	85	85	0	0.37813	0.25593	0.10962	57.65	48.53	24.93
606	0	70	85	0	0.41783	0.31145	0.12123	62.63	39.44	30.04
607	0	55	85	0	0.46066	0.37448	0.13308	67.61	30.48	35.29
608	0	40	85	0	0.50972	0.4492	0.14538	72.84	21.36	41.05
609	0	30	85	0	0.54679	0.50693	0.15407	76.49	15.18	45.16
610	0	20	85	0	0.58918	0.57388	0.16322	80.4	8.78	49.67
611	0	10	85	0	0.63687	0.65028	0.1728	84.5	2.26	54.51
612	0	0	85	0	0.68882	0.73487	0.18179	88.68	-4.23	59.69
613	0	100	70	0	0.34674	0.21052	0.11196	53.01	58.12	16.21
614	0	85	70	0	0.38591	0.26121	0.13298	58.15	48.86	19.01
615	0	70	70	0	0.42885	0.32058	0.1537	63.39	39.46	22.66
616	0	55	70	0	0.47381	0.38625	0.17325	68.48	30.43	26.78
617	0	40	70	0	0.52449	0.46298	0.19291	73.74	21.35	31.52
618	0	30	70	0	0.56193	0.52115	0.2063	77.35	15.27	34.96
619	0	20	70	0	0.60489	0.5889	0.22067	81.23	8.93	38.79
620	0	10	70	0	0.65317	0.66616	0.23614	85.31	2.44	42.88
621	0	0	70	0	0.70622	0.75247	0.2527	89.51	-4.07	47.11
622	0	100	40	20	0.2589	0.16688	0.12086	47.86	47.29	4.69
623	0	70	40	20	0.32158	0.24806	0.17804	56.89	32.58	5.71
624	0	40	40	20	0.3934	0.35216	0.23512	65.92	17.75	9.63
625	0	20	40	20	0.45146	0.44008	0.277	72.23	7.94	13.13
626	0	10	40	20	0.48437	0.49163	0.29906	75.55	2.85	15.26
627	0	0	40	20	0.51917	0.54729	0.32133	78.88	-2.22	17.55
628	10	100	100	0	0.29095	0.18339	0.08034	49.9	51.3	21.62
629	10	85	100	0	0.32054	0.22359	0.08659	54.41	42.9	27.05
630	10	70	100	0	0.35489	0.27287	0.09373	59.24	34.02	32.86
631	10	55	100	0	0.39172	0.32865	0.10068	64.05	25.26	38.83
632	10	40	100	0	0.43443	0.39551	0.10797	69.15	16.29	45.27
633	10	30	100	0	0.46739	0.44757	0.11265	72.73	10.31	50.01
634	10	20	100	0	0.50425	0.50684	0.11705	76.49	4.18	55.16
635	10	10	100	0	0.54478	0.57338	0.12092	80.37	-2.03	60.71
636	10	0	100	0	0.5863	0.64327	0.12503	84.14	-8.02	66.02
637	10	100	85	0	0.29741	0.18744	0.0947	50.39	51.68	17.27
638	10	85	85	0	0.3303	0.23188	0.10877	55.27	42.67	21.09
639	10	70	85	0	0.3662	0.28316	0.12132	60.17	33.76	25.77
640	10	55	85	0	0.40375	0.34005	0.13305	64.97	25.07	30.74
641	10	40	85	0	0.44643	0.40695	0.14488	69.96	16.28	36.22
642	10	30	85	0	0.47954	0.45943	0.1533	73.51	10.33	40.21
643	10	20	85	0	0.51686	0.51959	0.16196	77.26	4.2	44.56
644	10	10	85	0	0.55794	0.58743	0.17115	81.15	-2.1	49.11
645	10	0	85	0	0.60028	0.65887	0.17946	84.94	-8.14	53.76
646	10	100	70	0	0.30445	0.19123	0.11166	50.83	52.41	12.55
647	10	85	70	0	0.33862	0.23678	0.13197	55.76	43.44	15.17
648	10	70	70	0	0.37682	0.29103	0.15212	60.87	34.21	18.71
649	10	55	70	0	0.41625	0.35028	0.171	65.77	25.43	22.63
650	10	40	70	0	0.46054	0.41927	0.19003	70.82	16.61	27.1
651	10	30	70	0	0.49467	0.473	0.2034	74.38	10.69	30.43
652	10	20	70	0	0.53274	0.53427	0.21739	78.13	4.57	34.08
653	10	10	70	0	0.57465	0.60325	0.23236	82.01	-1.7	37.9
654	10	0	70	0	0.6168	0.67532	0.24699	85.77	-7.85	41.69
655	10	100	40	20	0.23327	0.15472	0.12042	46.27	43.13	2.07
656	10	70	40	20	0.29006	0.22995	0.17634	55.07	28.7	2.96
657	10	40	40	20	0.35394	0.32446	0.23155	63.71	14.43	6.5
658	10	20	40	20	0.40661	0.40554	0.27202	69.86	4.85	9.88
659	10	10	40	20	0.43542	0.45178	0.29313	73.01	-0.06	11.82
660	10	0	40	20	0.46436	0.4995	0.31372	76.04	-4.8	13.8
661	20	100	100	0	0.25302	0.16643	0.08028	47.81	45.08	18.03
662	20	85	100	0	0.28013	0.20417	0.08776	52.31	36.73	23.01
663	20	70	100	0	0.30986	0.24838	0.09482	56.92	28.18	28.49
664	20	55	100	0	0.34124	0.29776	0.10136	61.46	19.79	34.14
665	20	40	100	0	0.3789	0.35802	0.10813	66.37	11.19	40.43
666	20	30	100	0	0.40777	0.40492	0.11278	69.82	5.4	44.94
667	20	20	100	0	0.43894	0.45681	0.11681	73.34	-0.44	49.8
668	20	10	100	0	0.47174	0.51291	0.1206	76.86	-6.25	54.75
669	20	0	100	0	0.50685	0.57408	0.12455	80.41	-12.03	59.74
670	20	100	85	0	0.26004	0.17027	0.0948	48.29	45.91	13.62
671	20	85	85	0	0.28909	0.21082	0.10847	53.04	37.07	17.34
672	20	70	85	0	0.32033	0.25696	0.12072	57.75	28.42	21.77
673	20	55	85	0	0.3528	0.308	0.13197	62.34	19.95	26.51
674	20	40	85	0	0.39095	0.36905	0.14379	67.21	11.42	31.75
675	20	30	85	0	0.41976	0.41605	0.15194	70.6	5.68	35.53
676	20	20	85	0	0.45171	0.46933	0.16031	74.15	-0.24	39.59
677	20	10	85	0	0.48382	0.52565	0.16839	77.62	-6.2	43.66
678	20	0	85	0	0.51985	0.58838	0.17635	81.2	-12.03	48.02
679	20	100	70	0	0.26714	0.17405	0.11147	48.77	46.79	9.05
680	20	85	70	0	0.29749	0.21577	0.13124	53.58	37.97	11.6
681	20	70	70	0	0.33066	0.26451	0.15085	58.46	29.02	14.88
682	20	55	70	0	0.36487	0.31767	0.16892	63.15	20.49	18.6
683	20	40	70	0	0.40428	0.38047	0.18765	68.06	11.92	22.85
684	20	30	70	0	0.43433	0.42892	0.20074	71.48	6.21	25.98
685	20	20	70	0	0.46657	0.48277	0.21413	75	0.3	29.33
686	20	10	70	0	0.50022	0.541	0.22761	78.52	-5.65	32.78
687	20	0	70	0	0.53615	0.60443	0.24177	82.08	-11.6	36.27
688	20	100	40	20	0.21044	0.14416	0.12072	44.82	38.87	-0.51
689	20	70	40	20	0.26131	0.2132	0.17467	53.3	24.87	0.29
690	20	40	40	20	0.31792	0.29904	0.22784	61.57	11.06	3.51
691	20	20	40	20	0.36437	0.37224	0.26684	67.45	1.81	6.59
692	20	10	40	20	0.38907	0.41273	0.28677	70.37	-2.79	8.3
693	20	0	40	20	0.41421	0.45515	0.30649	73.23	-7.34	10.08
694	30	100	100	0	0.2207	0.15167	0.08071	45.86	39.21	14.51
695	30	85	100	0	0.24439	0.1858	0.08839	50.19	31.11	19.14
696	30	70	100	0	0.26977	0.22556	0.09538	54.61	22.66	24.32
697	30	55	100	0	0.29704	0.26992	0.10174	58.97	14.56	29.71
698	30	40	100	0	0.32963	0.32384	0.10836	63.66	6.26	35.69
699	30	30	100	0	0.35385	0.36475	0.11254	66.88	0.73	39.95
700	30	20	100	0	0.37922	0.40903	0.11646	70.11	-4.82	44.33
701	30	10	100	0	0.40639	0.45747	0.11992	73.38	-10.38	48.96
702	30	0	100	0	0.43476	0.50964	0.12416	76.66	-15.98	53.38
703	30	100	85	0	0.22778	0.15541	0.09513	46.37	40.27	10.19
704	30	85	85	0	0.25295	0.19193	0.10846	50.91	31.66	13.68
705	30	70	85	0	0.27976	0.23347	0.1204	55.43	23.13	17.86
706	30	55	85	0	0.30785	0.27922	0.13136	59.82	14.93	22.33
707	30	40	85	0	0.34115	0.33414	0.14296	64.49	6.68	27.29
708	30	30	85	0	0.36556	0.37547	0.15069	67.69	1.16	30.82
709	30	20	85	0	0.39119	0.42051	0.15835	70.91	-4.45	34.48
710	30	10	85	0	0.41826	0.46981	0.16616	74.18	-10.2	38.26
711	30	0	85	0	0.44714	0.52304	0.17427	77.46	-15.84	42.04
712	30	100	70	0	0.23455	0.15886	0.11141	46.82	41.32	5.72
713	30	85	70	0	0.26118	0.1967	0.13073	51.46	32.73	8.1
714	30	70	70	0	0.29009	0.24089	0.14992	56.18	23.93	11.17
715	30	55	70	0	0.31976	0.2886	0.16741	60.66	15.67	14.65
716	30	40	70	0	0.35402	0.345	0.18547	65.36	7.35	18.67
717	30	30	70	0	0.37949	0.38769	0.19794	68.58	1.84	21.57
718	30	20	70	0	0.40581	0.4338	0.21068	71.81	-3.8	24.52
719	30	10	70	0	0.43395	0.48449	0.2235	75.11	-9.53	27.68
720	30	0	70	0	0.46397	0.53966	0.23725	78.44	-15.27	30.83
721	40	100	40	20	0.17058	0.12552	0.12119	42.08	30.34	-5.38
722	40	70	40	20	0.21051	0.18305	0.17132	49.86	17.18	-4.87
723	40	40	40	20	0.25362	0.2518	0.21907	57.25	4.62	-2.25
724	40	20	40	20	0.28653	0.30777	0.25444	62.32	-3.92	-0.08
725	40	10	40	20	0.30548	0.34019	0.27297	64.98	-8.19	1.3
726	40	0	40	20	0.32664	0.37615	0.29232	67.74	-12.38	2.86
727	40	100	100	0	0.19288	0.13867	0.08149	44.04	33.62	11.08
728	40	85	100	0	0.21292	0.16937	0.08905	48.18	25.58	15.44
729	40	70	100	0	0.23428	0.2045	0.09566	52.34	17.43	20.31
730	40	55	100	0	0.25817	0.24479	0.10205	56.56	9.49	25.47
731	40	40	100	0	0.28566	0.29222	0.10823	60.98	1.52	31.1
732	40	30	100	0	0.30486	0.32663	0.11209	63.89	-3.72	34.93
733	40	20	100	0	0.32571	0.36476	0.11573	66.88	-9.03	38.99
734	40	10	100	0	0.34752	0.40608	0.11954	69.9	-14.43	43.07
735	40	0	100	0	0.36989	0.44999	0.1238	72.89	-19.85	46.99
736	40	100	85	0	0.19958	0.1422	0.0955	44.55	34.79	6.93
737	40	85	85	0	0.22138	0.17526	0.1087	48.92	26.35	10.16
738	40	70	85	0	0.24402	0.21213	0.12012	53.18	18.07	14.07
739	40	55	85	0	0.26837	0.25344	0.13083	57.41	10.03	18.32
740	40	40	85	0	0.29639	0.30176	0.14194	61.81	2.07	22.92
741	40	30	85	0	0.31605	0.33696	0.14927	64.72	-3.19	26.06
742	40	20	85	0	0.33734	0.37609	0.15659	67.73	-8.6	29.44
743	40	10	85	0	0.35955	0.41863	0.16426	70.78	-14.15	32.84
744	40	0	85	0	0.38327	0.46454	0.17225	73.84	-19.61	36.26
745	40	100	70	0	0.20605	0.14549	0.1114	45.01	35.95	2.59
746	40	85	70	0	0.229	0.17961	0.13033	49.45	27.54	4.73
747	40	70	70	0	0.25393	0.21924	0.14902	53.95	19	7.55
748	40	55	70	0	0.27967	0.26229	0.16595	58.25	10.91	10.85
749	40	40	70	0	0.30863	0.31203	0.18329	62.68	2.9	14.53
750	40	30	70	0	0.32909	0.34831	0.19517	65.62	-2.38	17.03
751	40	20	70	0	0.35105	0.38843	0.20728	68.64	-7.79	19.73
752	40	10	70	0	0.37459	0.43265	0.21991	71.73	-13.33	22.56
753	40	0	70	0	0.39967	0.48066	0.23336	74.87	-18.86	25.39
754	70	100	40	20	0.12236	0.10156	0.12053	38.12	17.97	-12.01
755	70	70	40	20	0.14816	0.14309	0.16433	44.67	6.29	-12.18
756	70	40	40	20	0.1748	0.19088	0.20619	50.79	-4.91	-10.81
757	70	20	40	20	0.19344	0.22724	0.23578	54.79	-12.41	-9.68
758	70	10	40	20	0.20353	0.24729	0.25064	56.81	-16.14	-8.9
759	70	0	40	20	0.21442	0.26883	0.26588	58.87	-19.78	-8.03
760	55	100	100	0	0.15741	0.1221	0.08306	41.55	25.22	6.19
761	55	85	100	0	0.17264	0.14784	0.09014	45.34	17.43	10.15
762	55	70	100	0	0.18874	0.17723	0.09617	49.16	9.46	14.65
763	55	55	100	0	0.207	0.21046	0.1022	53	1.98	19.27
764	55	40	100	0	0.22699	0.24807	0.1079	56.89	-5.43	24.15
765	55	30	100	0	0.24087	0.2753	0.11149	59.46	-10.37	27.48
766	55	20	100	0	0.25582	0.30532	0.11537	62.11	-15.4	30.87
767	55	10	100	0	0.27125	0.33758	0.11916	64.77	-20.53	34.33
768	55	0	100	0	0.28753	0.37243	0.12355	67.46	-25.69	37.7
769	55	100	85	0	0.16343	0.12522	0.09644	42.03	26.56	2.28
770	55	85	85	0	0.18044	0.15324	0.10921	46.07	18.43	5.1
771	55	70	85	0	0.1977	0.18422	0.11978	50	10.34	8.69
772	55	55	85	0	0.21623	0.21824	0.12985	53.84	2.74	12.44
773	55	40	85	0	0.23669	0.25674	0.14027	57.73	-4.71	16.33
774	55	30	85	0	0.25118	0.28489	0.14713	60.33	-9.67	19.03
775	55	20	85	0	0.26695	0.31623	0.15445	63.03	-14.77	21.86
776	55	10	85	0	0.28342	0.35025	0.16179	65.77	-20	24.79
777	55	0	85	0	0.30088	0.38693	0.16975	68.53	-25.21	27.68
778	55	100	70	0	0.1684	0.12754	0.11143	42.39	27.8	-1.94
779	55	85	70	0	0.18648	0.15645	0.1294	46.51	19.73	-0.08
780	55	70	70	0	0.20553	0.18928	0.14681	50.6	11.6	2.35
781	55	55	70	0	0.22549	0.22507	0.16288	54.56	3.91	5.21
782	55	40	70	0	0.24756	0.26585	0.17991	58.59	-3.71	8.23
783	55	30	70	0	0.26294	0.29519	0.19106	61.24	-8.68	10.36
784	55	20	70	0	0.27993	0.32802	0.203	64	-13.75	12.62
785	55	10	70	0	0.29763	0.36361	0.21493	66.8	-18.96	15.03
786	55	0	70	0	0.3165	0.40186	0.22745	69.6	-24.07	17.43
787	100	100	40	20	0.08484	0.08155	0.11742	34.3	5.56	-17.69
788	100	70	40	20	0.09897	0.10834	0.15495	39.3	-4.25	-19.18
789	100	40	40	20	0.11158	0.13675	0.18941	43.76	-13.95	-19.41
790	100	20	40	20	0.12168	0.15895	0.21421	46.84	-20.05	-19.24
791	100	10	40	20	0.12657	0.17034	0.22606	48.3	-23.05	-19.03
792	100	0	40	20	0.13141	0.18204	0.23792	49.74	-26.06	-18.77
793	70	100	100	0	0.1281	0.10826	0.08485	39.29	16.83	1.62
794	70	85	100	0	0.13867	0.12924	0.09087	42.65	9.17	5.26
795	70	70	100	0	0.15041	0.15321	0.09651	46.07	1.61	9.21
796	70	55	100	0	0.16352	0.17964	0.10214	49.45	-5.36	13.18
797	70	40	100	0	0.17754	0.2091	0.10756	52.85	-12.32	17.3
798	70	30	100	0	0.18766	0.23085	0.11143	55.16	-16.96	20.08
799	70	20	100	0	0.19797	0.25405	0.11506	57.47	-21.7	22.96
800	70	10	100	0	0.20892	0.2795	0.11908	59.84	-26.6	25.86
801	70	0	100	0	0.22064	0.30698	0.12342	62.25	-31.47	28.76
802	70	100	85	0	0.13203	0.10983	0.09665	39.55	18.26	-2.07
803	70	85	85	0	0.14453	0.1328	0.10858	43.18	10.51	0.32
804	70	70	85	0	0.15702	0.15784	0.11835	46.69	2.83	3.4
805	70	55	85	0	0.17122	0.18615	0.12877	50.23	-4.45	6.52
806	70	40	85	0	0.18632	0.21715	0.13889	53.72	-11.46	9.79
807	70	30	85	0	0.19721	0.23996	0.14587	56.08	-16.11	12.04
808	70	20	85	0	0.20838	0.26441	0.15259	58.45	-20.87	14.43
809	70	10	85	0	0.22043	0.29101	0.15934	60.87	-25.61	16.94
810	70	0	85	0	0.23318	0.31988	0.16696	63.33	-30.44	19.37
811	70	100	70	0	0.13653	0.11208	0.11134	39.93	19.53	-6.15
812	70	85	70	0	0.14981	0.13563	0.12787	43.6	11.9	-4.67
813	70	70	70	0	0.16406	0.16242	0.14413	47.29	4.26	-2.67
814	70	55	70	0	0.17947	0.1922	0.16033	50.94	-3.07	-0.42
815	70	40	70	0	0.19587	0.22509	0.17656	54.56	-10.23	2.04
816	70	30	70	0	0.20762	0.24903	0.18766	56.98	-14.89	3.75
817	70	20	70	0	0.21986	0.27479	0.19859	59.41	-19.6	5.62
818	70	10	70	0	0.23304	0.30285	0.20974	61.9	-24.32	7.62
819	70	0	70	0	0.24697	0.33293	0.22137	64.4	-29	9.63
820	0	100	70	20	0.24821	0.16143	0.09354	47.16	45.82	12.11
821	0	70	70	20	0.3045	0.23791	0.12404	55.88	30.67	17.59
822	0	40	70	20	0.36857	0.33291	0.15165	64.4	16.34	24.91
823	0	20	70	20	0.42032	0.41415	0.17049	70.47	6.42	30.84
824	0	10	70	20	0.449	0.46067	0.1801	73.59	1.39	34.05
825	0	0	70	20	0.4798	0.51137	0.19025	76.76	-3.62	37.3
826	85	100	100	0	0.1025	0.09534	0.08519	36.99	8.43	-2.45
827	85	85	100	0	0.10967	0.11214	0.09071	39.94	1.15	0.64
828	85	70	100	0	0.11777	0.13127	0.09655	42.95	-6.03	3.83
829	85	55	100	0	0.12626	0.1513	0.10156	45.81	-12.53	7.09
830	85	40	100	0	0.1353	0.17342	0.10652	48.69	-19.01	10.45
831	85	30	100	0	0.14228	0.19028	0.11032	50.72	-23.37	12.77
832	85	20	100	0	0.14977	0.20869	0.1142	52.81	-27.8	15.18
833	85	10	100	0	0.15697	0.22773	0.11785	54.84	-32.32	17.59
834	85	0	100	0	0.16571	0.24899	0.1221	56.98	-36.56	20.04
835	85	100	85	0	0.10587	0.09676	0.09659	37.26	9.88	-6.01
836	85	85	85	0	0.11461	0.1151	0.10739	40.43	2.62	-4.06
837	85	70	85	0	0.12355	0.13539	0.11756	43.56	-4.67	-1.76
838	85	55	85	0	0.13297	0.15698	0.12696	46.58	-11.4	0.72
839	85	40	85	0	0.14299	0.18052	0.13623	49.56	-17.93	3.32
840	85	30	85	0	0.15055	0.19818	0.1429	51.63	-22.28	5.13
841	85	20	85	0	0.15878	0.21755	0.1496	53.77	-26.66	7.09
842	85	10	85	0	0.16699	0.23771	0.15578	55.86	-31.03	9.16
843	85	0	85	0	0.17647	0.25996	0.16307	58.03	-35.23	11.15
844	85	100	70	0	0.11005	0.09922	0.11182	37.7	11.06	-10.14
845	85	85	70	0	0.11977	0.11856	0.12749	40.99	3.84	-9.06
846	85	70	70	0	0.12991	0.13965	0.14236	44.18	-3.08	-7.57
847	85	55	70	0	0.14064	0.16291	0.15717	47.35	-9.88	-5.84
848	85	40	70	0	0.15165	0.18796	0.17184	50.45	-16.52	-3.98
849	85	30	70	0	0.15967	0.20621	0.18197	52.53	-20.83	-2.67
850	85	20	70	0	0.16822	0.22591	0.19208	54.65	-25.14	-1.22
851	85	10	70	0	0.17719	0.24704	0.20212	56.79	-29.47	0.36
852	85	0	70	0	0.18787	0.27099	0.2136	59.07	-33.7	1.96
853	10	100	70	20	0.22221	0.14878	0.09271	45.47	41.61	9.47
854	10	70	70	20	0.27373	0.22009	0.12321	54.04	26.73	14.65
855	10	40	70	20	0.3301	0.30609	0.14987	62.18	12.81	21.53
856	10	20	70	20	0.3765	0.3805	0.16842	68.06	3.14	27.17
857	10	10	70	20	0.40134	0.422	0.17773	71.01	-1.72	30.13
858	10	0	70	20	0.42732	0.46616	0.18707	73.94	-6.48	33.13
859	100	100	100	0	0.08082	0.0836	0.0847	34.72	0.18	-6.19
860	100	85	100	0	0.08574	0.0972	0.09108	37.34	-6.72	-3.98
861	100	70	100	0	0.0905	0.11148	0.09625	39.83	-13.42	-1.46
862	100	55	100	0	0.09484	0.12531	0.1002	42.05	-19.4	1.05
863	100	40	100	0	0.1009	0.1424	0.10523	44.58	-25.48	3.77
864	100	30	100	0	0.1058	0.15559	0.10915	46.39	-29.55	5.67
865	100	20	100	0	0.11075	0.16921	0.11273	48.16	-33.51	7.62
866	100	10	100	0	0.11584	0.18341	0.11615	49.91	-37.37	9.6
867	100	0	100	0	0.12134	0.19866	0.11989	51.68	-41.19	11.56
868	100	100	85	0	0.08429	0.08594	0.09774	35.19	1.26	-9.96
869	100	85	85	0	0.09017	0.10003	0.10747	37.85	-5.15	-8.53
870	100	70	85	0	0.09585	0.11557	0.11662	40.5	-11.94	-6.76
871	100	55	85	0	0.10144	0.13147	0.12485	42.98	-18.2	-4.88
872	100	40	85	0	0.10761	0.14873	0.13313	45.46	-24.18	-2.91
873	100	30	85	0	0.11249	0.16183	0.13924	47.21	-28.16	-1.53
874	100	20	85	0	0.118	0.17636	0.14553	49.05	-32.15	0
875	100	10	85	0	0.12393	0.19189	0.15164	50.91	-36.06	1.65
876	100	0	85	0	0.13025	0.20849	0.15864	52.78	-39.94	3.16
877	100	100	70	0	0.08766	0.08771	0.11174	35.54	2.67	-13.84
878	100	85	70	0	0.09468	0.103	0.12665	38.38	-3.7	-13.33
879	100	70	70	0	0.10148	0.11942	0.1402	41.12	-10.16	-12.28
880	100	55	70	0	0.10813	0.13667	0.15332	43.75	-16.43	-11.1
881	100	40	70	0	0.11512	0.15515	0.16624	46.33	-22.47	-9.77
882	100	30	70	0	0.12029	0.16863	0.17549	48.09	-26.4	-8.88
883	100	20	70	0	0.12562	0.18273	0.18398	49.83	-30.26	-7.78
884	100	10	70	0	0.13206	0.19899	0.19378	51.72	-34.18	-6.63
885	100	0	70	0	0.13919	0.2167	0.20433	53.68	-38.03	-5.46
886	20	100	70	20	0.19881	0.1375	0.09223	43.87	37.32	6.89
887	20	70	70	20	0.24544	0.20347	0.12263	52.23	22.8	11.7
888	20	40	70	20	0.29516	0.28155	0.14835	60.03	9.26	18.21
889	20	20	70	20	0.3355	0.34822	0.16635	65.61	-0.09	23.44
890	20	10	70	20	0.3566	0.38464	0.17502	68.36	-4.73	26.18
891	20	0	70	20	0.3789	0.42367	0.18408	71.12	-9.3	28.92
892	0	100	100	40	0.16481	0.11685	0.06198	40.71	33.04	13.39
893	0	70	100	40	0.19895	0.16451	0.07096	47.56	21.48	21.31
894	0	40	100	40	0.23669	0.22103	0.07826	54.14	10.76	29.72
895	0	20	100	40	0.26572	0.26632	0.08246	58.63	3.69	35.87
896	0	0	100	40	0.29664	0.31694	0.08564	63.09	-3.37	42.37
897	0	100	70	40	0.17552	0.12344	0.07776	41.76	34.41	8.57
898	0	70	70	40	0.21178	0.17334	0.09902	48.68	22.89	12.87
899	0	40	70	40	0.25055	0.23182	0.1164	55.26	11.91	18.75
900	0	20	70	40	0.28255	0.28159	0.12981	60.03	4.38	23.13
901	0	0	70	40	0.318	0.33808	0.14374	64.81	-2.87	27.63
902	0	100	40	40	0.18485	0.1283	0.09636	42.51	36.13	3.12
903	0	70	40	40	0.22644	0.18272	0.13478	49.82	24.76	4.17
904	0	40	40	40	0.2701	0.24695	0.17068	56.78	13.46	7.2
905	0	20	40	40	0.3047	0.29957	0.19614	61.62	6.01	9.93
906	0	0	40	40	0.34534	0.363	0.22425	66.75	-1.59	13.12
907	0	100	20	40	0.19081	0.13122	0.10979	42.95	37.29	-0.47
908	0	70	20	40	0.23576	0.18894	0.16234	50.56	25.75	-1.56
909	0	40	20	40	0.28241	0.25534	0.21171	57.59	14.84	-0.2
910	0	20	20	40	0.32097	0.31209	0.24942	62.68	7.37	1.44
911	0	0	20	40	0.36502	0.37906	0.29047	67.95	-0.16	3.53
912	0	100	0	40	0.19602	0.13336	0.1225	43.26	38.55	-3.72
913	0	70	0	40	0.24756	0.19652	0.19314	51.44	27.09	-6.97
914	0	40	0	40	0.29534	0.26399	0.25691	58.41	16.29	-7.25
915	0	20	0	40	0.33578	0.32187	0.30618	63.5	9.11	-6.65
916	0	0	0	40	0.38702	0.3958	0.36527	69.17	1.72	-5.58
917	100	0	0	70	0.08143	0.09338	0.12599	36.63	-7.47	-16.16
918	100	85	85	100	0.04918	0.05016	0.04119	26.78	1.03	0.12
919	40	100	70	20	0.15899	0.11889	0.09281	41.04	28.32	1.81
920	40	70	70	20	0.19521	0.17284	0.12185	48.62	15.07	5.7
921	40	40	70	20	0.23358	0.23707	0.1454	55.79	2.24	11.66
922	40	20	70	20	0.26103	0.28669	0.16166	60.49	-6.24	15.72
923	40	10	70	20	0.27692	0.31555	0.17012	62.97	-10.52	18.01
924	40	0	70	20	0.29413	0.34695	0.17908	65.51	-14.76	20.35
925	20	100	100	40	0.13951	0.10516	0.06265	38.75	26.49	9.72
926	20	70	100	40	0.16609	0.14462	0.07065	44.89	15.75	16.83
927	20	40	100	40	0.19799	0.19392	0.07842	51.14	5.57	24.5
928	20	20	100	40	0.21974	0.23052	0.08268	55.13	-1.17	29.74
929	20	0	100	40	0.24239	0.27059	0.08625	59.03	-7.84	35.15
930	20	100	70	40	0.14802	0.10969	0.07713	39.53	28.38	4.97
931	20	70	70	40	0.1784	0.15332	0.09768	46.09	17.3	8.85
932	20	40	70	40	0.20973	0.20273	0.1149	52.14	6.97	13.83
933	20	20	70	40	0.23466	0.24382	0.12712	56.47	-0.19	17.73
934	20	0	70	40	0.2595	0.28718	0.13784	60.53	-7.06	21.81
935	20	100	40	40	0.15706	0.11494	0.0962	40.4	29.96	-0.46
936	20	70	40	40	0.19094	0.1613	0.1325	47.14	19.26	0.17
937	20	40	40	40	0.22626	0.21557	0.16626	53.55	8.6	2.67
938	20	20	40	40	0.25457	0.2602	0.1904	58.06	1.55	5.02
939	20	0	40	40	0.28483	0.30983	0.21465	62.49	-5.34	7.66
940	20	100	20	40	0.16291	0.11783	0.10971	40.87	31.29	-4.02
941	20	70	20	40	0.20004	0.16747	0.15895	47.94	20.39	-5.26
942	20	40	20	40	0.23732	0.22345	0.20483	54.39	9.94	-4.33
943	20	20	20	40	0.26827	0.27039	0.23916	59.01	3.09	-3.02
944	20	0	20	40	0.30286	0.32465	0.27596	63.73	-3.76	-1.37
945	20	100	0	40	0.16839	0.12063	0.12254	41.32	32.42	-7.09
946	20	70	0	40	0.209	0.17287	0.18606	48.62	21.81	-10.31
947	20	40	0	40	0.25027	0.23186	0.24798	55.26	11.77	-11.09
948	20	20	0	40	0.28372	0.28093	0.29405	59.97	5.09	-10.8
949	20	0	0	40	0.31742	0.33484	0.34107	64.55	-1.96	-10.1
950	0	100	0	70	0.11662	0.09084	0.0773	36.15	22.51	-0.92
951	100	85	85	80	0.05611	0.05822	0.05088	28.96	-0.04	-1.5
952	70	100	70	20	0.11343	0.09643	0.09324	37.19	15.71	-4.97
953	70	70	70	20	0.13465	0.13361	0.11706	43.3	3.79	-2.06
954	70	40	70	20	0.15792	0.17814	0.14022	49.27	-7.77	1.76
955	70	20	70	20	0.177	0.21488	0.15628	53.48	-15.32	4.94
956	70	10	70	20	0.18648	0.23419	0.16368	55.5	-19.05	6.64
957	70	0	70	20	0.19608	0.25423	0.17118	57.49	-22.72	8.31
958	40	100	100	40	0.11651	0.09372	0.06311	36.69	20.07	5.95
959	40	70	100	40	0.13747	0.12679	0.07065	42.28	10.02	12.33
960	40	40	100	40	0.16036	0.16565	0.07818	47.71	0.36	18.67
961	40	20	100	40	0.17591	0.19428	0.08166	51.18	-6.01	23.33
962	40	0	100	40	0.19459	0.22793	0.0859	54.86	-12.15	28.09
963	40	100	70	40	0.12392	0.09852	0.07786	37.58	21.39	1.32
964	40	70	70	40	0.14737	0.13376	0.09717	43.32	11.62	4.25
965	40	40	70	40	0.17237	0.17541	0.1131	48.93	1.77	8.84
966	40	20	70	40	0.18895	0.20571	0.12339	52.48	-4.74	11.91
967	40	0	70	40	0.21017	0.24282	0.13499	56.37	-11.03	15.39
968	40	100	40	40	0.13236	0.1028	0.0959	38.34	23.7	-3.91
969	40	70	40	40	0.15928	0.14234	0.13043	44.57	13.28	-3.71
970	40	40	40	40	0.18731	0.1866	0.16075	50.29	3.86	-1.65
971	40	20	40	40	0.20766	0.22128	0.18267	54.16	-2.72	-0.01
972	40	0	40	40	0.23381	0.26441	0.20632	58.45	-9.13	2.37
973	40	100	20	40	0.13837	0.10609	0.11005	38.91	25.07	-7.5
974	40	70	20	40	0.16622	0.14621	0.1546	45.11	14.87	-9.08
975	40	40	20	40	0.19682	0.19293	0.19671	51.03	5.48	-8.44
976	40	20	20	40	0.2186	0.22907	0.22684	54.98	-1.06	-7.67
977	40	0	20	40	0.24501	0.27244	0.25921	59.2	-7.44	-6.3
978	40	100	0	40	0.1421	0.10776	0.12192	39.2	26.17	-10.56
979	40	70	0	40	0.17388	0.15046	0.17907	45.7	16.55	-13.81
980	40	40	0	40	0.20728	0.19938	0.23577	51.77	7.42	-14.89
981	40	20	0	40	0.23236	0.23868	0.27723	55.96	0.99	-14.97
982	40	0	0	40	0.25855	0.28169	0.31921	60.04	-5.34	-14.62
983	0	0	100	70	0.14651	0.15655	0.06418	46.52	-2.67	22.42
984	100	85	85	60	0.06384	0.06731	0.06226	31.19	-1.12	-3.15
985	100	100	70	20	0.07989	0.08003	0.09528	33.99	2.51	-11.2
986	100	70	70	20	0.08881	0.10194	0.1134	38.19	-7.77	-9.78
987	100	40	70	20	0.09999	0.12882	0.13291	42.59	-17.62	-7.81
988	100	20	70	20	0.10726	0.14817	0.14479	45.38	-24.11	-6.13
989	100	10	70	20	0.11126	0.15868	0.15101	46.8	-27.27	-5.27
990	100	0	70	20	0.11556	0.1698	0.15764	48.24	-30.36	-4.44
991	70	100	100	40	0.08911	0.08064	0.06415	34.12	10.05	1.05
992	70	70	100	40	0.09969	0.1019	0.06968	38.18	1.13	5.68
993	70	40	100	40	0.11353	0.12879	0.076	42.58	-7.44	10.68
994	70	20	100	40	0.12409	0.14977	0.08031	45.6	-13.09	14.22
995	70	0	100	40	0.13546	0.17258	0.08485	48.58	-18.45	17.65
996	70	100	70	40	0.09453	0.08338	0.07721	34.68	12.12	-3.42
997	70	70	70	40	0.10953	0.10884	0.09396	39.38	3.42	-1.45
998	70	40	70	40	0.12446	0.13792	0.10943	43.93	-5.64	1.34
999	70	20	70	40	0.13816	0.1629	0.12065	47.35	-11.43	3.87
1000	70	0	70	40	0.15154	0.18896	0.13102	50.57	-17.09	6.47
1001	70	100	40	40	0.10201	0.08778	0.09653	35.55	14.27	-8.93
1002	70	70	40	40	0.11886	0.11536	0.12478	40.47	5.44	-9.19
1003	70	40	40	40	0.13681	0.14743	0.15228	45.28	-3.35	-8.21
1004	70	20	40	40	0.14869	0.17064	0.17059	48.34	-9.21	-7.32
1005	70	0	40	40	0.1621	0.19661	0.1883	51.45	-14.79	-5.92
1006	70	100	20	40	0.10556	0.08936	0.10891	35.86	15.65	-12.41
1007	70	70	20	40	0.12352	0.11741	0.14543	40.8	7.22	-14.2
1008	70	40	20	40	0.14487	0.15291	0.18473	46.03	-1.56	-14.49
1009	70	20	20	40	0.1585	0.17765	0.21031	49.21	-7.18	-14.37
1010	70	0	20	40	0.17262	0.20421	0.23551	52.31	-12.64	-13.9
1011	70	100	0	40	0.10744	0.08949	0.11857	35.89	16.95	-15.29
1012	70	70	0	40	0.12784	0.11909	0.16663	41.07	8.96	-18.94
1013	70	40	0	40	0.15085	0.15521	0.21683	46.34	0.71	-20.62
1014	70	20	0	40	0.16713	0.18229	0.25197	49.77	-4.72	-21.27
1015	70	0	0	40	0.18599	0.21383	0.28986	53.37	-10.1	-21.52
1016	100	100	0	70	0.06554	0.06167	0.07226	29.83	6.51	-9.79
1017	80	65	65	100	0.05353	0.0543	0.04462	27.93	1.4	0.1
1018	0	100	100	20	0.2354	0.15346	0.07027	46.11	44.8	19.09
1019	0	70	100	20	0.28692	0.22469	0.08159	54.52	29.84	29.11
1020	0	40	100	20	0.34755	0.31502	0.09202	62.93	15.62	39.82
1021	0	20	100	20	0.39676	0.39201	0.09862	68.9	5.96	47.86
1022	0	10	100	20	0.42418	0.43615	0.10138	71.97	1.09	52.25
1023	0	0	100	20	0.45373	0.48441	0.10437	75.1	-3.78	56.68
1024	100	100	100	40	0.06566	0.06731	0.06319	31.19	0.78	-3.57
1025	100	70	100	40	0.07042	0.08162	0.06936	34.32	-7.89	-0.86
1026	100	40	100	40	0.07758	0.09877	0.07554	37.62	-15.27	2.31
1027	100	20	100	40	0.08241	0.11085	0.07923	39.72	-19.94	4.49
1028	100	0	100	40	0.08681	0.12283	0.0828	41.66	-24.45	6.48
1029	100	100	70	40	0.07202	0.07197	0.07886	32.25	2.59	-8.24
1030	100	70	70	40	0.07803	0.08708	0.09126	35.42	-5.35	-7.35
1031	100	40	70	40	0.08558	0.10541	0.10465	38.8	-13.16	-6.01
1032	100	20	70	40	0.09024	0.11802	0.11214	40.9	-18.25	-4.72
1033	100	0	70	40	0.09487	0.13072	0.11947	42.87	-22.93	-3.51
1034	100	100	40	40	0.07571	0.07315	0.09403	32.51	4.99	-13.32
1035	100	70	40	40	0.085	0.09119	0.11808	36.21	-2.53	-14.59
1036	100	40	40	40	0.09351	0.11056	0.14081	39.67	-10.26	-14.94
1037	100	20	40	40	0.10009	0.12498	0.15634	42	-15	-14.87
1038	100	0	40	40	0.10608	0.13949	0.17065	44.16	-19.73	-14.55
1039	100	100	20	40	0.07861	0.07411	0.10523	32.72	6.79	-16.66
1040	100	70	20	40	0.08969	0.09367	0.13855	36.68	-0.53	-19.5
1041	100	40	20	40	0.09929	0.11364	0.16815	40.19	-7.83	-20.82
1042	100	20	20	40	0.10615	0.12852	0.1891	42.54	-12.69	-21.46
1043	100	0	20	40	0.11386	0.14453	0.21025	44.88	-17.09	-21.83
1044	100	100	0	40	0.08188	0.07499	0.11511	32.92	8.92	-19.39
1045	100	70	0	40	0.09405	0.09562	0.15895	37.05	1.51	-24.05
1046	100	40	0	40	0.10501	0.11613	0.1976	40.59	-5.16	-26.62
1047	100	20	0	40	0.11268	0.13126	0.22375	42.95	-9.65	-27.81
1048	100	0	0	40	0.12145	0.14866	0.2524	45.45	-14.24	-28.8
1049	100	0	100	70	0.06712	0.08493	0.06199	34.99	-14.1	3.53
1050	80	65	65	80	0.06746	0.06908	0.06012	31.6	0.87	-1.47
1051	10	100	100	20	0.21064	0.1422	0.07059	44.55	40.15	16.27
1052	10	70	100	20	0.25669	0.20747	0.08187	52.67	25.65	25.81
1053	10	40	100	20	0.31072	0.29003	0.0923	60.78	11.83	36.02
1054	10	20	100	20	0.35425	0.35991	0.0989	66.51	2.45	43.66
1055	10	10	100	20	0.37774	0.39903	0.10151	69.4	-2.25	47.78
1056	10	0	100	20	0.40218	0.44056	0.10431	72.27	-6.88	51.81
1057	0	100	100	60	0.1165	0.09069	0.05494	36.12	22.55	8.79
1058	0	70	100	60	0.13498	0.11799	0.0608	40.89	14.39	14.25
1059	0	40	100	60	0.15651	0.15052	0.06599	45.71	6.77	20.22
1060	0	20	100	60	0.17197	0.1747	0.06861	48.85	1.93	24.52
1061	0	0	100	60	0.18754	0.2004	0.07051	51.88	-2.9	28.95
1062	0	100	70	60	0.12312	0.09448	0.06398	36.83	24.05	5.81
1063	0	70	70	60	0.14581	0.12558	0.07842	42.09	16	8.89
1064	0	40	70	60	0.16462	0.15624	0.08782	46.48	8.08	12.94
1065	0	20	70	60	0.18264	0.18391	0.09669	49.97	2.81	15.87
1066	0	0	70	60	0.20549	0.21765	0.1071	53.78	-2.11	19.05
1067	0	100	40	60	0.13044	0.09852	0.07548	37.58	25.74	2.26
1068	0	70	40	60	0.15557	0.13206	0.0993	43.07	17.58	3.11
1069	0	40	40	60	0.17951	0.16796	0.12015	48	9.63	5.13
1070	0	20	40	60	0.19627	0.19459	0.13323	51.22	4.38	6.99
1071	0	0	40	60	0.2188	0.22889	0.14969	54.96	-0.88	9.13
1072	0	100	20	60	0.13499	0.10099	0.08361	38.02	26.78	-0.1
1073	0	70	20	60	0.16154	0.13589	0.11495	43.64	18.58	-0.85
1074	0	40	20	60	0.18727	0.1734	0.14254	48.69	10.74	0.14
1075	0	20	20	60	0.20728	0.20338	0.16247	52.22	5.49	1.27
1076	0	0	20	60	0.22946	0.23733	0.18349	55.82	0.28	2.66
1077	0	100	0	60	0.13877	0.10295	0.09097	38.37	27.69	-2.16
1078	0	70	0	60	0.16919	0.1406	0.13176	44.32	19.93	-4.5
1079	0	40	0	60	0.1956	0.17902	0.16652	49.38	11.99	-4.59
1080	0	20	0	60	0.21642	0.20959	0.19153	52.9	6.86	-4.11
1081	0	0	0	60	0.24242	0.24757	0.22083	56.84	1.62	-3.3
1082	0	100	100	70	0.09841	0.08051	0.05165	34.09	17.76	6.95
1083	80	65	65	60	0.08361	0.08647	0.07865	35.3	0.21	-2.92
1084	20	100	100	20	0.18838	0.13207	0.07106	43.07	35.5	13.53
1085	20	70	100	20	0.22919	0.19157	0.08218	50.87	21.49	22.59
1086	20	40	100	20	0.27704	0.26677	0.09256	58.67	8.06	32.29
1087	20	20	100	20	0.31446	0.32901	0.09895	64.08	-1.01	39.45
1088	20	10	100	20	0.33406	0.36302	0.10155	66.75	-5.51	43.19
1089	20	0	100	20	0.35483	0.39953	0.10423	69.44	-9.95	46.96
1090	20	100	100	60	0.10274	0.08389	0.0549	34.78	18.16	6.51
1091	20	70	100	60	0.11809	0.10732	0.06032	39.13	10.69	11.42
1092	20	40	100	60	0.13703	0.13645	0.06572	43.72	3.51	16.92
1093	20	20	100	60	0.14844	0.15597	0.06841	46.44	-1.17	20.45
1094	20	0	100	60	0.16017	0.17687	0.0708	49.11	-5.81	24.06
1095	20	100	70	60	0.10958	0.08781	0.06426	35.56	19.95	3.49
1096	20	70	70	60	0.12702	0.11354	0.07657	40.17	12.3	6.3
1097	20	40	70	60	0.14442	0.14157	0.08714	44.46	4.95	9.7
1098	20	20	70	60	0.15881	0.16499	0.09524	47.62	-0.16	12.32
1099	20	0	70	60	0.17127	0.18718	0.10109	50.36	-4.95	15.08
1100	20	100	40	60	0.11601	0.09145	0.07545	36.26	21.57	0.01
1101	20	70	40	60	0.13637	0.11974	0.09768	41.18	14.06	0.38
1102	20	40	40	60	0.15564	0.15035	0.11711	45.68	6.37	2.03
1103	20	20	40	60	0.17074	0.17444	0.13048	48.81	1.4	3.6
1104	20	0	40	60	0.18656	0.20048	0.14358	51.89	-3.44	5.4
1105	20	100	20	60	0.11984	0.09316	0.08304	36.59	22.86	-2.36
1106	20	70	20	60	0.14177	0.1233	0.11246	41.74	15.04	-3.38
1107	20	40	20	60	0.16282	0.15571	0.13848	46.41	7.37	-2.72
1108	20	20	20	60	0.17943	0.18105	0.15679	49.62	2.6	-1.83
1109	20	0	20	60	0.19719	0.20917	0.17568	52.86	-2.22	-0.7
1110	20	100	0	60	0.12355	0.09539	0.09043	37	23.62	-4.33
1111	20	70	0	60	0.14803	0.12747	0.1275	42.38	16.09	-6.67
1112	20	40	0	60	0.17101	0.16107	0.16132	47.11	8.87	-7.26
1113	20	20	0	60	0.18922	0.18797	0.18556	50.45	4.14	-7.05
1114	20	0	0	60	0.20652	0.21612	0.20873	53.61	-0.9	-6.46
1115	40	40	0	70	0.12197	0.11888	0.12245	41.04	5.14	-7.54
1116	80	65	65	40	0.10206	0.10667	0.10063	39.01	-0.61	-4.33
1117	40	100	100	20	0.15007	0.11377	0.072	40.21	26.67	8.21
1118	40	70	100	20	0.18074	0.16223	0.08239	47.27	13.45	16.3
1119	40	40	100	20	0.21571	0.22188	0.09253	54.23	0.83	24.63
1120	40	20	100	20	0.24158	0.26903	0.09752	58.88	-7.57	30.96
1121	40	10	100	20	0.25598	0.29566	0.10031	61.28	-11.74	34.16
1122	40	0	100	20	0.27141	0.32437	0.10354	63.7	-15.86	37.29
1123	40	100	100	60	0.08983	0.07716	0.05489	33.38	13.81	4.11
1124	40	70	100	60	0.10278	0.09761	0.06023	37.41	6.86	8.5
1125	40	40	100	60	0.11637	0.12071	0.06541	41.33	-0.01	12.93
1126	40	20	100	60	0.12489	0.13649	0.06781	43.73	-4.46	16.02
1127	40	0	100	60	0.13539	0.15508	0.07067	46.32	-8.75	19.3
1128	40	100	70	60	0.0963	0.08166	0.06465	34.33	15.06	1.19
1129	40	70	70	60	0.10936	0.10198	0.07597	38.19	8.43	3.13
1130	40	40	70	60	0.12436	0.1269	0.08655	42.29	1.36	6.19
1131	40	20	70	60	0.13295	0.14323	0.09218	44.69	-3.3	8.32
1132	40	0	70	60	0.1454	0.16423	0.09951	47.52	-7.68	10.72
1133	40	100	40	60	0.10174	0.08374	0.07445	34.75	17.52	-2.2
1134	40	70	40	60	0.11788	0.10832	0.09608	39.3	9.81	-2.32
1135	40	40	40	60	0.13442	0.13435	0.11426	43.41	3.18	-1.03
1136	40	20	40	60	0.14537	0.15339	0.12622	46.1	-1.54	0.1
1137	40	0	40	60	0.15941	0.17664	0.13883	49.09	-6.13	1.81
1138	40	100	20	60	0.10627	0.08655	0.08346	35.31	18.56	-4.72
1139	40	70	20	60	0.12221	0.11064	0.10991	39.69	11.12	-6.12
1140	40	40	20	60	0.14038	0.13834	0.13407	43.99	4.44	-5.69
1141	40	20	20	60	0.15213	0.15815	0.15008	46.73	-0.21	-5.16
1142	40	0	20	60	0.167	0.18224	0.16737	49.77	-4.77	-4.12
1143	40	100	0	60	0.10863	0.08759	0.08984	35.52	19.44	-6.68
1144	40	70	0	60	0.12733	0.11361	0.1229	40.18	12.45	-9.15
1145	40	40	0	60	0.14714	0.14272	0.15486	44.62	5.89	-9.99
1146	40	20	0	60	0.16093	0.16462	0.17641	47.57	1.26	-9.98
1147	40	0	0	60	0.17453	0.18736	0.19755	50.38	-3.28	-9.74
1148	40	0	40	70	0.12856	0.14082	0.11119	44.35	-4.7	1.52
1149	60	45	45	100	0.05805	0.05878	0.04816	29.1	1.55	0.18
1150	70	100	100	20	0.10783	0.09406	0.0744	36.75	13.51	1.27
1151	70	70	100	20	0.12218	0.12438	0.0815	41.9	1.55	7.39
1152	70	40	100	20	0.14283	0.16518	0.09039	47.65	-9.79	14.04
1153	70	20	100	20	0.15839	0.19726	0.09639	51.53	-17.23	18.66
1154	70	10	100	20	0.16653	0.2145	0.09937	53.44	-20.86	20.96
1155	70	0	100	20	0.17511	0.23281	0.10264	55.36	-24.44	23.2
1156	70	100	100	60	0.07356	0.06902	0.05491	31.58	6.97	0.99
1157	70	70	100	60	0.0812	0.08344	0.05974	34.69	0.67	4.04
1158	70	40	100	60	0.08944	0.09943	0.06393	37.74	-5.31	7.4
1159	70	20	100	60	0.09541	0.11133	0.06653	39.8	-9.27	9.81
1160	70	0	100	60	0.10208	0.12461	0.06959	41.94	-13.2	12.19
1161	70	100	70	60	0.07844	0.07172	0.06309	32.2	8.91	-1.79
1162	70	70	70	60	0.08814	0.08783	0.07456	35.56	2.98	-0.84
1163	70	40	70	60	0.0967	0.10522	0.08397	38.76	-3.75	1.05
1164	70	20	70	60	0.10467	0.11967	0.09074	41.16	-7.88	2.74
1165	70	0	70	60	0.1137	0.13621	0.0983	43.68	-12.07	4.5
1166	70	100	40	60	0.08461	0.07539	0.07572	33	10.96	-5.72
1167	70	70	40	60	0.09385	0.09163	0.09224	36.3	4.58	-6.18
1168	70	40	40	60	0.10485	0.11116	0.10918	39.78	-1.76	-5.75
1169	70	20	40	60	0.11156	0.12455	0.1194	41.93	-6.06	-5.12
1170	70	0	40	60	0.11934	0.13928	0.12887	44.13	-10	-4.03
1171	70	100	20	60	0.08689	0.07624	0.08279	33.19	12.15	-8.13
1172	70	70	20	60	0.09711	0.09308	0.104	36.57	6.03	-9.63
1173	70	40	20	60	0.10965	0.11447	0.12673	40.32	-0.53	-9.99
1174	70	20	20	60	0.11754	0.12872	0.14121	42.57	-4.54	-10.05
1175	70	0	20	60	0.12543	0.14349	0.15415	44.73	-8.42	-9.62
1176	70	100	0	60	0.08746	0.07576	0.0875	33.08	13.09	-10.04
1177	70	70	0	60	0.09929	0.09385	0.11545	36.72	7.14	-12.94
1178	70	40	0	60	0.11284	0.11542	0.14325	40.48	1.13	-14.19
1179	70	20	0	60	0.12197	0.13085	0.16205	42.89	-2.85	-14.71
1180	70	0	0	60	0.13441	0.15061	0.18422	45.72	-6.77	-14.92
1181	0	40	40	70	0.144	0.13651	0.09928	43.73	7.83	4.25
1182	60	45	45	80	0.08163	0.0833	0.07268	34.66	1.18	-1.64
1183	100	100	100	20	0.07178	0.07375	0.07285	32.65	0.66	-5.18
1184	100	70	100	20	0.0792	0.09468	0.08118	36.87	-10.54	-1.17
1185	100	40	100	20	0.08946	0.1203	0.09011	41.26	-20.47	3.13
1186	100	20	100	20	0.09696	0.13933	0.09556	44.14	-26.7	6.2
1187	100	10	100	20	0.10053	0.14896	0.09788	45.49	-29.72	7.75
1188	100	0	100	20	0.10434	0.15919	0.10048	46.87	-32.71	9.26
1189	100	100	100	60	0.05961	0.06111	0.05431	29.69	0.76	-1.97
1190	100	70	100	60	0.06311	0.07063	0.05942	31.95	-5.18	-0.53
1191	100	40	100	60	0.06656	0.07992	0.06251	33.97	-10.26	1.52
1192	100	20	100	60	0.06931	0.08702	0.06486	35.4	-13.68	2.96
1193	100	0	100	60	0.07271	0.09542	0.0682	37.01	-17.25	4.28
1194	100	100	70	60	0.06425	0.06421	0.06405	30.45	2.49	-5.23
1195	100	70	70	60	0.0681	0.07385	0.07255	32.67	-3.1	-5.02
1196	100	40	70	60	0.07252	0.08515	0.08098	35.03	-8.92	-4.26
1197	100	20	70	60	0.07495	0.09229	0.08509	36.42	-12.57	-3.4
1198	100	0	70	60	0.07708	0.0989	0.08865	37.64	-15.84	-2.59
1199	100	100	40	60	0.06738	0.06537	0.07405	30.73	4.53	-8.97
1200	100	70	40	60	0.07226	0.07589	0.08788	33.11	-0.89	-10.12
1201	100	40	40	60	0.07766	0.0881	0.10184	35.62	-6.56	-10.58
1202	100	20	40	60	0.08123	0.09631	0.11036	37.17	-10	-10.6
1203	100	0	40	60	0.08417	0.10408	0.11749	38.56	-13.4	-10.36
1204	100	100	20	60	0.06903	0.06568	0.08037	30.8	5.88	-11.32
1205	100	70	20	60	0.07518	0.07738	0.09972	33.43	0.54	-13.65
1206	100	40	20	60	0.08104	0.08968	0.11695	35.92	-4.79	-14.75
1207	100	20	20	60	0.08492	0.09845	0.12841	37.56	-8.42	-15.22
1208	100	0	20	60	0.08893	0.10715	0.13901	39.1	-11.58	-15.46
1209	100	100	0	60	0.0703	0.06554	0.08483	30.77	7.29	-13.05
1210	100	70	0	60	0.07761	0.07838	0.11091	33.64	1.9	-16.85
1211	100	40	0	60	0.08471	0.09152	0.1335	36.28	-3.05	-18.85
1212	100	20	0	60	0.08901	0.10034	0.14721	37.9	-6.37	-19.65
1213	100	0	0	60	0.09349	0.10991	0.16126	39.57	-9.81	-20.26
1214	0	0	0	0	0.82889	0.84645	0.82066	93.73	2.45	-10.44
1215	60	45	45	60	0.111	0.1141	0.10389	40.26	0.72	-3.24
1216	40	27	27	60	0.14549	0.14928	0.13645	45.54	0.94	-3.68
1217	20	12	12	80	0.11748	0.11979	0.10332	41.18	1.4	-1.46
1218	10	6	6	20	0.49075	0.50314	0.4792	76.26	1.53	-7.79
1219	0	100	0	100	0.06383	0.05886	0.04274	29.12	7.76	3.25
1220	0	40	0	100	0.06989	0.06881	0.05303	31.54	3.58	1.85
1221	0	0	0	100	0.07082	0.07156	0.05628	32.16	1.81	1.32
1222	0	100	40	80	0.09038	0.07535	0.05753	32.99	15.94	2.16
1223	0	70	40	80	0.10312	0.09284	0.07054	36.53	10.93	2.46
1224	0	40	40	80	0.11302	0.10875	0.0805	39.37	6.04	3.39
1225	0	0	40	80	0.12878	0.1339	0.09399	43.35	-0.22	5.37
1226	0	100	0	80	0.09665	0.0793	0.06458	33.84	17.45	0.38
1227	0	70	0	80	0.11038	0.09715	0.08405	37.33	12.92	-1.46
1228	0	40	0	80	0.1228	0.11583	0.10036	40.55	7.83	-1.6
1229	0	0	0	80	0.13941	0.14187	0.12048	44.5	1.65	-1
1230	3	40	3	40	0.28606	0.25757	0.24849	57.81	15.35	-6.8
1231	40	40	3	40	0.2057	0.19847	0.22982	51.66	7.11	-13.95
1232	3	0	40	40	0.33568	0.35459	0.22271	66.1	-2.16	12.31
1233	0	3	40	40	0.33894	0.35288	0.21996	65.97	-0.46	12.62
1234	3	3	40	40	0.33008	0.34546	0.21892	65.39	-1.07	11.82
1235	40	3	40	40	0.22967	0.25756	0.20273	57.8	-8.18	1.99
1236	3	40	40	40	0.26324	0.2421	0.17007	56.3	12.73	6.51
1237	7	7	0	0	0.72353	0.7286	0.74874	88.38	4.44	-13.65
1238	7	0	7	0	0.74947	0.78143	0.72907	90.85	-0.82	-7.69
1239	0	7	7	0	0.76988	0.76949	0.69617	90.3	5.68	-5.71
1240	7	7	7	0	0.71047	0.72055	0.68222	87.99	3.35	-8.41
1241	7	0	0	7	0.67915	0.70315	0.70712	87.15	0.25	-12.12
1242	0	7	0	7	0.69675	0.69366	0.67582	86.68	6.07	-10.08
1243	7	7	0	7	0.64426	0.64956	0.6612	84.46	4.1	-12.55
1244	0	0	7	7	0.72127	0.74238	0.65734	89.03	1.15	-4.3
1245	7	0	7	7	0.66633	0.69474	0.64416	86.74	-0.78	-7.02
1246	0	7	7	7	0.68345	0.68424	0.61619	86.22	5.21	-5.21
1247	7	7	7	7	0.63249	0.64213	0.60406	84.08	3.08	-7.7
1248	60	45	45	40	0.14698	0.15207	0.14283	45.92	0.21	-4.71
1249	40	27	27	40	0.20681	0.21319	0.20123	53.3	0.6	-5.47
1250	20	12	12	60	0.18948	0.19423	0.17569	51.18	1.13	-3.6
1251	10	6	6	10	0.58615	0.60069	0.57953	81.88	1.68	-9.02
1252	40	100	0	100	0.06012	0.05627	0.04256	28.45	6.67	2.19
1253	40	40	0	100	0.06368	0.06311	0.05126	30.18	3.04	0.42
1254	40	0	0	100	0.06554	0.06664	0.05552	31.03	1.34	-0.26
1255	40	100	40	80	0.07706	0.06786	0.05664	31.31	11.42	-0.31
1256	40	70	40	80	0.08518	0.08076	0.0683	34.14	6.56	-0.71
1257	40	40	40	80	0.09285	0.09316	0.0775	36.59	2.51	-0.25
1258	40	0	40	80	0.10247	0.11067	0.08796	39.69	-3.22	1.19
1259	40	100	0	80	0.08169	0.07056	0.06341	31.93	12.99	-2.38
1260	40	70	0	80	0.09037	0.08354	0.07953	34.71	8.53	-4.26
1261	40	40	0	80	0.09971	0.09767	0.09439	37.42	4.43	-4.98
1262	40	0	0	80	0.11142	0.11708	0.11232	40.75	-1.07	-5.04
1263	0	3	40	3	0.69605	0.72518	0.41431	88.22	-0.68	20.73
1264	3	3	40	3	0.67179	0.70498	0.41136	87.24	-1.75	19.42
1265	40	3	40	3	0.41429	0.47849	0.37568	74.73	-13.78	2.57
1266	0	40	40	3	0.52899	0.46509	0.30223	73.87	21.93	11.86
1267	3	40	40	3	0.51052	0.45246	0.30059	73.05	20.65	10.71
1268	40	40	40	3	0.32204	0.31848	0.27964	63.22	5.45	-2.85
1269	3	0	0	40	0.37602	0.3863	0.36158	68.48	1.15	-6.25
1270	0	3	0	40	0.37889	0.38391	0.3561	68.31	2.83	-5.78
1271	3	3	0	40	0.36952	0.37603	0.35367	67.73	2.29	-6.43
1272	40	3	0	40	0.25445	0.27489	0.31279	59.42	-4.4	-14.7
1273	3	40	0	40	0.28824	0.25899	0.25552	57.94	15.61	-7.82
1274	0	0	3	40	0.38353	0.39323	0.35345	68.98	1.4	-4.23
1275	3	0	3	40	0.37353	0.38457	0.35054	68.36	0.89	-4.9
1276	40	0	3	40	0.25633	0.28022	0.30975	59.91	-5.69	-13.39
1277	0	3	3	40	0.37612	0.3821	0.34508	68.17	2.51	-4.43
1278	3	3	3	40	0.36654	0.37404	0.34261	67.58	1.95	-5.1
1279	40	3	3	40	0.25195	0.27319	0.30338	59.27	-4.77	-13.5
1280	0	40	3	40	0.29325	0.26259	0.24979	58.28	16.06	-6.21
1281	60	45	45	20	0.19035	0.19798	0.19108	51.61	-0.28	-6.25
1282	40	27	27	20	0.28471	0.29429	0.28521	61.16	0.37	-7.32
1283	20	12	12	40	0.28637	0.29446	0.27551	61.17	0.95	-5.69
1284	100	85	85	0	0.09017	0.10003	0.10747	37.85	-5.15	-8.53
1285	100	100	0	100	0.05173	0.04944	0.04061	26.57	5.07	0.11
1286	100	40	0	100	0.05281	0.05276	0.0484	27.51	2.35	-2.69
1287	100	0	0	100	0.05235	0.05364	0.0505	27.75	0.77	-3.39
1288	70	100	40	80	0.06914	0.06383	0.05766	30.36	7.91	-2.45
1289	70	70	40	80	0.07299	0.07185	0.06618	32.22	3.65	-3.1
1290	70	40	40	80	0.07849	0.08163	0.07512	34.32	-0.2	-3.21
1291	70	0	40	80	0.08498	0.09468	0.08395	36.87	-5.38	-2.21
1292	70	100	0	80	0.07089	0.06406	0.06255	30.41	9.41	-4.62
1293	70	70	0	80	0.07651	0.07335	0.07646	32.56	5.55	-6.78
1294	70	40	0	80	0.08284	0.08381	0.08929	34.76	1.82	-7.78
1295	70	0	0	80	0.094	0.10159	0.1088	38.13	-3.18	-8.47
1296	0	3	0	3	0.76991	0.77765	0.7556	90.67	4.07	-10.29
1297	3	3	0	3	0.74414	0.75573	0.7484	89.66	3.2	-11.42
1298	40	3	0	3	0.47549	0.52028	0.66229	77.3	-7.12	-25
1299	0	40	0	3	0.57682	0.49673	0.50574	75.87	25.32	-11.49
1300	3	40	0	3	0.55805	0.48385	0.50267	75.07	24.15	-12.53
1301	40	40	0	3	0.36117	0.34254	0.45856	65.16	10.58	-24.49
1302	0	0	3	3	0.78146	0.80079	0.74647	91.72	1.86	-7.7
1303	3	0	3	3	0.7552	0.77815	0.74008	90.7	1	-8.91
1304	40	0	3	3	0.48042	0.5337	0.65436	78.09	-9.19	-22.89
1305	0	3	3	3	0.76349	0.77306	0.72603	90.46	3.68	-8.09
1306	3	3	3	3	0.73845	0.75217	0.71982	89.49	2.74	-9.21
1307	40	3	3	3	0.47056	0.51724	0.63774	77.12	-7.71	-22.99
1308	0	40	3	3	0.57301	0.49446	0.48887	75.73	24.99	-9.82
1309	3	40	3	3	0.55414	0.48146	0.48528	74.92	23.82	-10.81
1310	40	40	3	3	0.35783	0.34061	0.44328	65.01	10.13	-22.91
1311	0	0	40	3	0.71195	0.75095	0.42398	89.44	-2.55	21.6
1312	3	0	40	3	0.68612	0.72869	0.42071	88.39	-3.55	20.2
1313	40	0	40	3	0.4227	0.49359	0.38378	75.67	-15.32	3.11
1314	40	27	27	100	0.06235	0.06306	0.05124	30.17	1.68	0.41
1315	40	27	27	10	0.33077	0.34202	0.33596	65.12	0.35	-8.36
1316	20	12	12	20	0.4135	0.42568	0.40941	71.26	0.93	-7.88
1317	80	65	65	0	0.14717	0.15681	0.1581	46.55	-2.42	-7.45
1318	0	100	40	100	0.06131	0.05754	0.0427	28.78	6.54	2.69
1319	0	40	40	100	0.0647	0.06467	0.04983	30.56	2.48	1.82
1320	0	0	40	100	0.06727	0.06944	0.05412	31.68	0.32	1.55
1321	100	100	40	80	0.05895	0.05741	0.05631	28.75	4.09	-4.57
1322	100	70	40	80	0.06079	0.06245	0.06351	30.02	0.63	-5.72
1323	100	40	40	80	0.06348	0.06877	0.07076	31.52	-2.95	-6.25
1324	100	0	40	80	0.06604	0.07592	0.0774	33.12	-7.14	-6.19
1325	100	100	0	80	0.06078	0.0576	0.06057	28.8	5.9	-6.5
1326	100	70	0	80	0.06419	0.0641	0.07434	30.42	2.54	-9.62
1327	100	40	0	80	0.06774	0.07085	0.08493	32	-0.58	-10.97
1328	100	0	0	80	0.07063	0.07851	0.0959	33.67	-4.89	-11.96
1329	3	3	0	0	0.78233	0.79418	0.78918	91.42	3.32	-11.83
1330	40	3	0	0	0.49775	0.5449	0.69908	78.75	-7.29	-25.89
1331	3	40	0	0	0.58596	0.50667	0.52792	76.48	24.91	-12.89
1332	3	0	3	0	0.79423	0.81819	0.78042	92.49	1.05	-9.25
1333	40	0	3	0	0.50307	0.55927	0.69075	79.57	-9.43	-23.71
1334	0	3	3	0	0.80311	0.81279	0.76532	92.26	3.82	-8.39
1335	3	3	3	0	0.7764	0.79053	0.75873	91.26	2.84	-9.55
1336	40	3	3	0	0.49256	0.54174	0.67287	78.56	-7.9	-23.81
1337	0	40	3	0	0.60207	0.5181	0.51326	77.17	25.78	-10.09
1338	3	40	3	0	0.58186	0.50417	0.50936	76.32	24.57	-11.11
1339	40	40	3	0	0.37296	0.3546	0.46517	66.1	10.41	-23.65
1340	3	0	40	0	0.72267	0.76758	0.44055	90.21	-3.63	20.88
1341	0	3	40	0	0.73322	0.76373	0.43367	90.03	-0.66	21.42
1342	3	3	40	0	0.70726	0.7421	0.43051	89.02	-1.75	20.07
1343	40	3	40	0	0.43255	0.50052	0.39299	76.1	-14.23	2.61
1344	3	40	40	0	0.53634	0.47397	0.31353	74.44	21.36	11.08
1345	3	0	0	3	0.76149	0.78225	0.77072	90.88	1.47	-11.22
1346	40	0	0	3	0.48614	0.53726	0.68039	78.3	-8.52	-24.95
1347	40	27	27	80	0.09798	0.09992	0.08719	37.83	1.31	-1.74
1348	20	12	12	100	0.06644	0.06713	0.05383	31.15	1.77	0.78
1349	20	12	12	10	0.49051	0.50481	0.49222	76.36	1.02	-9.11
1350	60	45	45	0	0.24128	0.25184	0.25003	57.25	-0.68	-8.03
1351	40	100	40	100	0.05753	0.05484	0.0421	28.07	5.42	1.81
1352	40	40	40	100	0.06107	0.0616	0.04934	29.81	1.84	0.78
1353	40	0	40	100	0.06226	0.06476	0.05257	30.58	-0.2	0.44
1354	0	100	100	80	0.08201	0.07082	0.04818	31.99	13.02	5.16
1355	0	70	100	80	0.08938	0.08323	0.0516	34.65	7.98	7.94
1356	0	40	100	80	0.09947	0.09878	0.05513	37.62	3.37	11.3
1357	0	0	100	80	0.11152	0.11907	0.05784	41.07	-2.37	15.93
1358	0	100	70	80	0.08548	0.07242	0.05184	32.35	14.53	3.86
1359	0	70	70	80	0.09811	0.08961	0.06089	35.91	9.68	5.61
1360	0	40	70	80	0.10365	0.10121	0.065	38.06	4.73	7.47
1361	0	0	70	80	0.12534	0.1322	0.07665	43.09	-1.42	11.31
1362	0	0	0	100	0.07082	0.07156	0.05628	32.16	1.81	1.32
1363	0	0	0	98	0.07634	0.07722	0.06133	33.4	1.78	1.08
1364	0	0	0	95	0.0851	0.08619	0.06941	35.24	1.76	0.72
1365	0	0	0	90	0.10123	0.10271	0.0844	38.33	1.71	0.13
1366	0	0	0	85	0.1193	0.12124	0.10138	41.41	1.68	-0.44
1367	0	0	0	80	0.13941	0.14187	0.12048	44.5	1.65	-1
1368	0	0	0	75	0.16167	0.16471	0.14185	47.59	1.63	-1.57
1369	0	0	0	70	0.18618	0.18986	0.16562	50.67	1.62	-2.15
1370	0	0	0	60	0.24242	0.24757	0.22083	56.84	1.62	-3.3
1371	0	0	0	50	0.30905	0.3159	0.28707	63	1.65	-4.45
1372	0	0	0	40	0.38702	0.3958	0.36527	69.17	1.72	-5.58
1373	0	0	0	30	0.47717	0.48809	0.45652	75.33	1.82	-6.71
1374	0	0	0	25	0.52706	0.53908	0.50743	78.41	1.89	-7.3
1375	0	0	0	20	0.58025	0.59341	0.56213	81.48	1.97	-7.91
1376	0	0	0	15	0.63688	0.6512	0.62075	84.55	2.06	-8.54
1377	0	0	0	10	0.69715	0.71261	0.6834	87.61	2.16	-9.18
1378	0	0	0	7	0.7351	0.75125	0.72297	89.45	2.23	-9.56
1379	0	0	0	5	0.76116	0.77772	0.7501	90.68	2.29	-9.81
1380	0	0	0	3	0.78781	0.80478	0.77784	91.9	2.35	-10.06
1381	0	0	0	2	0.80135	0.81853	0.79192	92.51	2.38	-10.19
1382	10	6	6	100	0.06854	0.06925	0.05493	31.64	1.8	1.08
1383	40	27	27	0	0.38181	0.39471	0.39249	69.09	0.39	-9.41
1384	100	100	40	100	0.05019	0.04908	0.04051	26.47	3.62	-0.01
1385	100	40	40	100	0.051	0.05243	0.04661	27.42	0.56	-1.88
1386	100	0	40	100	0.05151	0.05429	0.04864	27.92	-1.01	-2.1
1387	40	100	100	80	0.06884	0.0634	0.04754	30.25	8.06	2.5
1388	40	70	100	80	0.07545	0.07408	0.05107	32.72	3.87	4.89
1389	40	40	100	80	0.08173	0.08516	0.05433	35.04	-0.34	7.23
1390	40	0	100	80	0.08995	0.10032	0.05736	37.9	-5.56	10.7
1391	40	100	70	80	0.07373	0.06693	0.05249	31.1	9.22	1.36
1392	40	70	70	80	0.07966	0.07665	0.05845	33.27	5.38	2.2
1393	40	40	70	80	0.08736	0.08946	0.06498	35.88	0.94	3.72
1394	40	0	70	80	0.09624	0.10585	0.07103	38.87	-4.58	6.3
1395	0	0	100	0	0.67415	0.71817	0.12555	87.88	-3.99	72.34
1396	0	0	98	0	0.67599	0.72038	0.13224	87.99	-4.04	70.65
1397	0	0	95	0	0.67878	0.72372	0.14276	88.15	-4.12	68.12
1398	0	0	90	0	0.68366	0.72927	0.1615	88.41	-4.2	63.9
1399	0	0	85	0	0.68882	0.73487	0.18179	88.68	-4.23	59.69
1400	0	0	80	0	0.69428	0.74058	0.20373	88.95	-4.22	55.48
1401	0	0	75	0	0.70007	0.74645	0.22738	89.23	-4.17	51.28
1402	0	0	70	0	0.70622	0.75247	0.2527	89.51	-4.07	47.11
1403	0	0	60	0	0.7195	0.76489	0.30875	90.09	-3.75	38.79
1404	0	0	50	0	0.73415	0.77779	0.37235	90.68	-3.25	30.53
1405	0	0	40	0	0.7503	0.79136	0.44403	91.3	-2.59	22.32
1406	0	0	30	0	0.7679	0.80534	0.52421	91.92	-1.73	14.15
1407	0	0	25	0	0.77717	0.81226	0.56766	92.23	-1.2	10.06
1408	0	0	20	0	0.78678	0.8191	0.61353	92.54	-0.6	5.95
1409	0	0	15	0	0.79675	0.8259	0.66169	92.83	0.08	1.84
1410	0	0	10	0	0.80708	0.83269	0.71222	93.13	0.82	-2.26
1411	0	0	7	0	0.81344	0.83678	0.74372	93.31	1.28	-4.72
1412	0	0	5	0	0.81779	0.83953	0.76523	93.43	1.61	-6.36
1413	0	0	3	0	0.8222	0.84229	0.78708	93.55	1.94	-7.99
1414	0	0	2	0	0.82442	0.84368	0.79818	93.61	2.11	-8.81
1415	10	6	6	80	0.12794	0.13028	0.11133	42.81	1.55	-1.19
1416	20	12	12	0	0.57647	0.59271	0.58521	81.44	1.21	-10.35
1417	0	100	100	100	0.05501	0.05371	0.0411	27.77	3.83	1.88
1418	0	40	100	100	0.05979	0.06171	0.04558	29.84	0.32	2.87
1419	0	0	100	100	0.05891	0.06266	0.04589	30.07	-1.67	3.1
1420	70	100	100	80	0.06118	0.05933	0.04709	29.24	4.42	1
1421	70	70	100	80	0.0654	0.0675	0.0509	31.23	0.33	2.41
1422	70	40	100	80	0.06962	0.07573	0.05355	33.08	-3.34	4.25
1423	70	0	100	80	0.07475	0.0869	0.05639	35.38	-8.27	6.82
1424	70	100	70	80	0.06442	0.06101	0.05082	29.67	6.05	-0.24
1425	70	70	70	80	0.06982	0.06994	0.05811	31.79	2.4	-0.19
1426	70	40	70	80	0.07412	0.07899	0.0631	33.77	-1.93	0.92
1427	70	0	70	80	0.08224	0.09409	0.0709	36.76	-7.32	2.71
1428	0	100	0	0	0.37921	0.22684	0.20855	54.75	61.39	-4.47
1429	0	98	0	0	0.38505	0.2335	0.21695	55.43	60.31	-4.97
1430	0	95	0	0	0.39397	0.2438	0.22997	56.47	58.67	-5.7
1431	0	90	0	0	0.40931	0.2619	0.25259	58.22	55.88	-6.83
1432	0	85	0	0	0.4253	0.28121	0.27631	60	53.03	-7.85
1433	0	80	0	0	0.44201	0.30183	0.30102	61.81	50.13	-8.75
1434	0	75	0	0	0.45955	0.32385	0.32665	63.66	47.2	-9.5
1435	0	70	0	0	0.47797	0.34742	0.35312	65.55	44.21	-10.11
1436	0	60	0	0	0.51732	0.39907	0.4086	69.4	38.17	-10.98
1437	0	50	0	0	0.55996	0.45667	0.46788	73.33	32.11	-11.52
1438	0	40	0	0	0.60605	0.52042	0.53116	77.31	26.12	-11.81
1439	0	30	0	0	0.65581	0.59083	0.59824	81.34	20.16	-11.84
1440	0	25	0	0	0.68211	0.62869	0.63316	83.37	17.18	-11.76
1441	0	20	0	0	0.70942	0.66838	0.66893	85.42	14.22	-11.62
1442	0	15	0	0	0.73775	0.70997	0.70558	87.48	11.26	-11.41
1443	0	10	0	0	0.76709	0.75346	0.74306	89.55	8.32	-11.14
1444	0	7	0	0	0.78517	0.78047	0.76599	90.8	6.56	-10.96
1445	0	5	0	0	0.79744	0.79889	0.78134	91.63	5.38	-10.81
1446	0	3	0	0	0.8099	0.81765	0.79688	92.47	4.21	-10.67
1447	0	2	0	0	0.81619	0.82716	0.80476	92.89	3.62	-10.59
1448	10	6	6	60	0.21448	0.21933	0.19665	53.96	1.42	-3.38
1449	10	6	6	0	0.69289	0.70932	0.69234	87.45	1.94	-10.27
1450	40	100	100	100	0.05301	0.05228	0.04115	27.38	3.15	1.17
1451	40	40	100	100	0.05538	0.05798	0.04485	28.9	-0.61	1.65
1452	40	0	100	100	0.05568	0.05995	0.0456	29.4	-2.43	2.1
1453	100	100	100	80	0.05311	0.05439	0.04612	27.95	0.8	-0.69
1454	100	70	100	80	0.05631	0.06076	0.05057	29.6	-2.58	-0.22
1455	100	40	100	80	0.05718	0.06477	0.05178	30.58	-5.81	0.84
1456	100	0	100	80	0.06106	0.07413	0.05564	32.73	-10.75	2.61
1457	100	100	70	80	0.05667	0.0568	0.0512	28.59	2.2	-2.29
1458	100	70	70	80	0.05868	0.06183	0.05651	29.87	-1.04	-2.74
1459	100	40	70	80	0.06101	0.06793	0.06138	31.33	-4.78	-2.51
1460	100	0	70	80	0.06203	0.07346	0.06413	32.58	-9.06	-1.59
1461	100	0	0	0	0.20839	0.26576	0.55969	58.58	-21.4	-47.14
1462	98	0	0	0	0.2156	0.27347	0.56502	59.29	-21.07	-46.46
1463	95	0	0	0	0.22668	0.28529	0.57307	60.36	-20.57	-45.45
1464	90	0	0	0	0.24601	0.3057	0.58646	62.14	-19.7	-43.75
1465	85	0	0	0	0.2665	0.32705	0.59987	63.92	-18.79	-42.03
1466	80	0	0	0	0.28816	0.34933	0.61324	65.7	-17.85	-40.3
1467	75	0	0	0	0.31104	0.37254	0.62654	67.47	-16.86	-38.55
1468	70	0	0	0	0.33521	0.39669	0.63977	69.23	-15.81	-36.78
1469	60	0	0	0	0.38765	0.44799	0.66595	72.76	-13.56	-33.17
1470	50	0	0	0	0.44559	0.50336	0.69208	76.27	-11.17	-29.51
1471	40	0	0	0	0.50915	0.56303	0.71861	79.79	-8.73	-25.84
1472	30	0	0	0	0.57871	0.62713	0.74534	83.29	-6.22	-22.14
1473	25	0	0	0	0.61595	0.66084	0.75847	85.04	-4.89	-20.25
1474	20	0	0	0	0.65495	0.69566	0.77126	86.78	-3.51	-18.33
1475	15	0	0	0	0.69575	0.7316	0.78378	88.52	-2.07	-16.38
1476	10	0	0	0	0.73836	0.7687	0.79608	90.26	-0.58	-14.41
1477	7	0	0	0	0.76479	0.79152	0.80344	91.3	0.32	-13.22
1478	5	0	0	0	0.78277	0.80698	0.80835	92	0.93	-12.43
1479	3	0	0	0	0.80102	0.82263	0.81326	92.69	1.53	-11.63
1480	2	0	0	0	0.81024	0.83053	0.81571	93.04	1.84	-11.23
1481	10	6	6	40	0.3333	0.34156	0.31669	65.09	1.4	-5.54
1482	5	3	3	0	0.75854	0.77531	0.75406	90.57	2.24	-10.34
1483	100	100	100	100	0.04751	0.04849	0.03933	26.3	0.98	0.42
1484	100	40	100	100	0.04954	0.05317	0.0435	27.62	-2.13	0.21
1485	100	0	100	100	0.0488	0.05382	0.04347	27.8	-3.82	0.54
1486	0	0	0	10	0.69715	0.71261	0.6834	87.61	2.16	-9.18
1487	0	0	10	10	0.67828	0.7002	0.59716	87.01	0.69	-1.96
1488	0	0	20	10	0.66024	0.68751	0.51787	86.38	-0.59	5.29
1489	0	0	40	10	0.62739	0.66175	0.37945	85.09	-2.44	19.92
1490	0	0	70	10	0.58523	0.62381	0.21977	83.12	-3.89	42.21
1491	0	10	0	10	0.64562	0.6358	0.62038	83.75	7.48	-9.88
1492	0	10	10	10	0.62857	0.62379	0.54524	83.11	6.32	-3.31
1493	0	10	20	10	0.61242	0.61276	0.47489	82.53	5.11	3.52
1494	0	10	40	10	0.58314	0.59074	0.3517	81.33	3.3	17.3
1495	0	10	70	10	0.5444	0.557	0.20675	79.44	1.86	38.47
1496	0	20	0	10	0.59701	0.56493	0.5596	79.89	12.82	-10.38
1497	0	20	10	10	0.58195	0.55456	0.49416	79.3	11.75	-4.26
1498	0	20	20	10	0.56752	0.54417	0.43326	78.7	10.81	1.94
1499	0	20	40	10	0.5414	0.5252	0.32444	77.59	9.09	14.85
1500	0	20	70	10	0.50654	0.49613	0.19438	75.83	7.62	34.81
1501	0	40	0	10	0.51291	0.44473	0.45017	72.54	23.47	-10.76
1502	0	40	10	10	0.50124	0.43731	0.40179	72.05	22.51	-5.53
1503	0	40	20	10	0.48975	0.42946	0.35601	71.52	21.7	-0.23
1504	0	40	40	10	0.46955	0.41586	0.2732	70.58	20.16	10.93
1505	0	40	70	10	0.44147	0.39407	0.17141	69.05	18.79	28.18
1506	0	70	0	10	0.40991	0.30464	0.30856	62.05	39.53	-9.51
1507	0	70	10	10	0.40306	0.30146	0.28134	61.78	38.59	-5.61
1508	0	70	20	10	0.39606	0.29774	0.25459	61.46	37.8	-1.59
1509	0	70	40	10	0.38099	0.28792	0.20301	60.6	36.74	6.75
1510	0	70	70	10	0.36268	0.27699	0.13831	59.62	35	20.1
1511	10	0	0	10	0.62272	0.64843	0.66157	84.4	-0.58	-12.69
1512	10	0	10	10	0.60606	0.63738	0.58017	83.83	-2	-5.72
1513	10	0	20	10	0.58914	0.62565	0.50423	83.21	-3.36	1.34
1514	10	0	40	10	0.55663	0.60024	0.36998	81.85	-5.44	15.63
1515	10	0	70	10	0.51589	0.56402	0.21547	79.84	-7.2	37.41
1516	10	10	0	10	0.57844	0.58014	0.60195	80.75	4.68	-13.23
1517	10	10	10	10	0.56327	0.5705	0.53049	80.21	3.29	-6.74
1518	10	10	20	10	0.54793	0.5602	0.4628	79.62	1.97	-0.06
1519	10	10	40	10	0.52011	0.53957	0.34407	78.44	-0.04	13.41
1520	10	10	70	10	0.48252	0.50709	0.20372	76.5	-1.76	34.02
1521	10	20	0	10	0.5355	0.51649	0.54407	77.07	9.82	-13.6
1522	10	20	10	10	0.52202	0.50823	0.48165	76.57	8.5	-7.54
1523	10	20	20	10	0.50849	0.49867	0.42307	75.99	7.46	-1.47
1524	10	20	40	10	0.48365	0.48088	0.31796	74.88	5.54	11.16
1525	10	20	70	10	0.4497	0.45279	0.19174	73.08	3.81	30.62
1526	10	40	0	10	0.46105	0.4086	0.44074	70.08	19.96	-13.86
1527	10	40	10	10	0.44972	0.40155	0.39276	69.58	18.88	-8.6
1528	10	40	20	10	0.43882	0.39423	0.34858	69.06	17.97	-3.42
1529	10	40	40	10	0.4189	0.3807	0.2686	68.07	16.31	7.38
1530	10	40	70	10	0.39128	0.35945	0.16909	66.48	14.67	24.29
1531	10	70	0	10	0.3691	0.2814	0.30462	60.01	35.39	-12.41
1532	10	70	10	10	0.36207	0.27779	0.27731	59.69	34.48	-8.55
1533	10	70	20	10	0.35543	0.27437	0.25132	59.38	33.61	-4.6
1534	10	70	40	10	0.34054	0.26492	0.2009	58.5	32.3	3.57
1535	10	70	70	10	0.32217	0.25374	0.13714	57.44	30.41	16.66
1536	20	0	0	10	0.55409	0.58815	0.63973	81.19	-3.23	-16.16
1537	20	0	10	10	0.53822	0.57786	0.56203	80.62	-4.78	-9.38
1538	20	0	20	10	0.52302	0.5672	0.49005	80.02	-6.12	-2.55
1539	20	0	40	10	0.49244	0.54351	0.36131	78.67	-8.38	11.35
1540	20	0	70	10	0.45274	0.50854	0.21148	76.59	-10.48	32.6
1541	20	10	0	10	0.51515	0.52721	0.58302	77.71	1.79	-16.56
1542	20	10	10	10	0.50061	0.51814	0.51472	77.17	0.27	-10.25
1543	20	10	20	10	0.48727	0.50915	0.4508	76.63	-0.99	-3.79
1544	20	10	40	10	0.46088	0.48977	0.33654	75.44	-3.19	9.33
1545	20	10	70	10	0.4242	0.45834	0.20009	73.44	-5.23	29.49
1546	20	20	0	10	0.47841	0.47087	0.52841	74.25	6.84	-16.79
1547	20	20	10	10	0.46558	0.46311	0.46854	73.75	5.42	-10.88
1548	20	20	20	10	0.45326	0.45512	0.41257	73.23	4.17	-4.89
1549	20	20	40	10	0.42998	0.43879	0.31153	72.15	2.05	7.43
1550	20	20	70	10	0.39709	0.4116	0.18911	70.29	0.07	26.38
1551	20	40	0	10	0.41285	0.37418	0.4302	67.59	16.56	-16.85
1552	20	40	10	10	0.4021	0.3676	0.38393	67.1	15.38	-11.7
1553	20	40	20	10	0.392	0.3613	0.3411	66.62	14.28	-6.54
1554	20	40	40	10	0.3731	0.34864	0.26398	65.64	12.44	3.98
1555	20	40	70	10	0.34651	0.3283	0.16716	64.02	10.55	20.51
1556	20	70	0	10	0.3315	0.25963	0.30044	58	31.3	-15.22
1557	20	70	10	10	0.3249	0.25637	0.27399	57.69	30.3	-11.44
1558	20	70	20	10	0.31815	0.25267	0.24809	57.33	29.41	-7.54
1559	20	70	40	10	0.30374	0.24356	0.19862	56.44	27.96	0.49
1560	20	70	70	10	0.28565	0.23252	0.13624	55.33	25.85	13.27
1561	40	0	0	10	0.43504	0.48003	0.5963	74.83	-8	-22.87
1562	40	0	10	10	0.41914	0.46973	0.52466	74.17	-9.92	-16.51
1563	40	0	20	10	0.40501	0.46006	0.45894	73.55	-11.53	-10.08
1564	40	0	40	10	0.38111	0.44266	0.34407	72.41	-14.12	3.01
1565	40	0	70	10	0.34408	0.41008	0.20489	70.18	-16.82	22.88
1566	40	10	0	10	0.40516	0.43236	0.546	71.71	-3.58	-23.04
1567	40	10	10	10	0.39187	0.42395	0.48303	71.14	-5.25	-17.06
1568	40	10	20	10	0.37916	0.41557	0.42441	70.56	-6.81	-10.99
1569	40	10	40	10	0.35625	0.39915	0.32039	69.41	-9.36	1.35
1570	40	10	70	10	0.3232	0.371	0.19388	67.35	-11.95	20.3
1571	40	20	0	10	0.37707	0.38804	0.49715	68.61	0.94	-23.04
1572	40	20	10	10	0.36535	0.38091	0.44187	68.09	-0.64	-17.43
1573	40	20	20	10	0.35409	0.37363	0.3902	67.55	-2.07	-11.76
1574	40	20	40	10	0.33319	0.3591	0.29729	66.45	-4.53	-0.15
1575	40	20	70	10	0.30361	0.33483	0.18342	64.55	-7.04	17.73
1576	40	40	0	10	0.32718	0.31115	0.40806	62.6	9.93	-22.63
1577	40	40	10	10	0.31766	0.30559	0.36518	62.13	8.55	-17.7
1578	40	40	20	10	0.30879	0.30023	0.32537	61.67	7.28	-12.74
1579	40	40	40	10	0.29239	0.28966	0.25345	60.75	5.09	-2.61
1580	40	40	70	10	0.26914	0.27268	0.16355	59.22	2.54	13.09
1581	40	70	0	10	0.26414	0.21903	0.28997	53.92	23.33	-20.57
1582	40	70	10	10	0.25829	0.21632	0.26532	53.63	22.17	-16.95
1583	40	70	20	10	0.25232	0.21317	0.241	53.29	21.13	-13.22
1584	40	70	40	10	0.23986	0.20565	0.19396	52.47	19.33	-5.38
1585	40	70	70	10	0.22307	0.19501	0.13497	51.27	16.99	6.6
1586	70	0	0	10	0.29185	0.34363	0.53201	65.25	-14.51	-32.69
1587	70	0	10	10	0.27816	0.33486	0.46998	64.55	-16.83	-26.9
1588	70	0	20	10	0.26554	0.32626	0.41266	63.86	-18.91	-21.06
1589	70	0	40	10	0.24443	0.31114	0.31291	62.6	-22.37	-9.24
1590	70	0	70	10	0.22057	0.29183	0.19501	60.94	-25.86	9.01
1591	70	10	0	10	0.27318	0.31219	0.48972	62.69	-10.8	-32.39
1592	70	10	10	10	0.2627	0.30624	0.43581	62.19	-12.88	-26.85
1593	70	10	20	10	0.25118	0.29862	0.38416	61.54	-14.87	-21.32
1594	70	10	40	10	0.23106	0.28445	0.29352	60.29	-18.27	-10.17
1595	70	10	70	10	0.20894	0.26712	0.18564	58.71	-21.69	7.17
1596	70	20	0	10	0.25545	0.28276	0.44879	60.14	-7.05	-31.98
1597	70	20	10	10	0.24625	0.27779	0.40113	59.69	-9.02	-26.76
1598	70	20	20	10	0.23724	0.27239	0.35628	59.19	-10.8	-21.51
1599	70	20	40	10	0.21863	0.25957	0.27456	58	-14.06	-11.01
1600	70	20	70	10	0.19765	0.24361	0.17646	56.45	-17.46	5.31
1601	70	40	0	10	0.22436	0.23189	0.37493	55.27	0.35	-30.88
1602	70	40	10	10	0.217	0.22813	0.33796	54.88	-1.38	-26.32
1603	70	40	20	10	0.20999	0.22424	0.30296	54.47	-2.94	-21.7
1604	70	40	40	10	0.19572	0.21495	0.2377	53.49	-5.66	-12.28
1605	70	40	70	10	0.17612	0.20061	0.15757	51.91	-9	1.91
1606	70	70	0	10	0.18355	0.1679	0.27411	47.99	11.79	-28.18
1607	70	70	10	10	0.17833	0.16551	0.25119	47.69	10.36	-24.73
1608	70	70	20	10	0.17326	0.16292	0.2287	47.36	9.06	-21.16
1609	70	70	40	10	0.16398	0.15791	0.1864	46.7	6.76	-13.7
1610	70	70	70	10	0.14872	0.14744	0.13005	45.28	4	-2.37
1611	50	40	40	0	0.2922	0.29884	0.28531	61.55	1.56	-6.66
1612	100	0	0	10	0.18172	0.23034	0.46377	55.11	-19.83	-42.45
1613	0	100	0	10	0.32396	0.19921	0.18375	51.75	55.58	-4.42
1614	0	0	100	10	0.55603	0.59307	0.11457	81.46	-3.91	64.47
1615	0	100	100	10	0.28118	0.17648	0.07526	49.07	51.11	22.16
1616	100	0	100	10	0.11264	0.1782	0.10979	49.28	-36.94	10.45
1617	100	100	0	10	0.10276	0.0925	0.17543	36.46	10.93	-28.91
END_DATA										