CGATS.17										
										
ORIGINATOR	"Advanced Printing Technology Centre (APTEC), http://aptec.hkprinters.org/en/index.html"									
INSTRUMENTATION	"D50, 2 degree, geometry 45/0, no polarisation filter, white backing, according to ISO 13655:2009 M1"									
DESCRIPTOR	APTEC_Offset_Coated_LinearCTV_2025									
MEASUREMENT_SOURCE	"MeasurementCondition=M1	Filter=D50"									
ILLUMINATION_NAME	D50									
OBSERVER_ANGLE	2									
FILTER	D50									
WEIGHTING_FUNCTION	"ILLUMINANT,	D50"									
WEIGHTING_FUNCTION	"OBSERVER,	2 degree"									
KEYWORD	DEVCALSTD									
DEVCALSTD										
CREATED										
										
NUMBER_OF_FIELDS	11									
BEGIN_DATA_FORMAT										
SAMPLE_ID	CMYK_C	CMYK_M	CMYK_Y	CMYK_K	XYZ_X	XYZ_Y	XYZ_Z	LAB_L	LAB_A	LAB_B
END_DATA_FORMAT										
										
NUMBER_OF_SETS	1617									
BEGIN_DATA										
1	0	100	20	0	0.32636	0.16592	0.12238	47.74	73.71	4.04
2	0	85	20	0	0.36663	0.21729	0.16685	53.74	61.64	2.85
3	0	70	20	0	0.41522	0.28214	0.21732	60.08	49.64	2.98
4	0	55	20	0	0.47315	0.36314	0.27358	66.76	37.66	4.27
5	0	40	20	0	0.54114	0.46143	0.33639	73.64	26.06	6.25
6	0	30	20	0	0.59261	0.53743	0.3826	78.31	18.59	7.81
7	0	20	20	0	0.6488	0.62117	0.43088	82.98	11.52	9.6
8	0	10	20	0	0.70891	0.7123	0.47738	87.6	4.74	11.97
9	0	0	20	0	0.77435	0.8127	0.52626	92.25	-1.85	14.49
10	0	100	10	0	0.3299	0.16632	0.13828	47.79	74.74	-0.28
11	0	85	10	0	0.37261	0.219	0.19229	53.92	62.81	-2.52
12	0	70	10	0	0.42316	0.2852	0.25247	60.36	50.85	-3.12
13	0	55	10	0	0.48374	0.36832	0.32008	67.15	38.89	-2.49
14	0	40	10	0	0.55405	0.4684	0.39507	74.09	27.37	-1.14
15	0	30	10	0	0.60723	0.54578	0.44998	78.8	19.97	0.05
16	0	20	10	0	0.6655	0.63125	0.50869	83.51	12.95	1.35
17	0	10	10	0	0.72865	0.72491	0.5704	88.2	6.27	2.83
18	0	0	10	0	0.7963	0.82721	0.62973	92.89	-0.26	4.98
19	0	100	0	0	0.33369	0.1668	0.15466	47.85	75.81	-4.36
20	0	85	0	0	0.37837	0.22063	0.21768	54.09	63.93	-7.41
21	0	70	0	0	0.43174	0.28842	0.29038	60.64	52.16	-9.06
22	0	55	0	0	0.49498	0.37345	0.37059	67.54	40.28	-9.13
23	0	40	0	0	0.56841	0.47609	0.45993	74.58	28.82	-8.42
24	0	30	0	0	0.62334	0.55471	0.52449	79.31	21.51	-7.63
25	0	20	0	0	0.68357	0.6416	0.59358	84.05	14.59	-6.7
26	0	10	0	0	0.74931	0.73751	0.6674	88.8	7.94	-5.64
27	0	0	0	0	0.82045	0.84252	0.74555	93.56	1.56	-4.45
28	0	100	0	20	0.21743	0.11122	0.11096	39.79	63.88	-6.28
29	0	70	0	20	0.28046	0.19181	0.19699	50.9	42.93	-8.72
30	0	40	0	20	0.36495	0.31025	0.30148	62.53	23.19	-7.58
31	0	20	0	20	0.43419	0.41119	0.38111	70.26	11.43	-5.87
32	0	10	0	20	0.47266	0.46778	0.424	74.05	6.1	-4.93
33	0	0	0	20	0.51389	0.52907	0.4688	77.82	0.99	-3.88
34	10	100	20	0	0.28398	0.14668	0.12322	45.18	68.98	-0.63
35	10	85	20	0	0.31947	0.19299	0.16659	51.04	57.04	-1.75
36	10	70	20	0	0.36249	0.25244	0.21544	57.31	44.86	-1.43
37	10	55	20	0	0.41359	0.32595	0.26966	63.83	32.98	-0.12
38	10	40	20	0	0.47337	0.41482	0.32997	70.51	21.54	1.81
39	10	30	20	0	0.51919	0.48383	0.37448	75.07	14.25	3.32
40	10	20	20	0	0.56887	0.55953	0.42081	79.59	7.34	5.02
41	10	10	20	0	0.62153	0.64124	0.46537	84.03	0.75	7.23
42	10	0	20	0	0.67786	0.72835	0.51528	88.37	-5.28	9
43	10	100	10	0	0.28751	0.1471	0.13916	45.24	70.09	-4.92
44	10	85	10	0	0.32529	0.19463	0.19187	51.22	58.31	-7.08
45	10	70	10	0	0.37021	0.25536	0.25015	57.59	46.19	-7.46
46	10	55	10	0	0.42382	0.33088	0.31533	64.23	34.34	-6.8
47	10	40	10	0	0.48587	0.42147	0.38734	70.97	23	-5.48
48	10	30	10	0	0.5333	0.49176	0.44018	75.56	15.77	-4.34
49	10	20	10	0	0.585	0.56911	0.49654	80.13	8.93	-3.11
50	10	10	10	0	0.64057	0.65325	0.55585	84.65	2.44	-1.78
51	10	0	10	0	0.699	0.74208	0.61615	89.02	-3.51	-0.37
52	10	100	0	0	0.29195	0.14826	0.15729	45.39	71.12	-9.25
53	10	85	0	0	0.33158	0.19696	0.21904	51.49	59.39	-12.17
54	10	70	0	0	0.37786	0.25856	0.28674	57.9	47.36	-13.19
55	10	55	0	0	0.43409	0.33597	0.36426	64.64	35.62	-13.24
56	10	40	0	0	0.49909	0.42898	0.45019	71.49	24.36	-12.58
57	10	30	0	0	0.54842	0.50062	0.51268	76.11	17.26	-11.85
58	10	20	0	0	0.60202	0.57935	0.57914	80.7	10.52	-11
59	10	10	0	0	0.65998	0.66562	0.64986	85.28	4.08	-10.07
60	10	0	0	0	0.72077	0.75681	0.72595	89.71	-1.87	-9.38
61	10	100	0	20	0.19223	0.09974	0.11156	37.8	60.22	-9.9
62	10	70	0	20	0.24869	0.17412	0.19515	48.78	39.07	-12
63	10	40	0	20	0.32431	0.28267	0.29626	60.13	19.58	-10.89
64	10	20	0	20	0.38607	0.37433	0.37294	67.6	8.18	-9.34
65	10	10	0	20	0.42018	0.42547	0.41402	71.25	3.01	-8.5
66	10	0	0	20	0.45648	0.48041	0.45807	74.85	-1.91	-7.73
67	20	100	20	0	0.24579	0.12918	0.12389	42.64	64.28	-5.2
68	20	85	20	0	0.27714	0.17156	0.16602	48.46	52.14	-6.06
69	20	70	20	0	0.31479	0.22511	0.21332	54.56	40.13	-5.74
70	20	55	20	0	0.35972	0.29182	0.2656	60.94	28.3	-4.41
71	20	40	20	0	0.41232	0.37197	0.32364	67.42	17.11	-2.56
72	20	30	20	0	0.45266	0.4342	0.36633	71.84	9.98	-1.12
73	20	20	20	0	0.49593	0.50177	0.41114	76.18	3.29	0.37
74	20	10	20	0	0.54101	0.57244	0.4564	80.32	-2.76	1.89
75	20	0	20	0	0.58991	0.64988	0.50428	84.48	-8.63	3.52
76	20	100	10	0	0.24991	0.13022	0.14131	42.8	65.36	-9.69
77	20	85	10	0	0.28226	0.17323	0.19042	48.66	53.27	-11.18
78	20	70	10	0	0.32166	0.22799	0.24675	54.86	41.32	-11.56
79	20	55	10	0	0.36906	0.29662	0.30986	61.36	29.58	-10.91
80	20	40	10	0	0.42396	0.37853	0.37932	67.91	18.52	-9.68
81	20	30	10	0	0.46588	0.44203	0.43028	72.36	11.47	-8.62
82	20	20	10	0	0.51097	0.51116	0.48438	76.75	4.84	-7.54
83	20	10	10	0	0.55804	0.58394	0.54207	80.96	-1.24	-6.69
84	20	0	10	0	0.60893	0.66306	0.59969	85.15	-7.02	-5.41
85	20	100	0	0	0.25428	0.13131	0.15963	42.96	66.5	-14.01
86	20	85	0	0	0.2884	0.17541	0.21729	48.93	54.49	-16.23
87	20	70	0	0	0.3292	0.23106	0.2828	55.18	42.64	-17.23
88	20	55	0	0	0.37907	0.30149	0.35789	61.78	31.01	-17.28
89	20	40	0	0	0.43669	0.38557	0.44073	68.43	20.06	-16.7
90	20	30	0	0	0.48055	0.45044	0.50095	72.92	13.14	-16.03
91	20	20	0	0	0.52738	0.52085	0.56477	77.33	6.61	-15.33
92	20	10	0	0	0.57666	0.59548	0.63339	81.59	0.61	-14.86
93	20	0	0	0	0.62979	0.67682	0.70625	85.85	-5.18	-14.29
94	20	100	0	20	0.16933	0.0891	0.11192	35.81	56.68	-13.43
95	20	70	0	20	0.21967	0.15753	0.19308	46.65	35.34	-15.22
96	20	40	0	20	0.2871	0.25657	0.29106	57.71	16.16	-14.22
97	20	20	0	20	0.34179	0.33941	0.36478	64.92	5.09	-12.84
98	20	10	0	20	0.37168	0.38506	0.405	68.39	0.13	-12.26
99	20	0	0	20	0.4036	0.43434	0.44721	71.85	-4.64	-11.6
100	30	100	20	0	0.21166	0.11374	0.12539	40.2	59.36	-9.82
101	30	85	20	0	0.23849	0.15177	0.16541	45.88	47.15	-10.37
102	30	70	20	0	0.27149	0.2004	0.21108	51.88	35.12	-9.92
103	30	55	20	0	0.31048	0.26021	0.26139	58.06	23.5	-8.65
104	30	40	20	0	0.35672	0.33253	0.31751	64.37	12.54	-6.9
105	30	30	20	0	0.39162	0.38799	0.35848	68.61	5.61	-5.6
106	30	20	20	0	0.42826	0.44672	0.40201	72.68	-0.73	-4.48
107	30	10	20	0	0.46715	0.50938	0.44526	76.64	-6.62	-3.09
108	30	0	20	0	0.50873	0.57728	0.4904	80.59	-12.3	-1.62
109	30	100	10	0	0.21576	0.11475	0.1429	40.37	60.58	-14.29
110	30	85	10	0	0.24356	0.15338	0.1896	46.09	48.42	-15.44
111	30	70	10	0	0.27822	0.20315	0.24399	52.19	36.47	-15.67
112	30	55	10	0	0.31955	0.26477	0.30477	58.49	24.95	-15.07
113	30	40	10	0	0.36799	0.33875	0.37191	64.86	14.13	-13.92
114	30	30	10	0	0.40441	0.3954	0.42079	69.14	7.29	-12.99
115	30	20	10	0	0.44277	0.45558	0.47329	73.26	1.02	-12.28
116	30	10	10	0	0.48352	0.52018	0.52847	77.29	-4.88	-11.54
117	30	0	10	0	0.52702	0.58968	0.5829	81.27	-10.48	-10.4
118	30	100	0	0	0.21947	0.1154	0.16067	40.47	61.86	-18.55
119	30	85	0	0	0.2489	0.15497	0.21549	46.31	49.79	-20.41
120	30	70	0	0	0.28549	0.20601	0.27971	52.51	37.95	-21.33
121	30	55	0	0	0.32912	0.26926	0.35199	58.91	26.57	-21.4
122	30	40	0	0	0.38011	0.34517	0.43188	65.37	15.88	-20.88
123	30	30	0	0	0.41843	0.40313	0.48956	69.69	9.19	-20.31
124	30	20	0	0	0.45859	0.46458	0.5513	73.84	3.04	-19.94
125	30	10	0	0	0.50147	0.53095	0.61697	77.93	-2.78	-19.57
126	30	0	0	0	0.54709	0.60255	0.68636	81.98	-8.38	-19.16
127	40	100	0	20	0.12811	0.07017	0.11269	31.85	48.9	-20.5
128	40	70	0	20	0.16865	0.12806	0.19062	42.47	27.6	-21.9
129	40	40	0	20	0.22044	0.20802	0.28077	52.73	9.48	-21.12
130	40	20	0	20	0.2628	0.27471	0.34992	59.41	-0.85	-20.24
131	40	10	0	20	0.28504	0.31059	0.38646	62.56	-5.53	-19.87
132	40	0	0	20	0.30828	0.34861	0.4242	65.64	-10	-19.45
133	40	100	20	0	0.18078	0.09972	0.12645	37.79	54.31	-14.28
134	40	85	20	0	0.20401	0.13397	0.16524	43.36	42.1	-14.67
135	40	70	20	0	0.23254	0.17766	0.20919	49.21	30.14	-14.14
136	40	55	20	0	0.26654	0.23156	0.25783	55.23	18.67	-12.9
137	40	40	20	0	0.30634	0.29594	0.3118	61.3	7.98	-11.31
138	40	30	20	0	0.33606	0.34449	0.35141	65.32	1.36	-10.27
139	40	20	20	0	0.36743	0.39638	0.39302	69.21	-4.79	-9.27
140	40	10	20	0	0.40023	0.45117	0.43387	72.97	-10.51	-8.03
141	40	0	20	0	0.43529	0.51035	0.47637	76.7	-16.01	-6.7
142	40	100	10	0	0.18425	0.10032	0.1434	37.9	55.67	-18.68
143	40	85	10	0	0.20888	0.13543	0.18936	43.57	43.52	-19.74
144	40	70	10	0	0.23899	0.1802	0.24177	49.52	31.66	-19.87
145	40	55	10	0	0.27514	0.23569	0.30039	55.65	20.33	-19.26
146	40	40	10	0	0.31703	0.30159	0.3649	61.79	9.79	-18.25
147	40	30	10	0	0.34833	0.35134	0.41194	65.85	3.29	-17.53
148	40	20	10	0	0.38132	0.40458	0.46219	69.79	-2.8	-16.94
149	40	10	10	0	0.41589	0.4612	0.51478	73.62	-8.53	-16.37
150	40	0	10	0	0.45273	0.52184	0.5661	77.39	-13.92	-15.37
151	40	100	0	0	0.18746	0.10061	0.1605	37.95	57.1	-22.86
152	40	85	0	0	0.21362	0.13657	0.21442	43.74	45.06	-24.63
153	40	70	0	0	0.24598	0.18285	0.27718	49.84	33.32	-25.51
154	40	55	0	0	0.28427	0.23972	0.34668	56.06	22.18	-25.55
155	40	40	0	0	0.32863	0.30747	0.42352	62.29	11.78	-25.14
156	40	30	0	0	0.36181	0.35851	0.47879	66.41	5.44	-24.73
157	40	20	0	0	0.39659	0.41298	0.53781	70.38	-0.5	-24.46
158	40	10	0	0	0.43317	0.47126	0.60054	74.27	-6.16	-24.26
159	40	0	0	0	0.47209	0.53393	0.66653	78.11	-11.55	-24.01
160	70	100	0	20	0.08021	0.04901	0.11642	26.45	35.29	-30.93
161	70	70	0	20	0.10702	0.09116	0.18679	36.21	15.26	-31.88
162	70	40	0	20	0.14059	0.14791	0.26773	45.35	-1.26	-31.66
163	70	20	0	20	0.16599	0.19239	0.32704	50.97	-10.5	-31.45
164	70	10	0	20	0.17891	0.21581	0.35755	53.58	-14.73	-31.38
165	70	0	0	20	0.19248	0.24052	0.38925	56.14	-18.73	-31.31
166	55	100	20	0	0.14007	0.08129	0.12764	34.25	46.25	-20.72
167	55	85	20	0	0.15893	0.11078	0.1652	39.71	34.01	-20.94
168	55	70	20	0	0.18165	0.1478	0.207	45.33	22.27	-20.39
169	55	55	20	0	0.20848	0.19302	0.25303	51.04	11.14	-19.28
170	55	40	20	0	0.23959	0.24599	0.30383	56.68	1.05	-18.03
171	55	30	20	0	0.26272	0.286	0.3409	60.43	-5.28	-17.18
172	55	20	20	0	0.28658	0.32801	0.37943	64	-11.15	-16.44
173	55	10	20	0	0.31164	0.37239	0.41708	67.46	-16.59	-15.42
174	55	0	20	0	0.33861	0.42057	0.45659	70.91	-21.85	-14.35
175	55	100	10	0	0.14303	0.08153	0.1439	34.3	47.87	-25.01
176	55	85	10	0	0.16357	0.11208	0.18913	39.93	35.71	-25.97
177	55	70	10	0	0.18772	0.15005	0.23897	45.64	24.09	-26.04
178	55	55	10	0	0.21644	0.1966	0.2943	51.45	13.14	-25.54
179	55	40	10	0	0.2496	0.25103	0.35484	57.18	3.25	-24.79
180	55	30	10	0	0.27415	0.2921	0.39882	60.97	-2.97	-24.25
181	55	20	10	0	0.29947	0.3353	0.44546	64.59	-8.75	-23.9
182	55	10	10	0	0.32617	0.38136	0.4944	68.12	-14.2	-23.57
183	55	0	10	0	0.35475	0.43083	0.54211	71.61	-19.36	-22.81
184	55	100	0	0	0.14644	0.08201	0.16178	34.4	49.53	-29.29
185	55	85	0	0	0.16841	0.11338	0.21494	40.14	37.49	-30.93
186	55	70	0	0	0.19421	0.15231	0.27342	45.95	26.07	-31.59
187	55	55	0	0	0.22498	0.20017	0.33908	51.86	15.33	-31.69
188	55	40	0	0	0.26082	0.2566	0.41144	57.71	5.64	-31.5
189	55	30	0	0	0.28711	0.29882	0.46311	61.55	-0.39	-31.26
190	55	20	0	0	0.31399	0.343	0.51788	65.2	-6.01	-31.23
191	55	10	0	0	0.3425	0.39052	0.57627	68.79	-11.36	-31.25
192	55	0	0	0	0.37272	0.44134	0.63729	72.32	-16.45	-31.22
193	100	100	0	20	0.04686	0.03594	0.12536	22.28	17.46	-40.71
194	100	70	0	20	0.06145	0.06407	0.18727	30.42	-0.36	-41.96
195	100	40	0	20	0.07968	0.10048	0.25826	37.93	-14.67	-42.81
196	100	20	0	20	0.09323	0.12832	0.30846	42.51	-22.7	-43.19
197	100	10	0	20	0.10038	0.14328	0.33457	44.7	-26.43	-43.37
198	100	0	0	20	0.10775	0.15867	0.3613	46.8	-29.86	-43.59
199	70	100	20	0	0.10665	0.06655	0.12998	31.01	37.38	-26.96
200	70	85	20	0	0.1213	0.09145	0.166	36.26	25.27	-27.08
201	70	70	20	0	0.1388	0.12243	0.20581	41.6	13.77	-26.58
202	70	55	20	0	0.15943	0.15968	0.24877	46.93	3.17	-25.6
203	70	40	20	0	0.18294	0.20277	0.29622	52.15	-6.44	-24.64
204	70	30	20	0	0.2002	0.23487	0.33038	55.57	-12.42	-24.01
205	70	20	20	0	0.21821	0.26886	0.36651	58.87	-18.01	-23.51
206	70	10	20	0	0.23692	0.30467	0.40151	62.06	-23.27	-22.73
207	70	0	20	0	0.25708	0.34331	0.43836	65.22	-28.3	-21.93
208	70	100	10	0	0.10978	0.06709	0.14779	31.14	39.16	-31.47
209	70	85	10	0	0.12531	0.09236	0.18925	36.43	27.25	-32.02
210	70	70	10	0	0.1441	0.12416	0.23668	41.87	15.9	-32.12
211	70	55	10	0	0.16721	0.1632	0.28879	47.39	5.58	-31.65
212	70	40	10	0	0.19248	0.20748	0.3453	52.67	-3.79	-31.19
213	70	30	10	0	0.211	0.24045	0.38596	56.13	-9.61	-30.88
214	70	20	10	0	0.23027	0.27541	0.42944	59.47	-15.1	-30.75
215	70	10	10	0	0.25009	0.31204	0.47443	62.68	-20.27	-30.65
216	70	0	10	0	0.27162	0.35171	0.51865	65.88	-25.17	-30.14
217	70	100	0	0	0.11331	0.06774	0.16692	31.29	41.08	-35.87
218	70	85	0	0	0.1301	0.09371	0.21579	36.69	29.34	-37.05
219	70	70	0	0	0.15004	0.12603	0.27014	42.16	18.25	-37.56
220	70	55	0	0	0.17556	0.16673	0.33242	47.85	8.2	-37.63
221	70	40	0	0	0.20316	0.21271	0.39986	53.24	-0.94	-37.7
222	70	30	0	0	0.22317	0.24655	0.44764	56.74	-6.53	-37.7
223	70	20	0	0	0.24386	0.28243	0.49875	60.11	-11.85	-37.88
224	70	10	0	0	0.26523	0.32019	0.55219	63.36	-16.89	-38.11
225	70	0	0	0	0.28801	0.36067	0.60856	66.57	-21.68	-38.33
226	0	100	10	20	0.21457	0.11064	0.09879	39.69	62.96	-2.56
227	0	70	10	20	0.27464	0.18938	0.17228	50.61	41.84	-3.79
228	0	40	10	20	0.35559	0.30498	0.26051	62.08	22	-1.56
229	0	20	10	20	0.42303	0.40457	0.32875	69.79	10.13	0.76
230	0	10	10	20	0.46001	0.45988	0.36488	73.54	4.75	2.01
231	0	0	10	20	0.50045	0.52101	0.40327	77.34	-0.51	3.4
232	85	100	20	0	0.07882	0.05481	0.13472	28.06	27.07	-33.34
233	85	85	20	0	0.08947	0.07527	0.16847	32.98	15.25	-33.32
234	85	70	20	0	0.10282	0.10104	0.20497	38.03	4.22	-32.57
235	85	55	20	0	0.11784	0.13102	0.24533	42.92	-5.82	-31.9
236	85	40	20	0	0.13475	0.1651	0.28949	47.64	-14.82	-31.34
237	85	30	20	0	0.14719	0.19041	0.3209	50.73	-20.43	-30.92
238	85	20	20	0	0.15993	0.2169	0.35402	53.7	-25.69	-30.67
239	85	10	20	0	0.17333	0.24492	0.38642	56.58	-30.65	-30.17
240	85	0	20	0	0.18892	0.27707	0.42196	59.62	-35.56	-29.55
241	85	100	10	0	0.08191	0.05534	0.15281	28.21	29.25	-37.78
242	85	85	10	0	0.09333	0.07613	0.19152	33.16	17.66	-38.14
243	85	70	10	0	0.10787	0.10266	0.23514	38.31	6.8	-37.96
244	85	55	10	0	0.12503	0.13424	0.28415	43.4	-2.94	-37.77
245	85	40	10	0	0.14347	0.16935	0.3367	48.18	-11.68	-37.69
246	85	30	10	0	0.15702	0.19543	0.37409	51.32	-17.12	-37.58
247	85	20	10	0	0.17083	0.22272	0.41393	54.31	-22.26	-37.68
248	85	10	10	0	0.1852	0.25147	0.4557	57.22	-27.11	-37.85
249	85	0	10	0	0.20205	0.28455	0.4982	60.3	-31.88	-37.49
250	85	100	0	0	0.08428	0.05528	0.16964	28.19	31.43	-41.85
251	85	85	0	0	0.09665	0.0765	0.21496	33.24	20.01	-42.83
252	85	70	0	0	0.11463	0.10531	0.26856	38.78	9.74	-43.12
253	85	55	0	0	0.13411	0.13869	0.32802	44.04	0.25	-43.53
254	85	40	0	0	0.15483	0.17564	0.39149	48.96	-8.25	-43.98
255	85	30	0	0	0.16934	0.20187	0.43515	52.05	-13.3	-44.26
256	85	20	0	0	0.18433	0.22969	0.4819	55.04	-18.18	-44.69
257	85	10	0	0	0.20001	0.25936	0.53152	57.98	-22.88	-45.18
258	85	0	0	0	0.2169	0.29107	0.58133	60.88	-27.28	-45.41
259	10	100	10	20	0.18953	0.09943	0.10035	37.74	59.08	-6.43
260	10	70	10	20	0.24327	0.17187	0.17136	48.49	37.95	-7.24
261	10	40	10	20	0.31558	0.27776	0.25634	59.69	18.34	-4.96
262	10	20	10	20	0.37588	0.3685	0.3222	67.16	6.79	-2.79
263	10	10	10	20	0.40856	0.41843	0.3568	70.76	1.57	-1.64
264	10	0	10	20	0.44339	0.47208	0.39341	74.32	-3.39	-0.51
265	100	100	20	0	0.05557	0.04512	0.13916	25.3	15.13	-39.3
266	100	85	20	0	0.06405	0.06274	0.17107	30.09	3.81	-38.9
267	100	70	20	0	0.07347	0.08362	0.20617	34.73	-6.68	-38.51
268	100	55	20	0	0.08382	0.10719	0.24402	39.1	-16.02	-38.24
269	100	40	20	0	0.09523	0.13335	0.28442	43.26	-24.32	-38.05
270	100	30	20	0	0.10376	0.15289	0.31351	46.03	-29.54	-37.91
271	100	20	20	0	0.11251	0.1734	0.34339	48.69	-34.49	-37.79
272	100	10	20	0	0.12251	0.1965	0.37487	51.44	-39.32	-37.47
273	100	0	20	0	0.13314	0.22106	0.40767	54.14	-43.89	-37.18
274	100	100	10	0	0.05756	0.04499	0.15494	25.26	17.59	-43.39
275	100	85	10	0	0.06849	0.06422	0.19445	30.45	6.84	-43.44
276	100	70	10	0	0.07902	0.08595	0.23651	35.19	-3.47	-43.6
277	100	55	10	0	0.09135	0.11127	0.28371	39.79	-12.55	-43.91
278	100	40	10	0	0.10388	0.1379	0.33168	43.93	-20.4	-44.27
279	100	30	10	0	0.11321	0.15783	0.36607	46.69	-25.37	-44.45
280	100	20	10	0	0.12284	0.1789	0.40192	49.36	-30.15	-44.66
281	100	10	10	0	0.13286	0.20098	0.43895	51.95	-34.63	-44.9
282	100	0	10	0	0.14458	0.22626	0.47814	54.68	-39.05	-44.86
283	100	100	0	0	0.05988	0.04493	0.1715	25.24	20.25	-47.37
284	100	85	0	0	0.07188	0.06469	0.2178	30.57	9.71	-48
285	100	70	0	0	0.0853	0.08845	0.26944	35.68	0.02	-48.61
286	100	55	0	0	0.09962	0.11534	0.32666	40.47	-8.77	-49.49
287	100	40	0	0	0.11407	0.1436	0.38486	44.74	-16.38	-50.37
288	100	30	0	0	0.12423	0.16361	0.42494	47.44	-20.94	-50.92
289	100	20	0	0	0.13483	0.18508	0.46692	50.11	-25.42	-51.45
290	100	10	0	0	0.14596	0.20795	0.51094	52.72	-29.75	-51.97
291	100	0	0	0	0.1577	0.23192	0.55665	55.27	-33.76	-52.52
292	20	100	10	20	0.16667	0.08879	0.10059	35.75	55.46	-9.94
293	20	70	10	20	0.21439	0.15537	0.1695	46.36	34.11	-10.49
294	20	40	10	20	0.27865	0.25191	0.25185	57.26	14.79	-8.34
295	20	20	10	20	0.33187	0.33381	0.31518	64.47	3.56	-6.37
296	20	10	10	20	0.36041	0.37837	0.34919	67.9	-1.47	-5.5
297	20	0	10	20	0.39092	0.42642	0.38421	71.31	-6.28	-4.47
298	0	100	55	0	0.31389	0.16331	0.06833	47.41	70.66	22.15
299	0	85	55	0	0.34857	0.2109	0.08863	53.05	58.57	23.98
300	0	70	55	0	0.39121	0.27131	0.11154	59.09	46.47	26.83
301	0	55	55	0	0.44297	0.34724	0.13723	65.53	34.37	30.59
302	0	40	55	0	0.50383	0.43877	0.16531	72.15	22.78	34.95
303	0	30	55	0	0.54989	0.50949	0.18589	76.65	15.29	38.05
304	0	20	55	0	0.60094	0.58777	0.20704	81.17	8.26	41.39
305	0	10	55	0	0.65655	0.67367	0.22874	85.69	1.57	44.92
306	0	0	55	0	0.71761	0.7686	0.25253	90.26	-4.89	48.43
307	0	100	40	0	0.31899	0.1645	0.08978	47.56	71.85	14.11
308	0	85	40	0	0.35575	0.21364	0.11892	53.35	59.71	14.71
309	0	70	40	0	0.40051	0.27559	0.15195	59.49	47.69	16.37
310	0	55	40	0	0.45468	0.35374	0.18911	66.04	35.56	19.06
311	0	40	40	0	0.51845	0.44845	0.23053	72.79	23.87	22.34
312	0	30	40	0	0.56645	0.52118	0.26027	77.35	16.38	24.81
313	0	20	40	0	0.61866	0.60128	0.28971	81.91	9.24	27.72
314	0	10	40	0	0.67594	0.68932	0.3205	86.47	2.49	30.75
315	0	0	40	0	0.73905	0.78677	0.35393	91.09	-4	33.81
316	0	100	30	0	0.32272	0.16531	0.10608	47.66	72.74	8.83
317	0	85	30	0	0.36104	0.21552	0.14231	53.55	60.6	8.59
318	0	70	30	0	0.40753	0.27881	0.18358	59.78	48.59	9.47
319	0	55	30	0	0.46344	0.35822	0.22966	66.38	36.56	11.46
320	0	40	30	0	0.52933	0.45484	0.28152	73.21	24.88	14.06
321	0	30	30	0	0.57906	0.52932	0.31921	77.84	17.38	16.06
322	0	20	30	0	0.63291	0.61097	0.3562	82.43	10.26	18.56
323	0	10	30	0	0.69106	0.70033	0.3938	87.01	3.43	21.32
324	0	0	30	0	0.75528	0.79925	0.43462	91.65	-3.11	24.09
325	40	100	10	20	0.12607	0.07007	0.10122	31.82	47.64	-16.92
326	40	70	10	20	0.16379	0.12605	0.16696	42.16	26.21	-17.13
327	40	40	10	20	0.2131	0.2044	0.24337	52.33	7.77	-15.31
328	40	20	10	20	0.25366	0.26989	0.30314	58.96	-2.74	-13.99
329	40	10	10	20	0.27462	0.30472	0.3339	62.06	-7.49	-13.34
330	40	0	10	20	0.29563	0.34066	0.36386	65.01	-12.05	-12.55
331	10	100	55	0	0.27167	0.14409	0.0694	44.81	65.66	17.23
332	10	85	55	0	0.30184	0.18685	0.08922	50.32	53.65	19.06
333	10	70	55	0	0.33942	0.24219	0.1115	56.31	41.37	22.04
334	10	55	55	0	0.38474	0.31098	0.13648	62.59	29.35	25.72
335	10	40	55	0	0.43772	0.39344	0.16359	69	17.9	29.93
336	10	30	55	0	0.47821	0.45733	0.1832	73.37	10.55	32.99
337	10	20	55	0	0.52286	0.52771	0.20331	77.74	3.68	36.24
338	10	10	55	0	0.57105	0.60442	0.22409	82.08	-2.86	39.59
339	10	0	55	0	0.62139	0.68551	0.2467	86.28	-8.98	42.62
340	10	100	40	0	0.27667	0.14519	0.09084	44.97	66.99	9.27
341	10	85	40	0	0.30881	0.18939	0.11929	50.62	54.95	9.89
342	10	70	40	0	0.34825	0.24608	0.15116	56.69	42.75	11.75
343	10	55	40	0	0.39592	0.31698	0.18723	63.09	30.72	14.38
344	10	40	40	0	0.45175	0.40249	0.22722	69.65	19.17	17.55
345	10	30	40	0	0.4941	0.46835	0.25558	74.08	11.82	20
346	10	20	40	0	0.53993	0.54056	0.28364	78.49	4.82	22.82
347	10	10	40	0	0.58976	0.61931	0.31309	82.88	-1.77	25.69
348	10	0	40	0	0.64237	0.70284	0.34563	87.14	-7.86	28.18
349	10	100	30	0	0.28033	0.14602	0.10703	45.08	67.94	4.08
350	10	85	30	0	0.31397	0.19124	0.14237	50.83	55.92	3.89
351	10	70	30	0	0.35501	0.2492	0.18226	57	43.72	4.96
352	10	55	30	0	0.40421	0.32122	0.22674	63.44	31.78	6.95
353	10	40	30	0	0.46208	0.40856	0.27672	70.07	20.26	9.45
354	10	30	30	0	0.5062	0.47611	0.31298	74.58	12.93	11.4
355	10	20	30	0	0.55359	0.54979	0.34823	79.03	5.96	13.83
356	10	10	30	0	0.60439	0.62984	0.3843	83.43	-0.69	16.41
357	10	0	30	0	0.65877	0.71514	0.42501	87.73	-6.75	18.54
358	70	100	10	20	0.07783	0.04868	0.10413	26.36	33.52	-27.29
359	70	70	10	20	0.10279	0.08985	0.1644	35.96	13.13	-27.23
360	70	40	10	20	0.13425	0.14516	0.23288	44.96	-3.62	-26.07
361	70	20	10	20	0.15766	0.18823	0.28375	50.48	-13.13	-25.5
362	70	10	10	20	0.16962	0.21094	0.30956	53.05	-17.48	-25.19
363	70	0	10	20	0.18196	0.2347	0.33555	55.55	-21.62	-24.8
364	20	100	55	0	0.23371	0.12661	0.07036	42.25	60.68	12.4
365	20	85	55	0	0.26003	0.16564	0.08956	47.71	48.44	14.44
366	20	70	55	0	0.29253	0.21533	0.11119	53.53	36.28	17.34
367	20	55	55	0	0.33209	0.27762	0.13554	59.67	24.3	20.94
368	20	40	55	0	0.37814	0.35175	0.16147	65.88	13.03	25.07
369	20	30	55	0	0.41328	0.40908	0.18022	70.11	5.82	28.03
370	20	20	55	0	0.45163	0.47161	0.19955	74.29	-0.89	31.08
371	20	10	55	0	0.49129	0.53702	0.21982	78.29	-7.06	33.88
372	20	0	55	0	0.53441	0.60874	0.24144	82.31	-13.04	36.73
373	20	100	40	0	0.23857	0.1277	0.09164	42.41	62.11	4.58
374	20	85	40	0	0.26675	0.16809	0.11925	48.02	49.86	5.42
375	20	70	40	0	0.30098	0.21903	0.15011	53.92	37.78	7.24
376	20	55	40	0	0.34269	0.28326	0.18504	60.18	25.8	9.84
377	20	40	40	0	0.39156	0.3603	0.22352	66.54	14.47	12.91
378	20	30	40	0	0.42848	0.41949	0.25062	70.84	7.26	15.28
379	20	20	40	0	0.46812	0.4838	0.27775	75.06	0.46	17.89
380	20	10	40	0	0.50983	0.55137	0.30707	79.12	-5.69	20.15
381	20	0	40	0	0.55519	0.62544	0.33822	83.2	-11.63	22.48
382	20	100	30	0	0.2422	0.12854	0.10767	42.54	63.14	-0.5
383	20	85	30	0	0.27176	0.16988	0.14201	48.24	50.91	-0.48
384	20	70	30	0	0.30755	0.22203	0.18063	54.24	38.86	0.57
385	20	55	30	0	0.35062	0.28727	0.22346	60.54	26.97	2.57
386	20	40	30	0	0.40143	0.36604	0.27157	66.98	15.68	4.99
387	20	30	30	0	0.44009	0.42685	0.3064	71.34	8.5	6.84
388	20	20	30	0	0.48122	0.49255	0.34044	75.61	1.74	9.06
389	20	10	30	0	0.52454	0.5617	0.37731	79.71	-4.38	10.94
390	20	0	30	0	0.57162	0.63746	0.41633	83.83	-10.29	12.91
391	100	100	10	20	0.0443	0.03559	0.11304	22.16	14.61	-37.31
392	100	70	10	20	0.05747	0.06267	0.16524	30.08	-3.3	-37.57
393	100	40	10	20	0.07372	0.0976	0.22488	37.41	-18	-37.58
394	100	20	10	20	0.08604	0.12481	0.26841	41.97	-26.44	-37.59
395	100	10	10	20	0.09248	0.13926	0.29061	44.13	-30.3	-37.57
396	100	0	10	20	0.09964	0.15507	0.31459	46.32	-33.99	-37.57
397	30	100	55	0	0.19975	0.11103	0.07125	39.75	55.54	7.73
398	30	85	55	0	0.2224	0.14617	0.0899	45.11	43.25	9.83
399	30	70	55	0	0.25049	0.19106	0.11096	50.81	31.06	12.73
400	30	55	55	0	0.28436	0.24668	0.13444	56.75	19.24	16.2
401	30	40	55	0	0.32411	0.31312	0.15922	62.77	8.12	20.24
402	30	30	55	0	0.35412	0.36402	0.17723	66.83	1.06	23.03
403	30	20	55	0	0.38596	0.41793	0.19607	70.73	-5.34	25.66
404	30	10	55	0	0.41973	0.47564	0.21545	74.55	-11.36	28.29
405	30	0	55	0	0.45607	0.53828	0.23613	78.36	-17.16	30.9
406	30	100	40	0	0.2044	0.11211	0.0924	39.93	57.03	0.04
407	30	85	40	0	0.22877	0.14853	0.11925	45.43	44.74	0.97
408	30	70	40	0	0.25833	0.19455	0.14899	51.21	32.61	2.85
409	30	55	40	0	0.29424	0.25197	0.18259	57.27	20.82	5.36
410	30	40	40	0	0.33671	0.32111	0.21951	63.43	9.71	8.33
411	30	30	40	0	0.36851	0.37379	0.24562	67.56	2.68	10.53
412	30	20	40	0	0.40235	0.4298	0.27307	71.54	-3.7	12.6
413	30	10	40	0	0.43806	0.48955	0.30114	75.42	-9.69	14.7
414	30	0	40	0	0.47634	0.55437	0.33089	79.29	-15.48	16.82
415	30	100	30	0	0.20796	0.11292	0.10838	40.07	58.18	-4.99
416	30	85	30	0	0.23364	0.15023	0.14178	45.67	45.92	-4.87
417	30	70	30	0	0.26467	0.19738	0.17901	51.54	33.83	-3.72
418	30	55	30	0	0.30189	0.25575	0.22017	57.63	22.14	-1.8
419	30	40	30	0	0.34623	0.32653	0.26634	63.88	11.08	0.53
420	30	30	30	0	0.37967	0.38072	0.29987	68.07	4.09	2.23
421	30	20	30	0	0.41491	0.43801	0.33413	72.1	-2.24	3.93
422	30	10	30	0	0.45217	0.49925	0.36943	76.02	-8.19	5.66
423	30	0	30	0	0.49206	0.56562	0.40664	79.93	-13.94	7.43
424	0	100	20	20	0.21174	0.11007	0.08692	39.59	62.03	1.4
425	0	70	20	20	0.26917	0.18708	0.1491	50.34	40.82	1.32
426	0	40	20	20	0.3472	0.30024	0.22318	61.68	20.91	4.58
427	0	20	20	20	0.41263	0.39813	0.28053	69.34	8.96	7.55
428	0	10	20	20	0.44886	0.45311	0.31113	73.1	3.47	9.13
429	0	0	20	20	0.48801	0.51318	0.34325	76.87	-1.85	10.83
430	40	100	55	0	0.16927	0.09727	0.07224	37.35	50.02	3.17
431	40	85	55	0	0.18844	0.12872	0.09032	42.57	37.7	5.31
432	40	70	55	0	0.2122	0.16879	0.11062	48.11	25.55	8.17
433	40	55	55	0	0.24113	0.21843	0.13303	53.86	13.89	11.6
434	40	40	55	0	0.27482	0.2773	0.15692	59.64	3	15.41
435	40	30	55	0	0.30052	0.32211	0.17489	63.52	-3.74	17.86
436	40	20	55	0	0.32736	0.36952	0.19293	67.24	-9.99	20.31
437	40	10	55	0	0.35535	0.41975	0.21144	70.85	-15.89	22.72
438	40	0	55	0	0.38549	0.47412	0.23116	74.45	-21.54	25.09
439	40	100	40	0	0.17381	0.09829	0.09329	37.53	51.7	-4.41
440	40	85	40	0	0.19459	0.13092	0.11934	42.9	39.4	-3.43
441	40	70	40	0	0.21978	0.17207	0.14799	48.52	27.32	-1.55
442	40	55	40	0	0.25063	0.22338	0.18005	54.38	15.72	0.95
443	40	40	40	0	0.28687	0.28475	0.21561	60.32	4.84	3.72
444	40	30	40	0	0.31429	0.33125	0.2415	64.26	-1.85	5.6
445	40	20	40	0	0.34302	0.38061	0.26777	68.07	-8.07	7.51
446	40	10	40	0	0.37281	0.4327	0.29455	71.74	-13.92	9.4
447	40	0	40	0	0.40471	0.48902	0.32281	75.39	-19.56	11.3
448	40	100	30	0	0.17711	0.09893	0.10948	37.65	52.97	-9.5
449	40	85	30	0	0.19925	0.13249	0.14183	43.14	40.71	-9.24
450	40	70	30	0	0.22594	0.17482	0.17765	48.86	28.68	-8.03
451	40	55	30	0	0.25827	0.22739	0.21751	54.8	17.13	-6.16
452	40	40	30	0	0.29623	0.29028	0.26193	60.81	6.32	-4
453	40	30	30	0	0.32461	0.3377	0.2944	64.78	-0.36	-2.57
454	40	20	30	0	0.35461	0.38822	0.32711	68.62	-6.52	-1.02
455	40	10	30	0	0.38587	0.44167	0.3604	72.34	-12.31	0.57
456	40	0	30	0	0.41933	0.49943	0.39547	76.03	-17.88	2.17
457	10	100	20	20	0.18679	0.09887	0.08829	37.64	58.11	-2.47
458	10	70	20	20	0.23802	0.16966	0.14834	48.22	36.85	-2.15
459	10	40	20	20	0.30749	0.27324	0.21968	59.27	17.15	1.12
460	10	20	20	20	0.36584	0.36236	0.27508	66.7	5.51	3.91
461	10	10	20	20	0.39775	0.41193	0.30438	70.31	0.17	5.38
462	10	0	20	20	0.43137	0.46462	0.33505	73.84	-4.85	6.81
463	55	100	55	0	0.1296	0.0795	0.07368	33.88	41.12	-3.39
464	55	85	55	0	0.14417	0.10602	0.09085	38.9	28.74	-1.2
465	55	70	55	0	0.16232	0.13953	0.1099	44.17	16.74	1.6
466	55	55	55	0	0.18442	0.18078	0.13104	49.59	5.36	4.78
467	55	40	55	0	0.21043	0.2293	0.15466	55	-5	7.96
468	55	30	55	0	0.22993	0.26604	0.17159	58.61	-11.52	10.14
469	55	20	55	0	0.24977	0.30425	0.18852	62.02	-17.56	12.25
470	55	10	55	0	0.27052	0.34466	0.2058	65.33	-23.24	14.34
471	55	0	55	0	0.29249	0.38799	0.2241	68.61	-28.73	16.36
472	55	100	40	0	0.13362	0.08019	0.09498	34.02	43.13	-11.04
473	55	85	40	0	0.14985	0.10792	0.11968	39.23	30.77	-9.86
474	55	70	40	0	0.16956	0.14274	0.14698	44.62	18.82	-8.01
475	55	55	40	0	0.19353	0.18568	0.17743	50.18	7.5	-5.72
476	55	40	40	0	0.22139	0.23606	0.21143	55.69	-2.84	-3.42
477	55	30	40	0	0.24235	0.27419	0.23564	59.36	-9.28	-1.77
478	55	20	40	0	0.26371	0.31383	0.25956	62.83	-15.23	-0.1
479	55	10	40	0	0.28609	0.35585	0.28426	66.2	-20.83	1.53
480	55	0	40	0	0.31009	0.4014	0.31042	69.57	-26.27	3.16
481	55	100	30	0	0.13683	0.08078	0.11109	34.14	44.66	-16.05
482	55	85	30	0	0.15429	0.10934	0.14179	39.47	32.35	-15.55
483	55	70	30	0	0.17538	0.14524	0.17591	44.97	20.47	-14.35
484	55	55	30	0	0.2007	0.18931	0.21372	50.61	9.22	-12.65
485	55	40	30	0	0.23008	0.24102	0.25607	56.19	-1.04	-10.94
486	55	30	30	0	0.25193	0.27998	0.28642	59.89	-7.45	-9.71
487	55	20	30	0	0.27448	0.32069	0.31629	63.4	-13.33	-8.38
488	55	10	30	0	0.29815	0.36388	0.34696	66.82	-18.85	-7.05
489	55	0	30	0	0.32351	0.41066	0.37935	70.22	-24.21	-5.7
490	20	100	20	20	0.16406	0.08848	0.08949	35.69	54.26	-6.25
491	20	70	20	20	0.20952	0.15335	0.14735	46.09	32.97	-5.57
492	20	40	20	20	0.27128	0.24789	0.21629	56.87	13.54	-2.36
493	20	20	20	20	0.32268	0.32835	0.26958	64.03	2.19	0.23
494	20	10	20	20	0.34995	0.3717	0.29751	67.4	-2.85	1.45
495	20	0	20	20	0.37926	0.41876	0.32686	70.79	-7.73	2.75
496	70	100	55	0	0.09607	0.06459	0.0756	30.54	31.18	-9.91
497	70	85	55	0	0.1069	0.08683	0.092	35.37	18.8	-7.7
498	70	70	55	0	0.1203	0.11461	0.11011	40.35	6.97	-5.05
499	70	55	55	0	0.13694	0.14877	0.13079	45.46	-4.07	-2.26
500	70	40	55	0	0.15573	0.18785	0.15276	50.43	-14.06	0.56
501	70	30	55	0	0.16963	0.21694	0.16823	53.7	-20.27	2.47
502	70	20	55	0	0.184	0.24753	0.18405	56.83	-26.08	4.29
503	70	10	55	0	0.19873	0.2797	0.19997	59.86	-31.64	6.11
504	70	0	55	0	0.21424	0.31383	0.21687	62.83	-36.94	7.81
505	70	100	40	0	0.10005	0.06529	0.09694	30.71	33.62	-17.42
506	70	85	40	0	0.11235	0.08859	0.12056	35.71	21.32	-16.18
507	70	70	40	0	0.12716	0.11757	0.14649	40.83	9.56	-14.42
508	70	55	40	0	0.14539	0.1531	0.17569	46.06	-1.36	-12.43
509	70	40	40	0	0.16592	0.19389	0.20746	51.14	-11.28	-10.47
510	70	30	40	0	0.18109	0.22418	0.22956	54.47	-17.41	-9.06
511	70	20	40	0	0.19681	0.25602	0.25186	57.66	-23.1	-7.66
512	70	10	40	0	0.21305	0.28968	0.27474	60.75	-28.56	-6.28
513	70	0	40	0	0.23041	0.32584	0.29889	63.82	-33.79	-4.94
514	70	100	30	0	0.10343	0.06605	0.11339	30.89	35.46	-22.36
515	70	85	30	0	0.11686	0.09013	0.14287	36.01	23.26	-21.8
516	70	70	30	0	0.13292	0.12009	0.17536	41.23	11.61	-20.68
517	70	55	30	0	0.15217	0.15628	0.2106	46.48	0.88	-19.13
518	70	40	30	0	0.17412	0.19828	0.25017	51.64	-8.95	-17.73
519	70	30	30	0	0.19028	0.22947	0.27819	55.02	-15.01	-16.75
520	70	20	30	0	0.20706	0.26225	0.30602	58.25	-20.63	-15.67
521	70	10	30	0	0.22458	0.29707	0.33466	61.4	-25.99	-14.59
522	70	0	30	0	0.24326	0.33443	0.36476	64.52	-31.12	-13.53
523	40	100	20	20	0.12384	0.06988	0.09003	31.78	46.32	-13.19
524	40	70	20	20	0.15927	0.1242	0.14508	41.88	24.87	-12.25
525	40	40	20	20	0.20644	0.20102	0.20935	51.95	6.22	-9.45
526	40	20	20	20	0.24516	0.26507	0.25981	58.52	-4.43	-7.58
527	40	10	20	20	0.26454	0.2984	0.2845	61.52	-9.23	-6.59
528	40	0	20	20	0.28448	0.33347	0.30945	64.44	-13.87	-5.53
529	85	100	55	0	0.06805	0.05239	0.07791	27.4	19.53	-16.23
530	85	85	55	0	0.07562	0.07069	0.0936	31.96	7.28	-14.12
531	85	70	55	0	0.08521	0.09361	0.11156	36.67	-4.32	-11.83
532	85	55	55	0	0.09671	0.12088	0.13101	41.36	-14.91	-9.41
533	85	40	55	0	0.10948	0.15154	0.15133	45.84	-24.45	-7
534	85	30	55	0	0.11914	0.17467	0.16585	48.84	-30.46	-5.35
535	85	20	55	0	0.12885	0.19865	0.18045	51.68	-36.11	-3.8
536	85	10	55	0	0.13882	0.22359	0.19527	54.41	-41.41	-2.32
537	85	0	55	0	0.15	0.2516	0.21122	57.23	-46.74	-0.73
538	85	100	40	0	0.07259	0.05364	0.09979	27.75	22.55	-23.47
539	85	85	40	0	0.08147	0.07301	0.12251	32.48	10.43	-22.31
540	85	70	40	0	0.09167	0.09626	0.14693	37.16	-0.95	-20.86
541	85	55	40	0	0.10457	0.12472	0.17433	41.96	-11.38	-19.19
542	85	40	40	0	0.11895	0.15691	0.20383	46.57	-20.78	-17.62
543	85	30	40	0	0.12976	0.18113	0.2246	49.63	-26.68	-16.45
544	85	20	40	0	0.1408	0.2064	0.24554	52.55	-32.19	-15.33
545	85	10	40	0	0.15206	0.23263	0.26681	55.34	-37.37	-14.27
546	85	0	40	0	0.16497	0.2625	0.28955	58.27	-42.57	-13.01
547	85	100	30	0	0.07572	0.05427	0.1167	27.92	24.82	-28.48
548	85	85	30	0	0.08557	0.07431	0.14509	32.77	12.82	-27.96
549	85	70	30	0	0.09707	0.09866	0.17516	37.6	1.57	-26.89
550	85	55	30	0	0.11087	0.12768	0.20826	42.41	-8.64	-25.68
551	85	40	30	0	0.12649	0.16094	0.24503	47.1	-17.91	-24.64
552	85	30	30	0	0.138	0.18557	0.27092	50.17	-23.65	-23.89
553	85	20	30	0	0.14997	0.21164	0.29697	53.13	-29.07	-23.07
554	85	10	30	0	0.16234	0.23887	0.32356	55.97	-34.14	-22.29
555	85	0	30	0	0.1765	0.26984	0.35224	58.96	-39.21	-21.35
556	70	100	20	20	0.0757	0.04843	0.09242	26.28	31.85	-23.51
557	70	70	20	20	0.09902	0.08868	0.14356	35.73	11.17	-22.46
558	70	40	20	20	0.12846	0.14249	0.20127	44.59	-5.79	-20.5
559	70	20	20	20	0.1502	0.18429	0.24411	50.01	-15.5	-19.45
560	70	10	20	20	0.16108	0.2061	0.26503	52.52	-19.97	-18.83
561	70	0	20	20	0.17261	0.22926	0.28687	55	-24.22	-18.22
562	100	100	55	0	0.04636	0.04346	0.0817	24.78	6.02	-22.2
563	100	85	55	0	0.05079	0.05789	0.09671	28.87	-5.99	-20.51
564	100	70	55	0	0.05698	0.07609	0.11376	33.16	-17.12	-18.56
565	100	55	55	0	0.06434	0.09727	0.1319	37.35	-27.14	-16.56
566	100	40	55	0	0.07272	0.12151	0.15127	41.46	-36.4	-14.55
567	100	30	55	0	0.07898	0.13948	0.16499	44.16	-42.16	-13.23
568	100	20	55	0	0.08551	0.15866	0.17882	46.8	-47.71	-11.86
569	100	10	55	0	0.09237	0.17897	0.19292	49.37	-52.99	-10.5
570	100	0	55	0	0.09941	0.20014	0.20781	51.85	-58.02	-9.31
571	100	100	40	0	0.05034	0.04445	0.10457	25.09	9.76	-29.61
572	100	85	40	0	0.05621	0.06018	0.12535	29.46	-2.07	-28.34
573	100	70	40	0	0.06292	0.07867	0.14854	33.7	-12.94	-27.23
574	100	55	40	0	0.07145	0.10087	0.17417	38	-22.74	-25.98
575	100	40	40	0	0.08095	0.12583	0.20141	42.13	-31.62	-24.77
576	100	30	40	0	0.08816	0.1447	0.22091	44.9	-37.25	-23.9
577	100	20	40	0	0.0959	0.16504	0.24112	47.63	-42.6	-23.01
578	100	10	40	0	0.10392	0.1865	0.26153	50.28	-47.72	-22.09
579	100	0	40	0	0.11236	0.20921	0.28269	52.86	-52.6	-21.21
580	100	100	30	0	0.05316	0.04494	0.1222	25.24	12.53	-34.7
581	100	85	30	0	0.06007	0.0615	0.1477	29.79	0.86	-33.77
582	100	70	30	0	0.06788	0.08097	0.17622	34.18	-9.86	-33.02
583	100	55	30	0	0.07716	0.10363	0.20724	38.49	-19.39	-32.24
584	100	40	30	0	0.08766	0.12942	0.24107	42.68	-28.09	-31.54
585	100	30	30	0	0.09536	0.14835	0.26493	45.41	-33.46	-31.07
586	100	20	30	0	0.10389	0.16936	0.28992	48.18	-38.71	-30.47
587	100	10	30	0	0.11296	0.19176	0.31585	50.89	-43.67	-29.88
588	100	0	30	0	0.12245	0.2154	0.3425	53.54	-48.4	-29.3
589	100	100	20	20	0.04202	0.0353	0.10124	22.05	11.94	-33.77
590	100	70	20	20	0.05397	0.06141	0.14483	29.77	-6.01	-33.07
591	100	40	20	20	0.06856	0.09514	0.19484	36.96	-21.12	-32.31
592	100	20	20	20	0.07978	0.12162	0.23188	41.47	-29.86	-31.91
593	100	10	20	20	0.08604	0.13636	0.25157	43.71	-33.92	-31.66
594	100	0	20	20	0.09255	0.15171	0.27191	45.87	-37.74	-31.47
595	0	100	100	0	0.30127	0.15953	0.02627	46.91	68.11	45.09
596	0	85	100	0	0.33273	0.20222	0.02936	52.09	57.23	51.61
597	0	70	100	0	0.37176	0.25712	0.0333	57.76	45.97	58.57
598	0	55	100	0	0.41949	0.32834	0.0387	64.03	33.93	65.85
599	0	40	100	0	0.47562	0.41338	0.04549	70.41	22.6	72.87
600	0	30	100	0	0.51805	0.47858	0.05067	74.74	15.38	77.54
601	0	20	100	0	0.56437	0.54978	0.05576	79.03	8.64	82.38
602	0	10	100	0	0.61493	0.628	0.06102	83.34	2.2	87.33
603	0	0	100	0	0.67003	0.71402	0.06675	87.68	-4.03	92.26
604	0	100	85	0	0.30499	0.16081	0.03683	47.08	68.78	37.82
605	0	85	85	0	0.33648	0.20583	0.04494	52.49	56.8	42.28
606	0	70	85	0	0.37652	0.26193	0.05271	58.22	45.55	48.02
607	0	55	85	0	0.42513	0.33404	0.06264	64.49	33.63	54.09
608	0	40	85	0	0.48235	0.42122	0.07405	70.95	22.11	60.38
609	0	30	85	0	0.52578	0.48831	0.08302	75.35	14.75	64.47
610	0	20	85	0	0.57402	0.56245	0.09206	79.75	7.89	68.81
611	0	10	85	0	0.62662	0.64374	0.10132	84.16	1.37	73.29
612	0	0	85	0	0.68312	0.7324	0.11143	88.56	-4.96	77.67
613	0	100	70	0	0.30934	0.16207	0.05058	47.24	69.68	30.18
614	0	85	70	0	0.34231	0.20848	0.06385	52.78	57.56	33.37
615	0	70	70	0	0.38306	0.26719	0.07875	58.71	45.52	37.42
616	0	55	70	0	0.43297	0.34053	0.09513	65	33.72	42.33
617	0	40	70	0	0.49168	0.42951	0.11366	71.52	22.21	47.61
618	0	30	70	0	0.53628	0.4984	0.12751	75.97	14.76	51.25
619	0	20	70	0	0.58563	0.57452	0.14143	80.43	7.77	55.17
620	0	10	70	0	0.63978	0.65809	0.15637	84.9	1.19	59.09
621	0	0	70	0	0.69908	0.75054	0.1725	89.42	-5.21	63.06
622	0	100	40	20	0.20601	0.10885	0.06422	39.39	60.18	10.11
623	0	70	40	20	0.25852	0.18213	0.10588	49.75	38.99	12.49
624	0	40	40	20	0.33354	0.2926	0.15525	61.01	19.05	18.17
625	0	20	40	20	0.39492	0.38712	0.1947	68.54	6.91	22.18
626	0	10	40	20	0.42882	0.43986	0.21478	72.22	1.4	24.41
627	0	0	40	20	0.46548	0.49745	0.23595	75.91	-3.94	26.71
628	10	100	100	0	0.25915	0.14079	0.02758	44.35	62.56	39.62
629	10	85	100	0	0.28621	0.17908	0.03058	49.38	51.7	46.05
630	10	70	100	0	0.32109	0.22991	0.03472	55.06	40.26	52.96
631	10	55	100	0	0.36208	0.2934	0.04002	61.08	28.49	59.96
632	10	40	100	0	0.41024	0.36922	0.04669	67.22	17.36	66.7
633	10	30	100	0	0.44711	0.42756	0.05141	71.39	10.33	71.39
634	10	20	100	0	0.4871	0.49112	0.05618	75.52	3.73	76.13
635	10	10	100	0	0.53044	0.5607	0.06121	79.65	-2.61	80.89
636	10	0	100	0	0.57628	0.63566	0.06604	83.74	-8.74	85.78
637	10	100	85	0	0.26247	0.14195	0.03819	44.51	63.22	32.52
638	10	85	85	0	0.28959	0.18238	0.04619	49.78	51.29	36.91
639	10	70	85	0	0.32545	0.23433	0.05416	55.52	39.87	42.63
640	10	55	85	0	0.36733	0.29868	0.06387	61.54	28.24	48.46
641	10	40	85	0	0.41658	0.37651	0.075	67.76	16.94	54.5
642	10	30	85	0	0.45439	0.43659	0.08324	72	9.78	58.62
643	10	20	85	0	0.49623	0.50291	0.09173	76.25	3.07	62.88
644	10	10	85	0	0.54149	0.57533	0.10058	80.48	-3.34	67.18
645	10	0	85	0	0.58866	0.65271	0.10932	84.62	-9.56	71.53
646	10	100	70	0	0.26732	0.14297	0.05165	44.66	64.58	25.17
647	10	85	70	0	0.29587	0.18465	0.06462	50.05	52.53	28.32
648	10	70	70	0	0.3318	0.23848	0.07925	55.93	40.31	32.44
649	10	55	70	0	0.37523	0.30474	0.09519	62.06	28.57	37.23
650	10	40	70	0	0.42614	0.38482	0.11313	68.37	17.17	42.35
651	10	30	70	0	0.46524	0.44685	0.12625	72.68	9.91	45.94
652	10	20	70	0	0.50826	0.51521	0.1395	76.99	3.07	49.75
653	10	10	70	0	0.55496	0.58969	0.15379	81.27	-3.38	53.48
654	10	0	70	0	0.60338	0.66839	0.16877	85.42	-9.5	57.03
655	10	100	40	20	0.18102	0.0976	0.06526	37.41	56.09	6.24
656	10	70	40	20	0.22792	0.16507	0.10568	47.63	34.87	8.9
657	10	40	40	20	0.29425	0.26602	0.15373	58.6	15.06	14.4
658	10	20	40	20	0.34801	0.35111	0.19119	65.83	3.26	18.26
659	10	10	40	20	0.37766	0.39853	0.21041	69.36	-2.12	20.36
660	10	0	40	20	0.40907	0.44909	0.23051	72.83	-7.2	22.42
661	20	100	100	0	0.22104	0.12376	0.02889	41.81	56.84	34.24
662	20	85	100	0	0.24526	0.15924	0.03208	46.88	45.79	40.66
663	20	70	100	0	0.27504	0.20476	0.03613	52.37	34.44	47.39
664	20	55	100	0	0.30993	0.26095	0.04133	58.13	22.99	54.08
665	20	40	100	0	0.3511	0.32836	0.04752	64.03	12.1	60.75
666	20	30	100	0	0.38278	0.38036	0.05194	68.05	5.2	65.35
667	20	20	100	0	0.4166	0.43659	0.05647	72	-1.32	69.92
668	20	10	100	0	0.45234	0.49693	0.06069	75.88	-7.53	74.62
669	20	0	100	0	0.49109	0.56303	0.06531	79.79	-13.57	79.28
670	20	100	85	0	0.2249	0.12471	0.03924	41.95	57.97	27.46
671	20	85	85	0	0.24862	0.16173	0.04716	47.2	45.82	31.93
672	20	70	85	0	0.27936	0.20826	0.05489	52.76	34.48	37.51
673	20	55	85	0	0.31548	0.26624	0.0644	58.62	22.88	43.2
674	20	40	85	0	0.35797	0.33589	0.075	64.63	11.79	49.1
675	20	30	85	0	0.39053	0.38957	0.08287	68.72	4.77	53.11
676	20	20	85	0	0.42606	0.44823	0.09099	72.77	-1.82	57.15
677	20	10	85	0	0.46252	0.50956	0.09916	76.65	-7.96	61.05
678	20	0	85	0	0.50258	0.57782	0.1075	80.62	-14.07	65.19
679	20	100	70	0	0.22937	0.12562	0.05265	42.1	59.39	20.25
680	20	85	70	0	0.25446	0.16382	0.06545	47.47	47.13	23.5
681	20	70	70	0	0.28534	0.2121	0.07969	53.18	35.02	27.52
682	20	55	70	0	0.32296	0.27188	0.09522	59.15	23.33	32.2
683	20	40	70	0	0.36705	0.34362	0.11231	65.25	12.16	37.21
684	20	30	70	0	0.40084	0.39912	0.12482	69.41	5.03	40.69
685	20	20	70	0	0.43752	0.45967	0.13747	73.52	-1.66	44.31
686	20	10	70	0	0.47534	0.52289	0.15073	77.45	-7.83	47.65
687	20	0	70	0	0.5166	0.59236	0.16502	81.42	-13.82	51.01
688	20	100	40	20	0.1584	0.08724	0.06622	35.45	52.09	2.44
689	20	70	40	20	0.19989	0.14905	0.10524	45.5	30.82	5.37
690	20	40	40	20	0.25836	0.24096	0.15182	56.18	11.21	10.7
691	20	20	40	20	0.30513	0.3173	0.18765	63.12	-0.3	14.34
692	20	10	40	20	0.33033	0.35875	0.20595	66.42	-5.42	16.19
693	20	0	40	20	0.35753	0.40381	0.22516	69.74	-10.36	18.11
694	30	100	100	0	0.18804	0.10883	0.03026	39.38	51.23	29.04
695	30	85	100	0	0.20905	0.14105	0.0335	44.38	40.11	35.37
696	30	70	100	0	0.2337	0.18123	0.03737	49.65	28.79	41.9
697	30	55	100	0	0.26308	0.23111	0.04242	55.19	17.46	48.37
698	30	40	100	0	0.29804	0.29093	0.04815	60.86	6.76	54.95
699	30	30	100	0	0.32468	0.33683	0.05242	64.71	-0.04	59.35
700	30	20	100	0	0.35249	0.38572	0.05642	68.44	-6.45	63.8
701	30	10	100	0	0.38248	0.43876	0.06046	72.15	-12.56	68.29
702	30	0	100	0	0.41462	0.49598	0.0651	75.82	-18.39	72.54
703	30	100	85	0	0.19194	0.10962	0.04048	39.52	52.65	22.5
704	30	85	85	0	0.21232	0.14305	0.04829	44.67	40.43	26.95
705	30	70	85	0	0.23804	0.18464	0.05574	50.05	28.95	32.44
706	30	55	85	0	0.26864	0.23621	0.06493	55.71	17.48	37.93
707	30	40	85	0	0.3049	0.29821	0.07501	61.5	6.59	43.7
708	30	30	85	0	0.33246	0.34574	0.08257	65.42	-0.32	47.52
709	30	20	85	0	0.36134	0.39604	0.09017	69.19	-6.7	51.26
710	30	10	85	0	0.39203	0.44995	0.09799	72.89	-12.73	54.95
711	30	0	85	0	0.42536	0.50908	0.10625	76.62	-18.61	58.7
712	30	100	70	0	0.19558	0.11011	0.05364	39.6	54.13	15.45
713	30	85	70	0	0.21704	0.14447	0.06606	44.87	41.8	18.75
714	30	70	70	0	0.24362	0.18805	0.07997	50.46	29.63	22.72
715	30	55	70	0	0.27565	0.24134	0.09496	56.22	18.08	27.24
716	30	40	70	0	0.3135	0.30555	0.11129	62.13	7.05	32.14
717	30	30	70	0	0.34222	0.35472	0.12333	66.11	0.07	35.44
718	30	20	70	0	0.3725	0.40684	0.13572	69.95	-6.33	38.62
719	30	10	70	0	0.4045	0.4625	0.14841	73.71	-12.37	41.78
720	30	0	70	0	0.43909	0.52307	0.1621	77.46	-18.19	44.88
721	40	100	40	20	0.11972	0.06966	0.06855	31.73	43.71	-4.97
722	40	70	40	20	0.15111	0.12104	0.10455	41.38	22.24	-1.51
723	40	40	40	20	0.19482	0.19504	0.14766	51.27	3.43	3.29
724	40	20	40	20	0.22918	0.25495	0.18038	57.55	-7.33	6.34
725	40	10	40	20	0.24773	0.28769	0.19722	60.58	-12.21	7.91
726	40	0	40	20	0.26769	0.32315	0.21494	63.6	-16.93	9.52
727	40	100	100	0	0.15952	0.09585	0.03174	37.09	45.66	24.01
728	40	85	100	0	0.17664	0.12439	0.03479	41.9	34.38	30.23
729	40	70	100	0	0.19677	0.15987	0.03845	46.96	23	36.58
730	40	55	100	0	0.22131	0.204	0.04325	52.29	11.8	42.89
731	40	40	100	0	0.25045	0.25675	0.04879	57.73	1.23	49.2
732	40	30	100	0	0.27229	0.2967	0.05283	61.37	-5.45	53.38
733	40	20	100	0	0.2954	0.33951	0.05668	64.92	-11.74	57.62
734	40	10	100	0	0.31995	0.38524	0.0608	68.4	-17.66	61.68
735	40	0	100	0	0.34629	0.43443	0.06546	71.85	-23.28	65.54
736	40	100	85	0	0.16257	0.09625	0.04177	37.16	47.09	17.67
737	40	85	85	0	0.17963	0.12611	0.0494	42.17	34.83	22.06
738	40	70	85	0	0.20079	0.16291	0.05652	47.35	23.29	27.4
739	40	55	85	0	0.22652	0.20874	0.06529	52.81	11.92	32.78
740	40	40	85	0	0.25688	0.26345	0.07504	58.36	1.2	38.28
741	40	30	85	0	0.2797	0.30492	0.08231	62.08	-5.55	41.86
742	40	20	85	0	0.30375	0.34898	0.08961	65.67	-11.81	45.39
743	40	10	85	0	0.32905	0.39569	0.09719	69.16	-17.67	48.8
744	40	0	85	0	0.35651	0.44665	0.10538	72.67	-23.33	52.17
745	40	100	70	0	0.16545	0.09638	0.05463	37.19	48.6	10.79
746	40	85	70	0	0.1836	0.12711	0.06675	42.32	36.25	14.06
747	40	70	70	0	0.20601	0.16597	0.08024	47.75	24.13	17.94
748	40	55	70	0	0.23317	0.21357	0.09459	53.34	12.64	22.4
749	40	40	70	0	0.26503	0.27034	0.11033	59.01	1.8	27.05
750	40	30	70	0	0.28911	0.31332	0.12209	62.79	-4.94	30.06
751	40	20	70	0	0.31447	0.35906	0.13395	66.45	-11.21	33.05
752	40	10	70	0	0.34101	0.40742	0.14614	69.99	-17.08	35.95
753	40	0	70	0	0.36967	0.45988	0.15924	73.54	-22.71	38.8
754	70	100	40	20	0.07227	0.04829	0.07028	26.24	28.74	-15.16
755	70	70	40	20	0.09163	0.08575	0.10353	35.15	7.68	-11.93
756	70	40	40	20	0.11794	0.13736	0.14377	43.85	-9.78	-8.51
757	70	20	40	20	0.13531	0.17486	0.17055	48.87	-19.77	-6.41
758	70	10	40	20	0.1449	0.19561	0.18443	51.34	-24.42	-5.27
759	70	0	40	20	0.15516	0.2178	0.19899	53.79	-28.87	-4.15
760	55	100	100	0	0.12156	0.07862	0.03379	33.69	36.52	16.74
761	55	85	100	0	0.13354	0.10212	0.03648	38.22	24.98	22.76
762	55	70	100	0	0.14852	0.13177	0.04001	43.03	13.59	28.85
763	55	55	100	0	0.16662	0.16807	0.04456	48.02	2.57	34.78
764	55	40	100	0	0.18783	0.21093	0.04988	53.05	-7.79	40.56
765	55	30	100	0	0.2039	0.24338	0.05375	56.42	-14.29	44.4
766	55	20	100	0	0.22064	0.27738	0.05768	59.65	-20.26	48.05
767	55	10	100	0	0.23838	0.31369	0.06176	62.82	-25.92	51.61
768	55	0	100	0	0.2576	0.35284	0.06601	65.97	-31.29	55.15
769	55	100	85	0	0.12341	0.0784	0.0433	33.65	37.98	10.73
770	55	85	85	0	0.1362	0.10349	0.05062	38.46	25.65	15.02
771	55	70	85	0	0.15218	0.13442	0.05749	43.42	14.08	20.16
772	55	55	85	0	0.1714	0.17236	0.06583	48.56	2.87	25.21
773	55	40	85	0	0.1939	0.21692	0.07541	53.7	-7.49	30.08
774	55	30	85	0	0.21086	0.25071	0.08233	57.14	-14.04	33.35
775	55	20	85	0	0.2285	0.28603	0.0893	60.43	-20.02	36.47
776	55	10	85	0	0.24699	0.32339	0.09644	63.62	-25.66	39.5
777	55	0	85	0	0.2672	0.36409	0.10389	66.83	-31.05	42.57
778	55	100	70	0	0.12604	0.0787	0.05619	33.71	39.48	4.04
779	55	85	70	0	0.13972	0.10457	0.06779	38.65	27.06	7.28
780	55	70	70	0	0.15665	0.13701	0.08043	43.8	15.06	11.06
781	55	55	70	0	0.17716	0.17649	0.09402	49.07	3.79	15.23
782	55	40	70	0	0.20129	0.22302	0.10956	54.35	-6.61	19.26
783	55	30	70	0	0.21932	0.25813	0.12067	57.86	-13.14	21.97
784	55	20	70	0	0.2379	0.29487	0.13185	61.21	-19.2	24.59
785	55	10	70	0	0.25747	0.33366	0.14329	64.46	-24.82	27.14
786	55	0	70	0	0.2781	0.37531	0.1555	67.67	-30.31	29.6
787	100	100	40	20	0.03805	0.03466	0.07735	21.82	7.2	-25.64
788	100	70	40	20	0.04781	0.05919	0.10636	29.21	-11.17	-23.08
789	100	40	40	20	0.05967	0.0908	0.14107	36.14	-26.96	-21.11
790	100	20	40	20	0.0693	0.11654	0.16745	40.66	-36.34	-19.84
791	100	10	40	20	0.07433	0.13024	0.1803	42.8	-40.65	-19.08
792	100	0	40	20	0.07949	0.14445	0.19333	44.86	-44.74	-18.36
793	70	100	100	0	0.08893	0.06371	0.03529	30.33	26.21	9.94
794	70	85	100	0	0.0975	0.08341	0.03805	34.68	14.48	15.67
795	70	70	100	0	0.10816	0.10794	0.04153	39.23	3.07	21.39
796	70	55	100	0	0.12079	0.13752	0.0464	43.88	-7.9	26.61
797	70	40	100	0	0.13571	0.1719	0.05156	48.5	-17.93	31.84
798	70	30	100	0	0.14717	0.19786	0.0554	51.59	-24.14	35.26
799	70	20	100	0	0.15888	0.22485	0.05914	54.54	-29.93	38.54
800	70	10	100	0	0.17134	0.25326	0.06262	57.39	-35.24	41.86
801	70	0	100	0	0.18473	0.28388	0.06646	60.24	-40.37	45.07
802	70	100	85	0	0.09067	0.06381	0.04486	30.35	27.57	4.15
803	70	85	85	0	0.09964	0.08449	0.0517	34.9	15.24	8.33
804	70	70	85	0	0.11116	0.11011	0.0584	39.6	3.69	13.13
805	70	55	85	0	0.12493	0.14114	0.0671	44.4	-7.32	17.49
806	70	40	85	0	0.14091	0.17706	0.07629	49.14	-17.4	21.87
807	70	30	85	0	0.15303	0.2041	0.083	52.3	-23.68	24.74
808	70	20	85	0	0.16545	0.23218	0.0896	55.3	-29.47	27.51
809	70	10	85	0	0.17759	0.26097	0.09617	58.13	-35.04	30.12
810	70	0	85	0	0.19181	0.29284	0.10294	61.03	-40.16	32.88
811	70	100	70	0	0.09313	0.06424	0.05776	30.46	29.16	-2.32
812	70	85	70	0	0.1029	0.08563	0.06863	35.13	16.79	0.85
813	70	70	70	0	0.11507	0.11229	0.08053	39.96	4.95	4.41
814	70	55	70	0	0.13012	0.14475	0.09445	44.91	-6.06	7.9
815	70	40	70	0	0.14749	0.18236	0.10926	49.78	-16.14	11.48
816	70	30	70	0	0.16045	0.21055	0.1199	53.01	-22.44	13.84
817	70	20	70	0	0.17367	0.23985	0.13041	56.07	-28.29	16.13
818	70	10	70	0	0.18665	0.26982	0.14098	58.96	-33.86	18.26
819	70	0	70	0	0.20067	0.30212	0.15232	61.84	-39.2	20.33
820	0	100	70	20	0.19833	0.10717	0.03746	39.1	57.65	23.65
821	0	70	70	20	0.24855	0.17797	0.05643	49.25	36.96	30.71
822	0	40	70	20	0.31603	0.28117	0.08018	59.99	17.17	39.08
823	0	20	70	20	0.37225	0.36995	0.09791	67.27	5.14	45.3
824	0	10	70	20	0.40279	0.4187	0.10719	70.78	-0.28	48.33
825	0	0	70	20	0.43601	0.47213	0.11716	74.33	-5.56	51.4
826	85	100	100	0	0.06221	0.05217	0.03681	27.34	13.71	3.8
827	85	85	100	0	0.06785	0.06842	0.03951	31.45	1.92	9.18
828	85	70	100	0	0.07353	0.08709	0.04413	35.42	-9.59	13.3
829	85	55	100	0	0.08218	0.11119	0.04874	39.78	-20.39	18.29
830	85	40	100	0	0.09233	0.13875	0.05373	44.05	-30.1	23.08
831	85	30	100	0	0.0994	0.15857	0.05779	46.79	-36.19	25.82
832	85	20	100	0	0.10685	0.17916	0.06136	49.39	-41.71	28.65
833	85	10	100	0	0.11477	0.20079	0.06467	51.93	-46.83	31.53
834	85	0	100	0	0.12188	0.22308	0.06813	54.35	-52.31	34.21
835	85	100	85	0	0.06383	0.05237	0.04625	27.4	15.19	-1.71
836	85	85	85	0	0.06973	0.06927	0.05261	31.64	2.97	2.24
837	85	70	85	0	0.07618	0.08889	0.06066	35.77	-8.59	5.48
838	85	55	85	0	0.0858	0.11426	0.06892	40.29	-19.4	9.63
839	85	40	85	0	0.09669	0.14308	0.07769	44.67	-29.22	13.62
840	85	30	85	0	0.10437	0.16386	0.08455	47.48	-35.32	15.85
841	85	20	85	0	0.11185	0.18497	0.09103	50.09	-41.03	18.03
842	85	10	85	0	0.11964	0.20697	0.09729	52.62	-46.38	20.24
843	85	0	85	0	0.12726	0.23018	0.10341	55.09	-51.85	22.49
844	85	100	70	0	0.06474	0.05167	0.05991	27.21	16.99	-8.94
845	85	85	70	0	0.07134	0.06911	0.07028	31.6	4.72	-5.92
846	85	70	70	0	0.08034	0.09155	0.08261	36.28	-6.96	-2.73
847	85	55	70	0	0.09045	0.11735	0.09576	40.79	-17.61	0.36
848	85	40	70	0	0.10202	0.14679	0.10952	45.19	-27.27	3.48
849	85	30	70	0	0.11079	0.16903	0.11941	48.14	-33.38	5.58
850	85	20	70	0	0.11949	0.19185	0.12912	50.9	-39.1	7.58
851	85	10	70	0	0.128	0.21489	0.139	53.48	-44.42	9.34
852	85	0	70	0	0.13784	0.24126	0.14976	56.21	-49.83	11.27
853	10	100	70	20	0.1738	0.09606	0.03829	37.13	53.45	19.73
854	10	70	70	20	0.21868	0.16151	0.05692	47.17	32.63	26.9
855	10	40	70	20	0.27739	0.25505	0.0798	57.56	12.98	35.03
856	10	20	70	20	0.32637	0.33476	0.09664	64.54	1.28	41.02
857	10	10	70	20	0.35284	0.37844	0.10553	67.91	-4.03	43.9
858	10	0	70	20	0.38151	0.4257	0.11483	71.26	-9.06	46.81
859	100	100	100	0	0.04092	0.04333	0.0387	24.74	-1.22	-1.87
860	100	85	100	0	0.04277	0.05508	0.04308	28.13	-13.24	1.34
861	100	70	100	0	0.0462	0.07012	0.04751	31.83	-24.58	5.25
862	100	55	100	0	0.05186	0.08983	0.05181	35.95	-35.19	10.08
863	100	40	100	0	0.05739	0.11053	0.05735	39.67	-44.73	13.75
864	100	30	100	0	0.06132	0.1253	0.06156	42.05	-50.62	15.89
865	100	20	100	0	0.06488	0.14012	0.06488	44.25	-56.33	18.2
866	100	10	100	0	0.06836	0.15534	0.06788	46.36	-61.84	20.53
867	100	0	100	0	0.07208	0.17132	0.07117	48.43	-67.07	22.72
868	100	100	85	0	0.04093	0.04214	0.04907	24.37	0.42	-8.47
869	100	85	85	0	0.04507	0.05657	0.05623	28.53	-11.82	-4.92
870	100	70	85	0	0.04875	0.0719	0.06397	32.24	-23.03	-2.11
871	100	55	85	0	0.05454	0.0916	0.0717	36.29	-33.46	1.57
872	100	40	85	0	0.06122	0.11406	0.07985	40.26	-43.02	5.17
873	100	30	85	0	0.06577	0.12988	0.08643	42.75	-48.92	7.01
874	100	20	85	0	0.07043	0.14654	0.09266	45.16	-54.6	8.96
875	100	10	85	0	0.07525	0.16407	0.09866	47.5	-60.06	10.96
876	100	0	85	0	0.07952	0.18113	0.10442	49.63	-65.26	12.75
877	100	100	70	0	0.04236	0.04188	0.06293	24.28	2.79	-15.36
878	100	85	70	0	0.04681	0.05644	0.07373	28.5	-9.39	-12.69
879	100	70	70	0	0.05246	0.07422	0.08549	32.75	-20.66	-9.88
880	100	55	70	0	0.05865	0.09421	0.09783	36.78	-30.87	-7.24
881	100	40	70	0	0.06593	0.11727	0.1108	40.78	-40.27	-4.52
882	100	30	70	0	0.0714	0.13439	0.12006	43.42	-46.15	-2.75
883	100	20	70	0	0.07705	0.15254	0.1293	45.98	-51.8	-0.96
884	100	10	70	0	0.08259	0.17112	0.13874	48.4	-57.18	0.65
885	100	0	70	0	0.08854	0.19088	0.14884	50.79	-62.31	2.15
886	20	100	70	20	0.15136	0.08578	0.03906	35.16	49.21	15.86
887	20	70	70	20	0.19117	0.14603	0.05732	45.09	28.25	23.11
888	20	40	70	20	0.24186	0.23021	0.07919	55.09	8.89	31.01
889	20	20	70	20	0.28415	0.30155	0.09528	61.79	-2.56	36.73
890	20	10	70	20	0.30682	0.34003	0.10358	64.97	-7.63	39.46
891	20	0	70	20	0.33137	0.38198	0.11248	68.17	-12.56	42.19
892	0	100	100	40	0.11809	0.06777	0.01675	31.29	44.45	26.99
893	0	70	100	40	0.14365	0.10668	0.01918	39.02	27.93	37.77
894	0	40	100	40	0.17987	0.16415	0.0237	47.51	11.93	48.26
895	0	20	100	40	0.209	0.2114	0.02763	53.1	2.49	54.68
896	0	0	100	40	0.2409	0.26346	0.0323	58.36	-5.62	60.31
897	0	100	70	40	0.12006	0.06742	0.0266	31.21	46.17	17.75
898	0	70	70	40	0.14984	0.11033	0.03833	39.64	29.01	24.03
899	0	40	70	40	0.18873	0.17107	0.05298	48.39	12.75	30.94
900	0	20	70	40	0.21931	0.22056	0.06341	54.09	3.11	35.81
901	0	0	70	40	0.25163	0.27416	0.07412	59.36	-5.3	40.36
902	0	100	40	40	0.12574	0.06863	0.04354	31.49	48.85	6.87
903	0	70	40	40	0.15571	0.11248	0.06856	40	30.92	9.27
904	0	40	40	40	0.19916	0.17721	0.09778	49.16	14.72	14.1
905	0	20	40	40	0.23327	0.23047	0.12095	55.12	5	17.17
906	0	0	40	40	0.27065	0.28987	0.14474	60.77	-3.53	20.41
907	0	100	20	40	0.12975	0.06935	0.05783	31.66	50.8	-0.29
908	0	70	20	40	0.16285	0.11574	0.09492	40.53	32.71	0.2
909	0	40	20	40	0.20679	0.18127	0.13732	49.65	16.31	3.18
910	0	20	20	40	0.24265	0.23582	0.16913	55.67	6.76	5.65
911	0	0	20	40	0.28347	0.29835	0.20511	61.51	-1.64	7.89
912	0	100	0	40	0.13396	0.07013	0.07335	31.84	52.77	-6.78
913	0	70	0	40	0.16806	0.11713	0.12189	40.76	34.66	-7.87
914	0	40	0	40	0.21704	0.18698	0.18193	50.33	18.24	-6.46
915	0	20	0	40	0.25489	0.24327	0.22522	56.41	8.77	-4.88
916	0	0	0	40	0.296	0.30523	0.27009	62.1	0.64	-3.17
917	100	0	0	70	0.02848	0.04113	0.07989	24.04	-18.05	-22.8
918	100	85	85	100	0.01244	0.01368	0.00985	11.75	-2.33	2.13
919	40	100	70	20	0.11258	0.06799	0.04066	31.34	40.3	8.31
920	40	70	70	20	0.14261	0.11815	0.05815	40.92	19.08	15.53
921	40	40	70	20	0.17916	0.18476	0.07825	50.07	0.54	22.71
922	40	20	70	20	0.2095	0.24029	0.09306	56.12	-10.26	27.71
923	40	10	70	20	0.22576	0.27039	0.1008	59.01	-15.15	30.09
924	40	0	70	20	0.24334	0.30308	0.10914	61.92	-19.89	32.44
925	20	100	100	40	0.09296	0.05623	0.01792	28.44	37.72	20.82
926	20	70	100	40	0.11284	0.08937	0.01994	35.86	21.02	31.59
927	20	40	100	40	0.14134	0.13794	0.02432	43.94	5.29	41.56
928	20	20	100	40	0.16318	0.17594	0.02802	49	-3.61	47.3
929	20	0	100	40	0.18679	0.21703	0.03168	53.71	-11.16	52.72
930	20	100	70	40	0.09514	0.05627	0.02801	28.45	39.44	11.88
931	20	70	70	40	0.11995	0.09435	0.0392	36.81	21.98	18.61
932	20	40	70	40	0.14894	0.14404	0.05228	44.81	6.17	25.11
933	20	20	70	40	0.17221	0.18432	0.06183	50.02	-2.97	29.51
934	20	0	70	40	0.19817	0.22899	0.07207	54.97	-10.83	33.62
935	20	100	40	40	0.09949	0.05677	0.04511	28.58	42.35	0.96
936	20	70	40	40	0.12463	0.09523	0.06884	36.97	24.48	3.94
937	20	40	40	40	0.15889	0.15008	0.09645	45.65	8.41	8.5
938	20	20	40	40	0.18475	0.19312	0.11727	51.05	-0.76	11.24
939	20	0	40	40	0.21305	0.24068	0.13845	56.16	-8.74	14.1
940	20	100	20	40	0.10286	0.0572	0.05968	28.69	44.48	-6.27
941	20	70	20	40	0.13027	0.09742	0.09433	37.38	26.5	-5.04
942	20	40	20	40	0.16664	0.15409	0.13478	46.19	10.45	-2.1
943	20	20	20	40	0.19441	0.19882	0.16377	51.7	1.37	0.07
944	20	0	20	40	0.22447	0.24798	0.19519	56.88	-6.54	1.96
945	20	100	0	40	0.10699	0.05776	0.07351	28.84	47	-12.01
946	20	70	0	40	0.13681	0.10012	0.12167	37.86	28.62	-12.79
947	20	40	0	40	0.17536	0.15855	0.1775	46.78	12.67	-11.58
948	20	20	0	40	0.20444	0.20411	0.21644	52.3	3.76	-10.27
949	20	0	0	40	0.23803	0.25616	0.26025	57.67	-3.89	-9.12
950	0	100	0	70	0.05164	0.02876	0.02925	19.54	35.28	-4.42
951	100	85	85	80	0.01551	0.01786	0.01446	14.32	-4.5	0.34
952	70	100	70	20	0.06867	0.04871	0.04445	26.37	24.64	-2.49
953	70	70	70	20	0.08412	0.0832	0.05897	34.64	3.48	4.32
954	70	40	70	20	0.10529	0.12941	0.07767	42.67	-13.91	10.19
955	70	20	70	20	0.12208	0.16674	0.09139	47.85	-24.13	14.03
956	70	10	70	20	0.13106	0.18685	0.09834	50.32	-28.77	15.92
957	70	0	70	20	0.14067	0.20835	0.10577	52.77	-33.2	17.73
958	40	100	100	40	0.0712	0.0464	0.01906	25.68	30.09	14.91
959	40	70	100	40	0.0868	0.07475	0.02095	32.87	13.46	25.47
960	40	40	100	40	0.10729	0.11321	0.02537	40.12	-1.39	34.1
961	40	20	100	40	0.12315	0.14325	0.02842	44.7	-9.82	39.57
962	40	0	100	40	0.14017	0.17581	0.03198	48.98	-17.2	44.36
963	40	100	70	40	0.07319	0.0462	0.02912	25.62	32.29	6.17
964	40	70	70	40	0.09263	0.07878	0.03994	33.73	14.65	12.85
965	40	40	70	40	0.11361	0.11836	0.05196	40.95	-0.37	18.63
966	40	20	70	40	0.13103	0.15051	0.06085	45.7	-8.91	22.52
967	40	0	70	40	0.14952	0.18564	0.0703	50.17	-16.6	26.09
968	40	100	40	40	0.07719	0.04662	0.04648	25.75	35.54	-4.68
969	40	70	40	40	0.09803	0.08021	0.06927	34.03	17.73	-1.32
970	40	40	40	40	0.123	0.12418	0.09431	41.87	2.25	2.72
971	40	20	40	40	0.14197	0.15811	0.11295	46.73	-6.35	5.08
972	40	0	40	40	0.16327	0.19648	0.1327	51.44	-14.06	7.51
973	40	100	20	40	0.08039	0.04689	0.06037	25.83	38.13	-11.53
974	40	70	20	40	0.10262	0.08154	0.09433	34.3	20.13	-10.34
975	40	40	20	40	0.12957	0.12722	0.13079	42.34	4.63	-7.65
976	40	20	20	40	0.15173	0.16423	0.15953	47.53	-3.87	-6.12
977	40	0	20	40	0.17167	0.2007	0.18581	51.92	-11.46	-4.58
978	40	100	0	40	0.08311	0.0469	0.07426	25.83	40.56	-17.5
979	40	70	0	40	0.10846	0.08411	0.1217	34.83	22.29	-18.04
980	40	40	0	40	0.1368	0.13024	0.17121	42.8	7.33	-17.02
981	40	20	0	40	0.16113	0.16899	0.20992	48.13	-1.03	-16.15
982	40	0	0	40	0.18555	0.20953	0.24904	52.9	-8.31	-15.36
983	0	0	100	70	0.08706	0.09621	0.01596	37.15	-4.8	37.96
984	100	85	85	60	0.02047	0.02438	0.02161	17.64	-6.54	-1.4
985	100	100	70	20	0.03382	0.03383	0.04863	21.52	1.96	-13.14
986	100	70	70	20	0.04078	0.05651	0.06324	28.51	-17.66	-8.21
987	100	40	70	20	0.04981	0.08565	0.08133	35.13	-34.18	-4.22
988	100	20	70	20	0.05697	0.10883	0.09326	39.38	-43.97	-1.21
989	100	10	70	20	0.06067	0.12106	0.09908	41.38	-48.48	0.27
990	100	0	70	20	0.06454	0.13384	0.10526	43.34	-52.75	1.63
991	70	100	100	40	0.04447	0.03489	0.02103	21.9	15.94	6.5
992	70	70	100	40	0.05372	0.05504	0.02377	28.13	0.77	14.77
993	70	40	100	40	0.06545	0.08212	0.02748	34.42	-13.37	22.59
994	70	20	100	40	0.07376	0.10199	0.03056	38.2	-21.36	26.78
995	70	0	100	40	0.08325	0.12425	0.03417	41.88	-28.51	30.61
996	70	100	70	40	0.04721	0.03494	0.03145	21.92	19.46	-1.92
997	70	70	70	40	0.05741	0.05754	0.04042	28.78	2.21	4.03
998	70	40	70	40	0.0702	0.08573	0.05198	35.15	-11.69	8.61
999	70	20	70	40	0.07999	0.10788	0.06038	39.22	-19.95	11.56
1000	70	0	70	40	0.09086	0.13237	0.06935	43.12	-27.29	14.32
1001	70	100	40	40	0.04981	0.03459	0.04857	21.79	23.31	-12.64
1002	70	70	40	40	0.06217	0.05897	0.06881	29.15	5.88	-9.53
1003	70	40	40	40	0.07805	0.0905	0.09308	36.08	-8.19	-6.84
1004	70	20	40	40	0.08708	0.11138	0.10816	39.81	-16.24	-5.37
1005	70	0	40	40	0.09709	0.13476	0.12336	43.47	-23.73	-3.61
1006	70	100	20	40	0.05164	0.03427	0.06266	21.68	26.06	-19.73
1007	70	70	20	40	0.06635	0.06032	0.09336	29.49	8.81	-18.29
1008	70	40	20	40	0.08476	0.09401	0.12847	36.75	-5.04	-16.65
1009	70	20	20	40	0.09647	0.11763	0.15205	40.84	-12.87	-15.81
1010	70	0	20	40	0.10732	0.14138	0.17417	44.43	-19.96	-14.89
1011	70	100	0	40	0.0539	0.03413	0.07673	21.63	28.99	-25.73
1012	70	70	0	40	0.06991	0.06045	0.11841	29.53	12.26	-26.21
1013	70	40	0	40	0.09051	0.09575	0.16594	37.07	-1.51	-25.67
1014	70	20	0	40	0.10481	0.12155	0.19889	41.46	-9.06	-25.39
1015	70	0	0	40	0.11862	0.14797	0.23137	45.35	-15.79	-25.12
1016	100	100	0	70	0.01814	0.01558	0.03693	12.97	8.12	-21.06
1017	80	65	65	100	0.01257	0.0134	0.01016	11.55	-1.08	1.32
1018	0	100	100	20	0.19321	0.10613	0.02144	38.92	55.86	35.45
1019	0	70	100	20	0.23803	0.17043	0.02557	48.31	36.44	48.07
1020	0	40	100	20	0.3024	0.26961	0.0334	58.94	16.7	60.54
1021	0	20	100	20	0.35523	0.35343	0.04018	66.01	4.93	68.37
1022	0	10	100	20	0.3837	0.39897	0.0439	69.4	-0.32	72.02
1023	0	0	100	20	0.41443	0.44849	0.04796	72.79	-5.39	75.62
1024	100	100	100	40	0.02515	0.02752	0.02372	19.02	-2.69	-0.88
1025	100	70	100	40	0.02749	0.03906	0.02799	23.36	-16.9	3.12
1026	100	40	100	40	0.03139	0.0549	0.03211	28.09	-30.38	8.24
1027	100	20	100	40	0.0351	0.06783	0.03529	31.31	-38.21	11.63
1028	100	0	100	40	0.0398	0.08265	0.03886	34.53	-44.99	14.9
1029	100	100	70	40	0.02604	0.02641	0.03495	18.54	1.12	-10.16
1030	100	70	70	40	0.03031	0.04066	0.044	23.89	-14.14	-6.5
1031	100	40	70	40	0.03561	0.05855	0.05559	29.04	-27.65	-3.71
1032	100	20	70	40	0.03965	0.07235	0.06282	32.34	-35.76	-1.43
1033	100	0	70	40	0.04367	0.0867	0.06962	35.34	-43.07	0.8
1034	100	100	40	40	0.02798	0.02614	0.0532	18.42	5.26	-20.84
1035	100	70	40	40	0.03425	0.04177	0.07098	24.25	-9.13	-18.89
1036	100	40	40	40	0.04122	0.06101	0.09199	29.67	-22.01	-17.52
1037	100	20	40	40	0.04678	0.07639	0.10764	33.22	-29.79	-16.57
1038	100	0	40	40	0.0524	0.09251	0.12228	36.46	-36.74	-15.38
1039	100	100	20	40	0.03029	0.02632	0.06817	18.51	9.03	-27.61
1040	100	70	20	40	0.03786	0.04283	0.09502	24.59	-5	-27.32
1041	100	40	20	40	0.0463	0.06337	0.12419	30.25	-17.61	-26.64
1042	100	20	20	40	0.05253	0.0788	0.14488	33.73	-24.82	-26.24
1043	100	0	20	40	0.05971	0.09628	0.16726	37.17	-31.34	-25.82
1044	100	100	0	40	0.03352	0.02681	0.08346	18.72	13.54	-33.32
1045	100	70	0	40	0.04175	0.04384	0.12018	24.9	-0.72	-34.7
1046	100	40	0	40	0.05263	0.0663	0.16139	30.95	-12.71	-35.14
1047	100	20	0	40	0.06024	0.08278	0.18887	34.56	-19.52	-35.17
1048	100	0	0	40	0.06784	0.09967	0.21554	37.78	-25.41	-35.12
1049	100	0	100	70	0.02143	0.03912	0.02115	23.38	-29.16	8.93
1050	80	65	65	80	0.02049	0.02242	0.01808	16.71	-2.49	0.43
1051	10	100	100	20	0.16926	0.09517	0.02225	36.96	51.68	31.34
1052	10	70	100	20	0.20854	0.15427	0.02634	46.21	31.97	43.82
1053	10	40	100	20	0.26497	0.24459	0.03407	56.54	12.38	55.95
1054	10	20	100	20	0.31034	0.31887	0.04051	63.25	1.06	63.41
1055	10	10	100	20	0.33485	0.35956	0.04408	66.49	-4.09	66.89
1056	10	0	100	20	0.36156	0.40364	0.04724	69.73	-8.96	70.72
1057	0	100	100	60	0.0672	0.04133	0.01273	24.11	32.88	19.37
1058	0	70	100	60	0.08045	0.0626	0.01422	30.06	19.95	27.76
1059	0	40	100	60	0.09809	0.09175	0.0165	36.32	7.9	35.92
1060	0	20	100	60	0.11189	0.11485	0.01837	40.39	0.84	40.95
1061	0	0	100	60	0.12674	0.13963	0.02048	44.18	-5.18	45.42
1062	0	100	70	60	0.06795	0.04057	0.0181	23.86	34.73	12.74
1063	0	70	70	60	0.08309	0.06335	0.02459	30.24	21.52	17.73
1064	0	40	70	60	0.10205	0.09434	0.03226	36.81	8.89	23.17
1065	0	20	70	60	0.11636	0.11832	0.03767	40.95	1.62	26.71
1066	0	0	70	60	0.1303	0.14254	0.04279	44.59	-4.6	29.89
1067	0	100	40	60	0.07156	0.04115	0.02762	24.05	37.5	4.59
1068	0	70	40	60	0.08594	0.06397	0.0405	30.39	23.38	6.76
1069	0	40	40	60	0.10749	0.09708	0.05604	37.31	10.84	10.32
1070	0	20	40	60	0.12349	0.12288	0.06738	41.67	3.45	12.66
1071	0	0	40	60	0.14044	0.15046	0.079	45.7	-2.86	14.88
1072	0	100	20	60	0.07325	0.04093	0.03502	23.98	39.45	-0.83
1073	0	70	20	60	0.08977	0.06549	0.0545	30.76	25.08	-0.23
1074	0	40	20	60	0.11101	0.09864	0.07571	37.6	12.21	2.21
1075	0	20	20	60	0.12764	0.12489	0.09107	41.98	4.9	4.04
1076	0	0	20	60	0.14634	0.15395	0.10803	46.17	-1.27	5.64
1077	0	100	0	60	0.07394	0.04008	0.04192	23.7	41.32	-5.63
1078	0	70	0	60	0.09094	0.06468	0.06693	30.56	26.89	-6.29
1079	0	40	0	60	0.11594	0.10108	0.09727	38.04	13.88	-4.9
1080	0	20	0	60	0.1336	0.12831	0.11752	42.51	6.54	-3.57
1081	0	0	0	60	0.15099	0.15581	0.13675	46.42	0.45	-2.23
1082	0	100	100	70	0.04893	0.0317	0.01105	20.71	26.86	15.81
1083	80	65	65	60	0.03279	0.03634	0.03028	22.42	-3.61	-0.22
1084	20	100	100	20	0.14722	0.08502	0.02304	35.01	47.38	27.27
1085	20	70	100	20	0.1814	0.13917	0.0271	44.11	27.39	39.6
1086	20	40	100	20	0.23019	0.22031	0.03458	54.06	8.19	51.32
1087	20	20	100	20	0.26897	0.28638	0.04071	60.46	-2.88	58.48
1088	20	10	100	20	0.29011	0.32241	0.04348	63.54	-7.81	62.16
1089	20	0	100	20	0.3128	0.36145	0.04652	66.63	-12.61	65.78
1090	20	100	100	60	0.05538	0.03619	0.01375	22.37	27.52	15.07
1091	20	70	100	60	0.06557	0.05414	0.01458	27.88	14.93	23.57
1092	20	40	100	60	0.07984	0.07947	0.01681	33.87	2.96	31.36
1093	20	20	100	60	0.09066	0.09885	0.01869	37.63	-3.82	35.89
1094	20	0	100	60	0.10173	0.11862	0.02081	41	-9.41	39.62
1095	20	100	70	60	0.05652	0.03568	0.01935	22.19	29.61	8.6
1096	20	70	70	60	0.0695	0.05666	0.02536	28.55	16.04	14.17
1097	20	40	70	60	0.08376	0.08237	0.03206	34.47	3.89	19.28
1098	20	20	70	60	0.09476	0.10218	0.03702	38.23	-3.02	22.44
1099	20	0	70	60	0.10712	0.12377	0.04249	41.81	-8.81	25.27
1100	20	100	40	60	0.05851	0.03529	0.0287	22.05	32.47	0.32
1101	20	70	40	60	0.07168	0.05642	0.04136	28.49	18.47	2.97
1102	20	40	40	60	0.08863	0.08479	0.05575	34.96	5.99	6.41
1103	20	20	40	60	0.10081	0.10586	0.06589	38.87	-0.98	8.49
1104	20	0	40	60	0.11382	0.12833	0.07626	42.51	-6.92	10.46
1105	20	100	20	60	0.0594	0.03469	0.03599	21.83	34.4	-5.17
1106	20	70	20	60	0.07429	0.05704	0.05477	28.65	20.29	-3.99
1107	20	40	20	60	0.09272	0.08675	0.07554	35.35	7.73	-1.6
1108	20	20	20	60	0.10504	0.10789	0.08899	39.22	0.77	0.02
1109	20	0	20	60	0.11834	0.1306	0.10364	42.85	-5.2	1.31
1110	20	100	0	60	0.0623	0.03511	0.04361	21.99	36.91	-9.56
1111	20	70	0	60	0.07775	0.05827	0.06875	28.97	22.16	-9.81
1112	20	40	0	60	0.09652	0.08827	0.09616	35.65	9.54	-8.64
1113	20	20	0	60	0.10913	0.10947	0.11336	39.49	2.67	-7.52
1114	20	0	0	60	0.12445	0.13379	0.13325	43.33	-3.05	-6.62
1115	40	40	0	70	0.05437	0.05245	0.06403	27.42	4.57	-10.44
1116	80	65	65	40	0.0501	0.05582	0.04753	28.33	-4.51	-0.8
1117	40	100	100	20	0.10907	0.06763	0.02479	31.26	38.1	19.31
1118	40	70	100	20	0.13461	0.11272	0.02866	40.03	17.85	31.36
1119	40	40	100	20	0.16847	0.17535	0.03577	48.93	-0.33	41.68
1120	40	20	100	20	0.19634	0.22724	0.04065	54.79	-10.96	48.73
1121	40	10	100	20	0.2115	0.25552	0.0434	57.61	-15.74	51.98
1122	40	0	100	20	0.22799	0.28624	0.04653	60.45	-20.33	55.12
1123	40	100	100	60	0.04447	0.03136	0.01453	20.58	21.63	11.04
1124	40	70	100	60	0.05245	0.0467	0.01517	25.77	9.39	19.24
1125	40	40	100	60	0.06366	0.06807	0.01764	31.36	-2.07	26.16
1126	40	20	100	60	0.07154	0.08345	0.01951	34.69	-8.39	29.99
1127	40	0	100	60	0.07906	0.09873	0.02133	37.61	-13.88	33.3
1128	40	100	70	60	0.04533	0.03052	0.02002	20.25	24.21	4.6
1129	40	70	70	60	0.05574	0.04877	0.02585	26.38	10.66	10.02
1130	40	40	70	60	0.06632	0.06975	0.03204	31.75	-0.96	14.6
1131	40	20	70	60	0.07517	0.08622	0.03692	35.25	-7.3	17.36
1132	40	0	70	60	0.08367	0.10305	0.04173	38.38	-13.06	19.81
1133	40	100	40	60	0.04657	0.0298	0.02908	19.96	27.06	-3.56
1134	40	70	40	60	0.05878	0.04932	0.04209	26.54	13.41	-0.82
1135	40	40	40	60	0.07063	0.07188	0.05485	32.23	1.31	2.14
1136	40	20	40	60	0.07964	0.08863	0.06407	35.72	-5.18	3.85
1137	40	0	40	60	0.0895	0.10703	0.07378	39.08	-11.01	5.53
1138	40	100	20	60	0.04891	0.03011	0.03743	20.09	29.53	-9.11
1139	40	70	20	60	0.06114	0.0497	0.05596	26.65	15.55	-8.03
1140	40	40	20	60	0.07385	0.07311	0.07363	32.5	3.27	-5.74
1141	40	20	20	60	0.08445	0.09135	0.0877	36.24	-3.14	-4.66
1142	40	0	20	60	0.0929	0.10802	0.09951	39.24	-8.9	-3.56
1143	40	100	0	60	0.05037	0.02982	0.04477	19.97	31.85	-13.69
1144	40	70	0	60	0.06374	0.05059	0.0696	26.9	17.25	-13.74
1145	40	40	0	60	0.07653	0.0735	0.09267	32.59	5.43	-12.72
1146	40	20	0	60	0.08851	0.09303	0.1115	36.56	-1.01	-12
1147	40	0	0	60	0.09951	0.11207	0.1293	39.93	-6.54	-11.39
1148	40	0	40	70	0.06282	0.07477	0.05213	32.87	-9.45	4.6
1149	60	45	45	100	0.01361	0.01435	0.01158	12.19	-0.67	0.36
1150	70	100	100	20	0.06395	0.04763	0.02778	26.05	21.15	7.92
1151	70	70	100	20	0.07742	0.07821	0.03199	33.61	1.88	17.85
1152	70	40	100	20	0.09661	0.12197	0.03799	41.53	-15.74	27.5
1153	70	20	100	20	0.11163	0.15645	0.0431	46.5	-25.73	33.01
1154	70	10	100	20	0.12004	0.17539	0.04577	48.93	-30.22	35.68
1155	70	0	100	20	0.12897	0.19561	0.04871	51.34	-34.54	38.22
1156	70	100	100	60	0.03032	0.0254	0.0156	18.1	10.84	5.51
1157	70	70	100	60	0.03602	0.0375	0.01725	22.83	-0.21	11.84
1158	70	40	100	60	0.04213	0.05221	0.01957	27.36	-10.77	17.29
1159	70	20	100	60	0.04585	0.06201	0.02113	29.91	-16.76	20.21
1160	70	0	100	60	0.04953	0.07214	0.02288	32.29	-22.27	22.72
1161	70	100	70	60	0.03082	0.02423	0.02079	17.57	14	-0.76
1162	70	70	70	60	0.03674	0.03728	0.02608	22.75	1.21	3.58
1163	70	40	70	60	0.04358	0.05263	0.03246	27.47	-9.27	6.93
1164	70	20	70	60	0.0485	0.06412	0.03703	30.43	-15.56	8.98
1165	70	0	70	60	0.0535	0.07624	0.04195	33.19	-21.31	10.71
1166	70	100	40	60	0.0328	0.0241	0.03147	17.5	17.59	-9.55
1167	70	70	40	60	0.03951	0.03802	0.04223	23	4.25	-7
1168	70	40	40	60	0.04745	0.05456	0.05497	28	-6.41	-5.22
1169	70	20	40	60	0.05163	0.06492	0.06244	30.62	-12.5	-4.21
1170	70	0	40	60	0.05583	0.07598	0.06937	33.13	-18.34	-2.9
1171	70	100	20	60	0.03364	0.02351	0.03943	17.23	20.15	-15.28
1172	70	70	20	60	0.04137	0.03816	0.05521	23.05	6.69	-13.85
1173	70	40	20	60	0.05135	0.05677	0.07418	28.58	-4.06	-12.73
1174	70	20	20	60	0.05647	0.06812	0.08532	31.38	-10.04	-12.19
1175	70	0	20	60	0.06071	0.07888	0.09492	33.75	-15.51	-11.49
1176	70	100	0	60	0.03413	0.02277	0.04629	16.88	22.45	-19.87
1177	70	70	0	60	0.0418	0.0368	0.06703	22.58	9.34	-20.1
1178	70	40	0	60	0.05316	0.05642	0.09185	28.49	-1.47	-19.5
1179	70	20	0	60	0.0601	0.06952	0.10795	31.7	-7.35	-19.29
1180	70	0	0	60	0.06601	0.08205	0.12291	34.41	-12.73	-19.11
1181	0	40	40	70	0.07507	0.06838	0.04046	31.44	9.03	8.58
1182	60	45	45	80	0.02843	0.03049	0.02576	20.24	-1.73	-0.5
1183	100	100	100	20	0.03165	0.03472	0.03086	21.84	-3.03	-1.63
1184	100	70	100	20	0.03619	0.05355	0.03802	27.72	-21.06	3.68
1185	100	40	100	20	0.04322	0.07985	0.04436	33.95	-37.7	10.64
1186	100	20	100	20	0.04901	0.1007	0.0493	37.97	-47.41	14.86
1187	100	10	100	20	0.0522	0.11199	0.0517	39.91	-51.87	16.97
1188	100	0	100	20	0.05553	0.12372	0.05435	41.8	-56.06	18.89
1189	100	100	100	60	0.01983	0.02158	0.01744	16.3	-2.22	0.38
1190	100	70	100	60	0.02078	0.02788	0.01957	19.17	-12.45	3.18
1191	100	40	100	60	0.02253	0.03646	0.02214	22.47	-22.86	6.44
1192	100	20	100	60	0.02433	0.04335	0.02405	24.75	-28.98	8.71
1193	100	0	100	60	0.02674	0.05119	0.02624	27.07	-34.31	10.9
1194	100	100	70	60	0.01965	0.02023	0.02362	15.61	0.34	-6.68
1195	100	70	70	60	0.02183	0.02805	0.02875	19.25	-10.47	-4.55
1196	100	40	70	60	0.02443	0.03767	0.03511	22.89	-20.76	-2.78
1197	100	20	70	60	0.0263	0.0449	0.03905	25.23	-27.2	-1.26
1198	100	0	70	60	0.0278	0.05182	0.04238	27.25	-33.1	0.22
1199	100	100	40	60	0.02023	0.01926	0.03382	15.09	3.89	-15.35
1200	100	70	40	60	0.02334	0.02782	0.04345	19.15	-6.86	-14.36
1201	100	40	40	60	0.02695	0.0383	0.05483	23.1	-16.8	-13.59
1202	100	20	40	60	0.02974	0.04645	0.0629	25.7	-22.94	-12.9
1203	100	0	40	60	0.03228	0.0546	0.07007	28.01	-28.53	-12.04
1204	100	100	20	60	0.02116	0.01894	0.04201	14.92	6.72	-20.81
1205	100	70	20	60	0.0253	0.02828	0.0568	19.34	-3.76	-21.03
1206	100	40	20	60	0.02943	0.0393	0.07185	23.44	-13.73	-20.64
1207	100	20	20	60	0.03224	0.04705	0.08186	25.88	-19.43	-20.38
1208	100	0	20	60	0.03572	0.05605	0.09272	28.39	-24.67	-19.97
1209	100	100	0	60	0.02251	0.01888	0.05003	14.89	9.76	-25.31
1210	100	70	0	60	0.02678	0.02823	0.06926	19.32	-0.83	-26.67
1211	100	40	0	60	0.03275	0.04088	0.09117	23.96	-10.32	-27.07
1212	100	20	0	60	0.03626	0.0493	0.10428	26.53	-15.82	-27.03
1213	100	0	0	60	0.03906	0.05688	0.11538	28.61	-20.57	-26.89
1214	0	0	0	0	0.82045	0.84252	0.74555	93.56	1.56	-4.45
1215	60	45	45	60	0.05247	0.05653	0.04863	28.52	-2.43	-1.07
1216	40	27	27	60	0.07962	0.08459	0.07545	34.92	-1.76	-2.3
1217	20	12	12	80	0.05048	0.05297	0.04637	27.56	-0.72	-1.5
1218	10	6	6	20	0.42695	0.44238	0.39476	72.39	0.12	-4.03
1219	0	100	0	100	0.01563	0.01062	0.00888	9.49	16.65	-0.2
1220	0	40	0	100	0.01836	0.01656	0.01347	13.57	6.07	0.24
1221	0	0	0	100	0.01897	0.01946	0.01547	15.2	0.51	0.66
1222	0	100	40	80	0.03742	0.02359	0.01619	17.27	25.89	3.42
1223	0	70	40	80	0.04226	0.03284	0.02129	21.15	16.18	4.95
1224	0	40	40	80	0.05008	0.0461	0.0279	25.59	7.26	7.04
1225	0	0	40	80	0.06106	0.0653	0.03624	30.71	-2.05	9.98
1226	0	100	0	80	0.03553	0.02068	0.02018	15.84	29.15	-3.16
1227	0	70	0	80	0.04294	0.03156	0.03114	20.66	19.22	-3.88
1228	0	40	0	80	0.05274	0.04657	0.04297	25.74	9.91	-2.73
1229	0	0	0	80	0.06355	0.06554	0.05609	30.77	0.38	-0.98
1230	3	40	3	40	0.20893	0.18184	0.1744	49.72	17.05	-5.82
1231	40	40	3	40	0.13567	0.1298	0.16482	42.73	6.9	-15.64
1232	3	0	40	40	0.26153	0.2823	0.14384	60.1	-4.34	19.48
1233	0	3	40	40	0.26477	0.28042	0.14106	59.93	-2.28	19.91
1234	3	3	40	40	0.25587	0.2732	0.1403	59.27	-3.13	18.98
1235	40	3	40	40	0.15992	0.1904	0.12964	50.73	-12.94	7.14
1236	3	40	40	40	0.19276	0.17305	0.09765	48.64	13.73	13.26
1237	7	7	0	0	0.70475	0.71485	0.67733	87.72	3.32	-8.43
1238	7	0	7	0	0.7341	0.77135	0.65303	90.38	-1.99	-1.57
1239	0	7	7	0	0.75459	0.75851	0.61853	89.79	4.78	0.72
1240	7	7	7	0	0.69008	0.70531	0.60701	87.26	2.17	-2.51
1241	7	0	0	7	0.64322	0.67159	0.62783	85.58	-0.98	-7.44
1242	0	7	0	7	0.65982	0.65921	0.59298	84.96	5.45	-5.08
1243	7	7	0	7	0.60518	0.61471	0.58215	82.63	2.96	-7.99
1244	0	0	7	7	0.68784	0.71292	0.57066	87.63	0.09	1.81
1245	7	0	7	7	0.6299	0.66268	0.56162	85.13	-2.07	-1.56
1246	0	7	7	7	0.64687	0.65126	0.53229	84.55	4.31	0.55
1247	7	7	7	7	0.59299	0.60701	0.52288	82.22	1.85	-2.44
1248	60	45	45	40	0.0874	0.09413	0.0817	36.77	-2.84	-1.55
1249	40	27	27	40	0.14124	0.14981	0.13448	45.61	-1.98	-3.02
1250	20	12	12	60	0.11224	0.1177	0.10506	40.85	-0.9	-2.6
1251	10	6	6	10	0.53975	0.55844	0.49867	79.52	0.33	-4.39
1252	40	100	0	100	0.01378	0.01016	0.01033	9.13	13.03	-3.13
1253	40	40	0	100	0.01457	0.01408	0.01427	12.01	2.89	-3.43
1254	40	0	0	100	0.0148	0.01632	0.01586	13.42	-2.57	-2.84
1255	40	100	40	80	0.02661	0.01873	0.01697	14.81	18.32	-1.68
1256	40	70	40	80	0.03195	0.02784	0.02289	19.16	9.06	0.07
1257	40	40	40	80	0.03581	0.03669	0.02805	22.55	0.67	1.67
1258	40	0	40	80	0.04233	0.05007	0.03527	26.76	-7.9	3.79
1259	40	100	0	80	0.02791	0.01792	0.02373	14.36	22.67	-8.93
1260	40	70	0	80	0.03324	0.02723	0.0339	18.9	12.31	-8.84
1261	40	40	0	80	0.03709	0.03586	0.04201	22.25	3.9	-8.17
1262	40	0	0	80	0.04468	0.05005	0.0548	26.75	-4.67	-7.29
1263	0	3	40	3	0.67402	0.70921	0.32447	87.45	-2.14	31.84
1264	3	3	40	3	0.64763	0.68729	0.32215	86.37	-3.37	30.33
1265	40	3	40	3	0.37248	0.44491	0.29666	72.56	-17.56	10.47
1266	0	40	40	3	0.48688	0.42202	0.21794	71.01	23.11	21.7
1267	3	40	40	3	0.46762	0.40887	0.21707	70.1	21.73	20.3
1268	40	40	40	3	0.27143	0.2698	0.20433	58.96	4.61	3.65
1269	3	0	0	40	0.28682	0.29772	0.26869	61.46	-0.09	-4.05
1270	0	3	0	40	0.28951	0.29539	0.26318	61.25	1.82	-3.45
1271	3	3	0	40	0.28031	0.28788	0.26141	60.59	1.08	-4.28
1272	40	3	0	40	0.18181	0.20325	0.24308	52.2	-7.26	-15.48
1273	3	40	0	40	0.21052	0.18271	0.18139	49.82	17.35	-7.21
1274	0	0	3	40	0.29399	0.30416	0.25985	62.01	0.27	-1.56
1275	3	0	3	40	0.2845	0.29631	0.25797	61.33	-0.47	-2.4
1276	40	0	3	40	0.18325	0.20808	0.23885	52.74	-8.82	-13.78
1277	0	3	3	40	0.28717	0.2939	0.25254	61.12	1.47	-1.81
1278	3	3	3	40	0.27828	0.28674	0.25112	60.49	0.71	-2.64
1279	40	3	3	40	0.17997	0.20225	0.23364	52.09	-7.75	-13.93
1280	0	40	3	40	0.2154	0.18605	0.17482	50.22	17.94	-5.05
1281	60	45	45	20	0.13347	0.14337	0.12557	44.71	-3.05	-2.1
1282	40	27	27	20	0.22627	0.23922	0.21571	56.01	-1.98	-3.73
1283	20	12	12	40	0.2105	0.22034	0.19806	54.06	-0.93	-3.49
1284	100	85	85	0	0.04507	0.05657	0.05623	28.53	-11.82	-4.92
1285	100	100	0	100	0.01026	0.00908	0.01195	8.2	5.64	-7.02
1286	100	40	0	100	0.01055	0.01187	0.0168	10.46	-3.04	-8.99
1287	100	0	0	100	0.01064	0.01422	0.01924	12.1	-9.79	-8.68
1288	70	100	40	80	0.02079	0.0165	0.01876	13.53	11.87	-5.74
1289	70	70	40	80	0.02344	0.02289	0.02336	16.94	2.89	-4.16
1290	70	40	40	80	0.02613	0.02953	0.02863	19.86	-4.37	-3.41
1291	70	0	40	80	0.02888	0.03796	0.0339	22.98	-12.76	-1.79
1292	70	100	0	80	0.02037	0.01462	0.02459	12.36	15.97	-13.1
1293	70	70	0	80	0.02298	0.02065	0.03261	15.82	6.73	-13.25
1294	70	40	0	80	0.02778	0.0294	0.0429	19.8	-1.03	-12.92
1295	70	0	0	80	0.032	0.03938	0.05452	23.46	-9.42	-12.81
1296	0	3	0	3	0.74794	0.75914	0.67641	89.82	3.29	-4.73
1297	3	3	0	3	0.72074	0.73676	0.67098	88.77	2.18	-6.03
1298	40	3	0	3	0.43351	0.48494	0.6069	75.14	-9.79	-23.4
1299	0	40	0	3	0.53393	0.44817	0.43342	72.77	27.95	-8.31
1300	3	40	0	3	0.51396	0.43471	0.43075	71.87	26.64	-9.53
1301	40	40	0	3	0.3106	0.29099	0.39974	60.87	11.42	-24.54
1302	0	0	3	3	0.76127	0.7849	0.66513	91	0.9	-1.64
1303	3	0	3	3	0.73305	0.76048	0.66074	89.88	-0.04	-3.16
1304	40	0	3	3	0.43884	0.49932	0.59632	76.03	-12.07	-20.81
1305	0	3	3	3	0.74146	0.75507	0.64603	89.63	2.78	-2.21
1306	3	3	3	3	0.71446	0.73268	0.64103	88.58	1.7	-3.55
1307	40	3	3	3	0.42802	0.48168	0.57997	74.93	-10.53	-21.04
1308	0	40	3	3	0.52959	0.4458	0.41441	72.61	27.51	-6.19
1309	3	40	3	3	0.5098	0.43229	0.41202	71.71	26.25	-7.44
1310	40	40	3	3	0.30713	0.28922	0.38259	60.71	10.81	-22.53
1311	0	0	40	3	0.69215	0.73735	0.33406	88.8	-4.02	32.73
1312	3	0	40	3	0.6643	0.71339	0.33172	87.65	-5.16	31.1
1313	40	0	40	3	0.38162	0.46113	0.3047	73.62	-19.18	11.03
1314	40	27	27	100	0.01516	0.01593	0.0133	13.19	-0.54	-0.2
1315	40	27	27	10	0.27797	0.29335	0.26559	61.08	-1.92	-4.17
1316	20	12	12	20	0.35236	0.36783	0.33175	67.11	-0.78	-4.31
1317	80	65	65	0	0.09672	0.10788	0.09575	39.22	-5.71	-2.34
1318	0	100	40	100	0.01767	0.01316	0.00863	11.38	13.78	3.47
1319	0	40	40	100	0.01821	0.01733	0.0109	14.02	3.76	4.47
1320	0	0	40	100	0.01928	0.02051	0.01242	15.75	-1.16	5.37
1321	100	100	40	80	0.01464	0.01409	0.01973	12.02	3.04	-9.31
1322	100	70	40	80	0.01544	0.01777	0.02394	14.27	-4.45	-9.27
1323	100	40	40	80	0.01701	0.02264	0.029	16.82	-11.29	-8.93
1324	100	0	40	80	0.01877	0.02953	0.03525	19.85	-20.04	-8.09
1325	100	100	0	80	0.01481	0.01292	0.02646	11.22	6.98	-16.61
1326	100	70	0	80	0.01642	0.0172	0.03458	13.94	-0.42	-17.84
1327	100	40	0	80	0.01916	0.02322	0.04429	17.09	-7.23	-18.38
1328	100	0	0	80	0.02072	0.02944	0.05304	19.82	-15.39	-18.36
1329	3	3	0	0	0.76924	0.78592	0.71574	91.05	2.31	-6.17
1330	40	3	0	0	0.46016	0.51467	0.64639	76.96	-9.96	-24.08
1331	3	40	0	0	0.54692	0.4616	0.45703	73.65	27.47	-9.68
1332	3	0	3	0	0.78261	0.81147	0.70483	92.2	0.03	-3.21
1333	40	0	3	0	0.46608	0.53024	0.63524	77.89	-12.29	-21.42
1334	0	3	3	0	0.79171	0.8058	0.68906	91.94	2.92	-2.22
1335	3	3	3	0	0.76257	0.78157	0.6836	90.85	1.82	-3.61
1336	40	3	3	0	0.45434	0.51123	0.61753	76.75	-10.72	-21.66
1337	0	40	3	0	0.56391	0.47367	0.43972	74.42	28.38	-6.24
1338	3	40	3	0	0.54259	0.45908	0.43711	73.49	27.08	-7.54
1339	40	40	3	0	0.325	0.30564	0.4053	62.14	11.17	-23.08
1340	3	0	40	0	0.70904	0.76092	0.35144	89.9	-5.17	32.12
1341	0	3	40	0	0.71951	0.75651	0.34368	89.7	-2.08	32.88
1342	3	3	40	0	0.69106	0.73284	0.34115	88.58	-3.33	31.33
1343	40	3	40	0	0.39493	0.47168	0.31419	74.3	-17.89	10.73
1344	3	40	40	0	0.4977	0.43425	0.22955	71.84	22.45	20.89
1345	3	0	0	3	0.73974	0.76503	0.69325	90.09	0.43	-5.8
1346	40	0	0	3	0.44465	0.50295	0.62562	76.25	-11.34	-23.32
1347	40	27	27	80	0.03884	0.0412	0.03612	24.07	-1.3	-1.41
1348	20	12	12	100	0.0169	0.01767	0.01465	14.21	-0.34	-0.08
1349	20	12	12	10	0.44147	0.4601	0.41597	73.55	-0.63	-4.77
1350	60	45	45	0	0.18937	0.20282	0.18002	52.15	-3.14	-2.89
1351	40	100	40	100	0.01496	0.01224	0.00954	10.74	9.46	0.88
1352	40	40	40	100	0.01523	0.01567	0.01185	13.03	0.35	1.44
1353	40	0	40	100	0.01602	0.01856	0.01329	14.71	-4.79	2.45
1354	0	100	100	80	0.03564	0.02482	0.00971	17.84	20.71	12.85
1355	0	70	100	80	0.04113	0.03435	0.01061	21.71	12.17	18.16
1356	0	40	100	80	0.04754	0.04599	0.01157	25.56	4.2	23.43
1357	0	0	100	80	0.05693	0.06319	0.01277	30.2	-4.46	29.83
1358	0	100	70	80	0.03582	0.02377	0.01188	17.35	23.06	8.85
1359	0	70	70	80	0.04166	0.03347	0.0148	21.38	14.3	12.1
1360	0	40	70	80	0.04822	0.04567	0.01789	25.46	5.49	15.73
1361	0	0	70	80	0.05738	0.06291	0.02205	30.13	-3.65	19.75
1362	0	0	0	100	0.01897	0.01946	0.01547	15.2	0.51	0.66
1363	0	0	0	98	0.02192	0.0225	0.0181	16.75	0.49	0.47
1364	0	0	0	95	0.02691	0.02765	0.02259	19.08	0.47	0.2
1365	0	0	0	90	0.03684	0.03792	0.0316	22.97	0.43	-0.22
1366	0	0	0	85	0.04898	0.05046	0.04269	26.87	0.4	-0.62
1367	0	0	0	80	0.06355	0.06554	0.05609	30.77	0.38	-0.98
1368	0	0	0	75	0.08085	0.08344	0.07203	34.69	0.37	-1.33
1369	0	0	0	70	0.10101	0.10425	0.09064	38.6	0.38	-1.65
1370	0	0	0	60	0.15099	0.15581	0.13675	46.42	0.45	-2.23
1371	0	0	0	50	0.21533	0.22209	0.19598	54.25	0.56	-2.74
1372	0	0	0	40	0.296	0.30523	0.27009	62.1	0.64	-3.17
1373	0	0	0	30	0.39483	0.40685	0.36048	69.95	0.8	-3.56
1374	0	0	0	25	0.45182	0.46532	0.4124	73.89	0.91	-3.73
1375	0	0	0	20	0.51389	0.52907	0.4688	77.82	0.99	-3.88
1376	0	0	0	15	0.58178	0.59869	0.53033	81.77	1.09	-4.03
1377	0	0	0	10	0.65514	0.6738	0.59665	85.7	1.22	-4.17
1378	0	0	0	7	0.7021	0.72182	0.63904	88.06	1.31	-4.25
1379	0	0	0	5	0.73472	0.75512	0.66843	89.63	1.37	-4.31
1380	0	0	0	3	0.76833	0.78939	0.69867	91.21	1.45	-4.37
1381	0	0	0	2	0.78548	0.80688	0.7141	91.99	1.48	-4.39
1382	10	6	6	100	0.01793	0.01863	0.01514	14.75	-0.08	0.27
1383	40	27	27	0	0.33702	0.35483	0.32229	66.12	-1.77	-4.6
1384	100	100	40	100	0.01088	0.01049	0.01042	9.39	2.7	-2.8
1385	100	40	40	100	0.01067	0.01276	0.01283	11.11	-5.4	-3.19
1386	100	0	40	100	0.01052	0.01456	0.01468	12.33	-11.19	-3.37
1387	40	100	100	80	0.02684	0.02138	0.01112	16.2	12.76	7.92
1388	40	70	100	80	0.02977	0.02781	0.01109	19.15	5.36	13.05
1389	40	40	100	80	0.03444	0.03739	0.0123	22.79	-2.52	17.65
1390	40	0	100	80	0.03977	0.04918	0.01397	26.5	-10.43	21.92
1391	40	100	70	80	0.02681	0.01994	0.01323	15.46	15.89	3.8
1392	40	70	70	80	0.0308	0.02799	0.01571	19.22	6.84	7.31
1393	40	40	70	80	0.03485	0.03701	0.01821	22.66	-1.31	10.55
1394	40	0	70	80	0.04114	0.04996	0.02227	26.72	-9.43	13.67
1395	0	0	100	0	0.67003	0.71402	0.06675	87.68	-4.03	92.26
1396	0	0	98	0	0.67162	0.71648	0.07186	87.8	-4.19	90.32
1397	0	0	95	0	0.674	0.72018	0.07998	87.98	-4.44	87.4
1398	0	0	90	0	0.67837	0.7263	0.09485	88.27	-4.74	82.54
1399	0	0	85	0	0.68312	0.7324	0.11143	88.56	-4.96	77.67
1400	0	0	80	0	0.68823	0.7385	0.12984	88.85	-5.1	72.81
1401	0	0	75	0	0.69368	0.7446	0.15016	89.14	-5.17	67.94
1402	0	0	70	0	0.69908	0.75054	0.1725	89.42	-5.21	63.06
1403	0	0	60	0	0.71105	0.76253	0.22361	89.98	-5.07	53.3
1404	0	0	50	0	0.72455	0.77473	0.28381	90.54	-4.65	43.56
1405	0	0	40	0	0.73905	0.78677	0.35393	91.09	-4	33.81
1406	0	0	30	0	0.75528	0.79925	0.43462	91.65	-3.11	24.09
1407	0	0	25	0	0.76412	0.80571	0.47911	91.94	-2.56	19.26
1408	0	0	20	0	0.77435	0.8127	0.52626	92.25	-1.85	14.49
1409	0	0	15	0	0.78508	0.81987	0.57656	92.57	-1.08	9.72
1410	0	0	10	0	0.7963	0.82721	0.62973	92.89	-0.26	4.98
1411	0	0	7	0	0.80325	0.83169	0.66317	93.09	0.26	2.14
1412	0	0	5	0	0.80808	0.83475	0.68606	93.22	0.62	0.25
1413	0	0	3	0	0.813	0.83785	0.70944	93.36	1	-1.63
1414	0	0	2	0	0.81548	0.83941	0.72141	93.42	1.18	-2.57
1415	10	6	6	80	0.05674	0.05911	0.05114	29.19	-0.29	-1.24
1416	20	12	12	0	0.54475	0.56653	0.51318	79.98	-0.38	-5.22
1417	0	100	100	100	0.01884	0.0162	0.00782	13.35	8.16	8.29
1418	0	40	100	100	0.01949	0.02	0.00853	15.49	0.48	10.72
1419	0	0	100	100	0.01974	0.02224	0.00876	16.62	-3.84	12.29
1420	70	100	100	80	0.02071	0.01879	0.01165	14.84	6.06	4.84
1421	70	70	100	80	0.02347	0.02481	0.01249	17.83	-0.93	8.86
1422	70	40	100	80	0.02585	0.03126	0.01377	20.54	-7.87	11.9
1423	70	0	100	80	0.02734	0.03814	0.01473	23.05	-15.83	15.06
1424	70	100	70	80	0.01982	0.01686	0.01322	13.75	8.76	0.87
1425	70	70	70	80	0.02236	0.02293	0.01603	16.96	0.53	3.05
1426	70	40	70	80	0.02526	0.0298	0.01877	19.96	-6.52	5.34
1427	70	0	70	80	0.02858	0.03922	0.02277	23.41	-15.14	7.52
1428	0	100	0	0	0.33369	0.1668	0.15466	47.85	75.81	-4.36
1429	0	98	0	0	0.33924	0.17335	0.16241	48.68	74.19	-4.82
1430	0	95	0	0	0.34769	0.18346	0.17441	49.91	71.78	-5.49
1431	0	90	0	0	0.36256	0.20135	0.19534	51.99	67.83	-6.5
1432	0	85	0	0	0.37837	0.22063	0.21768	54.09	63.93	-7.41
1433	0	80	0	0	0.39506	0.24124	0.24118	56.21	60.11	-8.22
1434	0	75	0	0	0.41277	0.2635	0.26572	58.37	56.28	-8.86
1435	0	70	0	0	0.43174	0.28842	0.29038	60.64	52.16	-9.06
1436	0	60	0	0	0.47281	0.34333	0.34276	65.23	44.17	-9.18
1437	0	50	0	0	0.51828	0.40558	0.39937	69.87	36.43	-8.98
1438	0	40	0	0	0.56841	0.47609	0.45993	74.58	28.82	-8.42
1439	0	30	0	0	0.62334	0.55471	0.52449	79.31	21.51	-7.63
1440	0	25	0	0	0.65282	0.59722	0.55851	81.69	17.98	-7.17
1441	0	20	0	0	0.68357	0.6416	0.59358	84.05	14.59	-6.7
1442	0	15	0	0	0.71578	0.68847	0.62999	86.43	11.23	-6.19
1443	0	10	0	0	0.74931	0.73751	0.6674	88.8	7.94	-5.64
1444	0	7	0	0	0.77001	0.76802	0.69042	90.23	6	-5.3
1445	0	5	0	0	0.7842	0.78887	0.70593	91.18	4.72	-5.06
1446	0	3	0	0	0.79857	0.81008	0.72165	92.14	3.45	-4.82
1447	0	2	0	0	0.80581	0.82081	0.72957	92.61	2.82	-4.69
1448	10	6	6	60	0.13038	0.13569	0.11998	43.61	-0.3	-2.39
1449	10	6	6	0	0.6712	0.69308	0.61918	86.66	0.64	-4.74
1450	40	100	100	100	0.01614	0.01535	0.00873	12.83	3.65	5.81
1451	40	40	100	100	0.01651	0.01826	0.00891	14.54	-2.8	8.45
1452	40	0	100	100	0.0171	0.02072	0.0092	15.86	-6.92	10.24
1453	100	100	100	80	0.01573	0.01713	0.01269	13.9	-2.1	1.82
1454	100	70	100	80	0.01608	0.02002	0.01357	15.5	-8.01	3.45
1455	100	40	100	80	0.01644	0.02382	0.01495	17.38	-15.19	5.01
1456	100	0	100	80	0.01757	0.03012	0.0168	20.09	-24	7.62
1457	100	100	70	80	0.01493	0.01554	0.0152	12.95	-0.14	-2.92
1458	100	70	70	80	0.01562	0.01897	0.01768	14.94	-6.85	-2.2
1459	100	40	70	80	0.01647	0.02315	0.0204	17.06	-13.74	-1.25
1460	100	0	70	80	0.01707	0.02878	0.02333	19.55	-22.91	0.36
1461	100	0	0	0	0.1577	0.23192	0.55665	55.27	-33.76	-52.52
1462	98	0	0	0	0.16498	0.23926	0.55978	56.01	-32.82	-51.57
1463	95	0	0	0	0.17619	0.25048	0.56447	57.12	-31.45	-50.15
1464	90	0	0	0	0.19588	0.27016	0.57269	58.99	-29.3	-47.78
1465	85	0	0	0	0.2169	0.29107	0.58133	60.88	-27.28	-45.41
1466	80	0	0	0	0.23909	0.31309	0.5903	62.77	-25.39	-43.06
1467	75	0	0	0	0.26279	0.33641	0.59954	64.68	-23.57	-40.7
1468	70	0	0	0	0.28801	0.36067	0.60856	66.57	-21.68	-38.33
1469	60	0	0	0	0.343	0.41317	0.62746	70.4	-18.12	-33.58
1470	50	0	0	0	0.40405	0.47086	0.64727	74.24	-14.83	-28.85
1471	40	0	0	0	0.47209	0.53393	0.66653	78.11	-11.55	-24.01
1472	30	0	0	0	0.54709	0.60255	0.68636	81.98	-8.38	-19.16
1473	25	0	0	0	0.5874	0.63901	0.69645	83.91	-6.8	-16.74
1474	20	0	0	0	0.62979	0.67682	0.70625	85.85	-5.18	-14.29
1475	15	0	0	0	0.6742	0.71608	0.71609	87.78	-3.54	-11.83
1476	10	0	0	0	0.72077	0.75681	0.72595	89.71	-1.87	-9.38
1477	7	0	0	0	0.74979	0.78199	0.73186	90.87	-0.86	-7.9
1478	5	0	0	0	0.76955	0.79902	0.73579	91.64	-0.18	-6.91
1479	3	0	0	0	0.78965	0.81625	0.73969	92.41	0.51	-5.93
1480	2	0	0	0	0.79983	0.82496	0.74165	92.79	0.86	-5.43
1481	10	6	6	40	0.25023	0.25994	0.2315	58.03	-0.17	-3.29
1482	5	3	3	0	0.74294	0.76485	0.6799	90.08	1.12	-4.59
1483	100	100	100	100	0.01359	0.01456	0.01006	12.33	-1.32	2.81
1484	100	40	100	100	0.01262	0.01569	0.01035	13.04	-7.33	3.6
1485	100	0	100	100	0.01259	0.01813	0.01018	14.48	-13.62	6.34
1486	0	0	0	10	0.65514	0.6738	0.59665	85.7	1.22	-4.17
1487	0	0	10	10	0.63669	0.6623	0.50817	85.11	-0.44	4.18
1488	0	0	20	10	0.61992	0.65143	0.42848	84.56	-1.9	12.63
1489	0	0	40	10	0.59131	0.63087	0.29096	83.49	-4.03	30.24
1490	0	0	70	10	0.55659	0.60019	0.14299	81.85	-5.45	57.2
1491	0	10	0	10	0.6001	0.59232	0.53654	81.42	6.98	-5.3
1492	0	10	10	10	0.58378	0.58232	0.46008	80.87	5.46	2.4
1493	0	10	20	10	0.56865	0.5728	0.38841	80.34	4.06	10.52
1494	0	10	40	10	0.54259	0.55506	0.26413	79.33	1.88	27.56
1495	0	10	70	10	0.51155	0.529	0.13019	77.82	0.39	53.68
1496	0	20	0	10	0.54942	0.51808	0.47984	77.17	12.94	-6.3
1497	0	20	10	10	0.53487	0.50948	0.4123	76.65	11.48	1.04
1498	0	20	20	10	0.52158	0.50139	0.35057	76.15	10.18	8.54
1499	0	20	40	10	0.49802	0.48616	0.23909	75.21	8.01	24.92
1500	0	20	70	10	0.4703	0.46439	0.11831	73.83	6.39	50.2
1501	0	40	0	10	0.45905	0.38732	0.37543	68.56	25.95	-8.03
1502	0	40	10	10	0.44726	0.38085	0.32332	68.08	24.62	-1.38
1503	0	40	20	10	0.43674	0.37501	0.27616	67.65	23.42	5.37
1504	0	40	40	10	0.41882	0.36483	0.19048	66.89	21.39	20.22
1505	0	40	70	10	0.39686	0.34983	0.09595	65.74	19.62	43.31
1506	0	70	0	10	0.35049	0.23686	0.24099	55.77	47.48	-8.95
1507	0	70	10	10	0.34331	0.234	0.21007	55.48	46.27	-3.51
1508	0	70	20	10	0.33663	0.23129	0.18125	55.2	45.15	2.1
1509	0	70	40	10	0.32398	0.22551	0.12764	54.61	43.26	14.38
1510	0	70	70	10	0.31046	0.21933	0.067	53.96	41.16	34.01
1511	10	0	0	10	0.57861	0.6084	0.58196	82.29	-1.94	-8.55
1512	10	0	10	10	0.56136	0.59697	0.49654	81.67	-3.5	-0.44
1513	10	0	20	10	0.54521	0.58667	0.41895	81.11	-5.11	7.88
1514	10	0	40	10	0.51665	0.56639	0.2842	79.98	-7.58	25.29
1515	10	0	70	10	0.48349	0.53764	0.14002	78.32	-9.34	51.9
1516	10	10	0	10	0.53091	0.53659	0.52315	78.26	3.51	-9.29
1517	10	10	10	10	0.51574	0.52718	0.44909	77.71	1.96	-1.72
1518	10	10	20	10	0.50109	0.51807	0.37928	77.17	0.41	6.28
1519	10	10	40	10	0.47552	0.50069	0.25838	76.11	-2	23
1520	10	10	70	10	0.44579	0.47597	0.12811	74.57	-3.76	48.66
1521	10	20	0	10	0.48611	0.46967	0.46884	74.17	9.29	-10.18
1522	10	20	10	10	0.47258	0.46158	0.40323	73.65	7.8	-2.96
1523	10	20	20	10	0.45976	0.45388	0.34305	73.15	6.37	4.44
1524	10	20	40	10	0.43665	0.43892	0.23443	72.16	3.98	20.52
1525	10	20	70	10	0.41014	0.41824	0.11674	70.75	2.11	45.36
1526	10	40	0	10	0.40538	0.35085	0.36816	65.81	21.92	-11.76
1527	10	40	10	10	0.39445	0.34467	0.31754	65.33	20.61	-5.24
1528	10	40	20	10	0.3843	0.33911	0.27135	64.89	19.29	1.42
1529	10	40	40	10	0.36709	0.32946	0.18816	64.12	17.05	15.95
1530	10	40	70	10	0.34602	0.31528	0.09551	62.95	15.01	38.66
1531	10	70	0	10	0.30865	0.21361	0.23832	53.34	43.14	-12.64
1532	10	70	10	10	0.30213	0.21087	0.20852	53.04	42	-7.4
1533	10	70	20	10	0.29567	0.20828	0.17999	52.76	40.79	-1.84
1534	10	70	40	10	0.28354	0.20279	0.12718	52.15	38.74	10.27
1535	10	70	70	10	0.2709	0.19731	0.0675	51.53	36.39	29.62
1536	20	0	0	10	0.50851	0.54699	0.56708	78.87	-4.95	-12.93
1537	20	0	10	10	0.4918	0.53615	0.48404	78.24	-6.7	-4.94
1538	20	0	20	10	0.4768	0.52599	0.40931	77.64	-8.22	3.13
1539	20	0	40	10	0.4489	0.50649	0.27788	76.47	-11.04	20.28
1540	20	0	70	10	0.41676	0.47927	0.13702	74.78	-13.25	46.59
1541	20	10	0	10	0.46667	0.48277	0.51081	75	0.33	-13.55
1542	20	10	10	10	0.45195	0.47382	0.43868	74.43	-1.4	-6.1
1543	20	10	20	10	0.4384	0.46488	0.37136	73.86	-2.86	1.67
1544	20	10	40	10	0.41337	0.4481	0.25318	72.77	-5.6	18.15
1545	20	10	70	10	0.38456	0.42469	0.12565	71.19	-7.79	43.53
1546	20	20	0	10	0.42803	0.42397	0.4578	71.14	5.8	-14.09
1547	20	20	10	10	0.41489	0.41627	0.39387	70.61	4.14	-6.97
1548	20	20	20	10	0.40303	0.40903	0.33556	70.11	2.69	0.29
1549	20	20	40	10	0.38059	0.39463	0.22981	69.09	0.03	16.09
1550	20	20	70	10	0.35496	0.37485	0.11507	67.64	-2.17	40.49
1551	20	40	0	10	0.35674	0.31688	0.36102	63.08	18.07	-15.48
1552	20	40	10	10	0.34614	0.311	0.31145	62.59	16.6	-9.03
1553	20	40	20	10	0.3368	0.30579	0.26657	62.15	15.27	-2.49
1554	20	40	40	10	0.32013	0.29658	0.18544	61.36	12.78	11.78
1555	20	40	70	10	0.29976	0.28297	0.09479	60.16	10.46	34.08
1556	20	70	0	10	0.27067	0.19202	0.2354	50.92	38.93	-16.27
1557	20	70	10	10	0.26429	0.18939	0.20597	50.62	37.65	-11.07
1558	20	70	20	10	0.25843	0.18693	0.17849	50.33	36.48	-5.7
1559	20	70	40	10	0.24676	0.18174	0.12647	49.71	34.23	6.26
1560	20	70	70	10	0.23478	0.17687	0.06792	49.11	31.56	25.27
1561	40	0	0	10	0.38461	0.43509	0.53654	71.9	-10.81	-21.71
1562	40	0	10	10	0.36869	0.42505	0.45769	71.22	-13.03	-13.95
1563	40	0	20	10	0.35464	0.41587	0.38719	70.59	-14.97	-6.13
1564	40	0	40	10	0.33147	0.40048	0.26529	69.5	-18.29	10.41
1565	40	0	70	10	0.30194	0.37599	0.1326	67.72	-21.34	35.62
1566	40	10	0	10	0.35403	0.38554	0.48579	68.43	-5.87	-22.06
1567	40	10	10	10	0.34044	0.37777	0.41799	67.86	-8.05	-14.85
1568	40	10	20	10	0.32772	0.36967	0.35409	67.25	-9.91	-7.31
1569	40	10	40	10	0.30596	0.35534	0.24269	66.16	-13.11	8.66
1570	40	10	70	10	0.27925	0.33417	0.12206	64.5	-16.16	33.02
1571	40	20	0	10	0.32532	0.33952	0.43754	64.92	-0.73	-22.35
1572	40	20	10	10	0.31322	0.33288	0.37728	64.39	-2.81	-15.47
1573	40	20	20	10	0.30226	0.32654	0.32212	63.88	-4.66	-8.44
1574	40	20	40	10	0.28221	0.31364	0.22127	62.81	-7.74	6.92
1575	40	20	70	10	0.25826	0.29564	0.11227	61.28	-10.78	30.37
1576	40	40	0	10	0.27105	0.25471	0.34759	57.53	10.59	-23.14
1577	40	40	10	10	0.26167	0.25	0.30029	57.08	8.73	-16.8
1578	40	40	20	10	0.25313	0.24555	0.25746	56.64	7.06	-10.41
1579	40	40	40	10	0.23781	0.23711	0.17959	55.8	4.09	3.49
1580	40	40	70	10	0.21913	0.22478	0.09339	54.53	1.11	24.86
1581	40	70	0	10	0.20492	0.15395	0.23155	46.17	30.4	-23.74
1582	40	70	10	10	0.19902	0.15161	0.20235	45.85	28.88	-18.54
1583	40	70	20	10	0.19355	0.1494	0.1754	45.55	27.45	-13.24
1584	40	70	40	10	0.1832	0.14507	0.12515	44.95	24.72	-1.57
1585	40	70	70	10	0.17219	0.14065	0.06864	44.33	21.54	16.71
1586	70	0	0	10	0.23734	0.29697	0.49104	61.39	-20.23	-34.79
1587	70	0	10	10	0.22399	0.28958	0.42066	60.74	-23.43	-27.45
1588	70	0	20	10	0.21219	0.28271	0.35741	60.13	-26.29	-20.06
1589	70	0	40	10	0.19039	0.26838	0.24563	58.82	-31.36	-4.53
1590	70	0	70	10	0.16891	0.25243	0.12763	57.31	-36.23	19.04
1591	70	10	0	10	0.21944	0.26488	0.4481	58.5	-15.84	-34.72
1592	70	10	10	10	0.20742	0.25847	0.38634	57.89	-18.91	-27.9
1593	70	10	20	10	0.19669	0.25241	0.3287	57.31	-21.65	-20.76
1594	70	10	40	10	0.17685	0.23973	0.22667	56.06	-26.52	-5.77
1595	70	10	70	10	0.15722	0.22587	0.11839	54.64	-31.34	17.1
1596	70	20	0	10	0.20267	0.23487	0.40721	55.57	-11.21	-34.65
1597	70	20	10	10	0.19182	0.2293	0.35181	55	-14.15	-28.11
1598	70	20	20	10	0.18221	0.22413	0.30134	54.46	-16.79	-21.47
1599	70	20	40	10	0.1642	0.213	0.20867	53.28	-21.46	-7.03
1600	70	20	70	10	0.14635	0.20113	0.10976	51.96	-26.24	15.09
1601	70	40	0	10	0.17015	0.17861	0.32975	49.33	-1.13	-34.68
1602	70	40	10	10	0.16174	0.17467	0.28569	48.84	-3.75	-28.64
1603	70	40	20	10	0.15418	0.17103	0.24591	48.39	-6.15	-22.57
1604	70	40	40	10	0.14062	0.16412	0.1738	47.51	-10.57	-9.49
1605	70	40	70	10	0.12517	0.1544	0.09259	46.23	-15.06	10.83
1606	70	70	0	10	0.12742	0.1078	0.22628	39.21	16.71	-34.75
1607	70	70	10	10	0.12235	0.10621	0.19865	38.93	14.47	-29.7
1608	70	70	20	10	0.11784	0.10475	0.17306	38.68	12.43	-24.54
1609	70	70	40	10	0.10843	0.10089	0.12392	38	8.57	-13.2
1610	70	70	70	10	0.09874	0.09703	0.06924	37.3	4.17	4.34
1611	50	40	40	0	0.24207	0.25146	0.21276	57.22	-0.17	-1.06
1612	100	0	0	10	0.1314	0.19339	0.45236	51.08	-31.84	-48.03
1613	0	100	0	10	0.27125	0.13714	0.13191	43.82	69.77	-5.4
1614	0	0	100	10	0.53129	0.5705	0.05679	80.21	-4.78	83.91
1615	0	100	100	10	0.24269	0.13078	0.02378	42.88	61.9	40.2
1616	100	0	100	10	0.06349	0.14635	0.06239	45.13	-61.58	20.83
1617	100	100	0	10	0.0532	0.04037	0.14763	23.79	18.82	-44.09
END_DATA										