CGATS.17										
										
ORIGINATOR	"Advanced Printing Technology Centre (APTEC), http://aptec.hkprinters.org/en/index.html"									
INSTRUMENTATION	"D50, 2 degree, geometry 45/0, no polarisation filter, white backing, according to ISO 13655:2009 M1"									
DESCRIPTOR	APTEC_Flexo_Coated_LinearCTV_2025									
MEASUREMENT_SOURCE	"MeasurementCondition=M1	Filter=D50"									
ILLUMINATION_NAME	D50									
OBSERVER_ANGLE	2									
FILTER	D50									
WEIGHTING_FUNCTION	"ILLUMINANT,	D50"									
WEIGHTING_FUNCTION	"OBSERVER,	2 degree"									
KEYWORD	DEVCALSTD									
DEVCALSTD										
CREATED										
										
NUMBER_OF_FIELDS	11									
BEGIN_DATA_FORMAT										
SAMPLE_ID	CMYK_C	CMYK_M	CMYK_Y	CMYK_K	XYZ_X	XYZ_Y	XYZ_Z	LAB_L	LAB_A	LAB_B
END_DATA_FORMAT										
										
NUMBER_OF_SETS	1617									
BEGIN_DATA										
171	0	100	20	0	0.31208	0.16057	0.11074	47.05	71.53	6.31
170	0	85	20	0	0.34861	0.2107	0.15124	53.03	58.67	5.41
169	0	70	20	0	0.39451	0.27369	0.19854	59.31	46.56	5.46
168	0	55	20	0	0.45055	0.35108	0.25362	65.83	35.27	6.12
167	0	40	20	0	0.51674	0.44547	0.3157	72.59	24.27	7.56
166	0	30	20	0	0.56703	0.51813	0.36168	77.17	17.31	8.72
165	0	20	20	0	0.62207	0.59828	0.41046	81.74	10.73	10.06
164	0	10	20	0	0.68621	0.69006	0.46186	86.51	4.57	11.92
163	0	0	20	0	0.756	0.79065	0.51706	91.26	-1.29	13.8
90	0	100	10	0	0.31532	0.16167	0.12925	47.19	72.09	1.14
89	0	85	10	0	0.35662	0.21595	0.17868	53.59	58.93	-0.11
88	0	70	10	0	0.40546	0.28164	0.23531	60.04	46.85	-0.54
87	0	55	10	0	0.46472	0.36241	0.30097	66.7	35.54	-0.3
86	0	40	10	0	0.53398	0.4595	0.37512	73.51	24.77	0.55
85	0	30	10	0	0.58666	0.53434	0.42985	78.13	17.95	1.37
84	0	20	10	0	0.6439	0.61654	0.48858	82.73	11.48	2.28
83	0	10	10	0	0.70627	0.70678	0.55118	87.33	5.33	3.33
82	0	0	10	0	0.77885	0.80969	0.61715	92.12	-0.37	4.87
9	0	100	0	0	0.31904	0.16313	0.15003	47.38	72.62	-4.02
8	0	85	0	0	0.36335	0.21973	0.20834	54	59.43	-5.72
7	0	70	0	0	0.41689	0.28979	0.27612	60.76	47.21	-6.5
6	0	55	0	0	0.48007	0.37462	0.35384	67.62	35.85	-6.64
5	0	40	0	0	0.55333	0.47553	0.44173	74.54	25.23	-6.28
4	0	30	0	0	0.60826	0.55217	0.50621	79.17	18.62	-5.86
3	0	20	0	0	0.66829	0.63687	0.57537	83.8	12.3	-5.27
2	0	10	0	0	0.73355	0.72972	0.64964	88.43	6.3	-4.61
1	0	0	0	0	0.80428	0.83081	0.72921	93.05	0.63	-3.91
735	0	100	0	20	0.19409	0.10215	0.09954	38.23	59.3	-5.33
734	0	70	0	20	0.25723	0.18299	0.1777	49.86	38.01	-6.33
733	0	40	0	20	0.34666	0.30304	0.28371	61.92	19.69	-5.77
732	0	20	0	20	0.42051	0.40503	0.368	69.83	9.23	-4.82
731	0	10	0	20	0.46083	0.46152	0.41323	73.64	4.52	-4.26
730	0	0	0	20	0.50435	0.52259	0.4614	77.44	0.12	-3.67
180	10	100	20	0	0.26737	0.13948	0.10895	44.16	66.74	1.88
179	10	85	20	0	0.30057	0.18521	0.1481	50.12	54.01	1.19
178	10	70	20	0	0.34212	0.24269	0.19358	56.36	42.1	1.41
177	10	55	20	0	0.39269	0.31363	0.24602	62.81	30.91	2.28
176	10	40	20	0	0.45183	0.39934	0.30556	69.42	20.16	3.66
175	10	30	20	0	0.49701	0.46571	0.3494	73.91	13.34	4.84
174	10	20	20	0	0.54597	0.53823	0.39585	78.36	6.94	6.12
173	10	10	20	0	0.60266	0.62072	0.44486	82.95	0.98	7.83
172	10	0	20	0	0.65872	0.70463	0.49721	87.22	-4.56	9.05
99	10	100	10	0	0.27078	0.14065	0.12707	44.33	67.4	-3.19
98	10	85	10	0	0.30805	0.18996	0.1747	50.68	54.38	-4.23
97	10	70	10	0	0.35223	0.24992	0.22896	57.07	42.48	-4.47
96	10	55	10	0	0.40613	0.32424	0.29176	63.69	31.3	-4.02
95	10	40	10	0	0.46793	0.41226	0.36265	70.33	20.79	-3.21
94	10	30	10	0	0.51545	0.48078	0.41506	74.87	14.1	-2.38
93	10	20	10	0	0.5665	0.55522	0.47102	79.34	7.82	-1.52
92	10	10	10	0	0.62171	0.63637	0.53085	83.78	1.89	-0.62
91	10	0	10	0	0.68025	0.72224	0.59344	88.08	-3.49	0.26
18	10	100	0	0	0.2729	0.14184	0.14806	44.5	67.52	-8.5
17	10	85	0	0	0.31256	0.193	0.204	51.04	54.52	-9.94
16	10	70	0	0	0.36014	0.25604	0.26786	57.66	42.58	-10.45
15	10	55	0	0	0.41759	0.33364	0.34179	64.45	31.51	-10.37
14	10	40	0	0	0.48287	0.42487	0.42569	71.21	21.17	-10.05
13	10	30	0	0	0.53333	0.4959	0.48797	75.82	14.67	-9.56
12	10	20	0	0	0.58717	0.57287	0.55419	80.34	8.54	-9.04
11	10	10	0	0	0.64523	0.65651	0.62524	84.82	2.78	-8.51
10	10	0	0	0	0.70746	0.74549	0.70305	89.18	-2.4	-8.25
741	10	100	0	20	0.16815	0.08991	0.09779	35.97	55.35	-8.64
740	10	70	0	20	0.22436	0.16321	0.17235	47.39	34.29	-9.36
739	10	40	0	20	0.30539	0.27287	0.27363	59.24	16.52	-8.71
738	10	20	0	20	0.37143	0.36536	0.35376	66.93	6.36	-7.83
737	10	10	0	20	0.40738	0.41629	0.39687	70.61	1.85	-7.36
736	10	0	0	20	0.44765	0.47261	0.44425	74.36	-2.31	-6.91
189	20	100	20	0	0.22692	0.12036	0.10747	41.27	61.83	-2.63
188	20	85	20	0	0.25698	0.16192	0.14493	47.23	49.25	-2.99
187	20	70	20	0	0.29429	0.21431	0.18868	53.42	37.43	-2.61
186	20	55	20	0	0.33954	0.27894	0.23895	59.79	26.39	-1.64
185	20	40	20	0	0.39226	0.35689	0.29585	66.28	15.82	-0.21
184	20	30	20	0	0.43221	0.41675	0.3377	70.65	9.18	0.9
183	20	20	20	0	0.475	0.48148	0.38228	74.92	3	2
182	20	10	20	0	0.52039	0.55039	0.42913	79.06	-2.67	3.07
181	20	0	20	0	0.56955	0.62509	0.47904	83.18	-7.99	4.17
108	20	100	10	0	0.22896	0.12133	0.12587	41.43	62.09	-7.85
107	20	85	10	0	0.26182	0.1653	0.17034	47.66	49.37	-8.44
106	20	70	10	0	0.30157	0.21978	0.22249	54	37.65	-8.51
105	20	55	10	0	0.34964	0.28707	0.28238	60.52	26.71	-7.96
104	20	40	10	0	0.4057	0.36794	0.35083	67.12	16.38	-7.07
103	20	30	10	0	0.44782	0.42979	0.40076	71.54	9.88	-6.27
102	20	20	10	0	0.49304	0.49677	0.45483	75.87	3.83	-5.58
101	20	10	10	0	0.54099	0.5677	0.51309	80.05	-1.62	-5.1
100	20	0	10	0	0.59277	0.64472	0.57317	84.21	-6.8	-4.34
27	20	100	0	0	0.23143	0.12258	0.14656	41.62	62.35	-13.07
26	20	85	0	0	0.26649	0.16825	0.19893	48.04	49.66	-14.06
25	20	70	0	0	0.30916	0.22543	0.26007	54.6	37.92	-14.38
24	20	55	0	0	0.36064	0.29585	0.33073	61.29	27.09	-14.19
23	20	40	0	0	0.41987	0.37964	0.4116	67.99	16.94	-13.79
22	20	30	0	0	0.46487	0.44395	0.47126	72.49	10.63	-13.36
21	20	20	0	0	0.51255	0.51308	0.53493	76.86	4.75	-12.98
20	20	10	0	0	0.56333	0.58653	0.60438	81.1	-0.55	-12.86
19	20	0	0	0	0.61843	0.66627	0.67898	85.32	-5.51	-12.73
747	20	100	0	20	0.14463	0.07873	0.09642	33.72	51.36	-12.06
746	20	70	0	20	0.19474	0.14516	0.16757	44.96	30.58	-12.44
745	20	40	0	20	0.26745	0.24495	0.26437	56.58	13.24	-11.71
744	20	20	0	20	0.32635	0.32855	0.34102	64.04	3.44	-10.97
743	20	10	0	20	0.35945	0.37539	0.3834	67.68	-0.83	-10.63
742	20	0	0	20	0.39532	0.42604	0.42881	71.29	-4.78	-10.3
198	30	100	20	0	0.18921	0.10283	0.10648	38.34	56.31	-7.37
197	30	85	20	0	0.21554	0.13986	0.14195	44.21	43.91	-7.42
196	30	70	20	0	0.24917	0.18754	0.18388	50.4	32.28	-6.77
195	30	55	20	0	0.28926	0.24602	0.23222	56.69	21.41	-5.74
194	30	40	20	0	0.33627	0.31692	0.28709	63.09	11.05	-4.3
193	30	30	20	0	0.3714	0.37065	0.32751	67.33	4.63	-3.31
192	30	20	20	0	0.40842	0.42744	0.37096	71.38	-1.14	-2.55
191	30	10	20	0	0.44805	0.48881	0.41572	75.38	-6.59	-1.59
190	30	0	20	0	0.49065	0.55495	0.46356	79.33	-11.71	-0.67
117	30	100	10	0	0.19153	0.10384	0.12463	38.52	56.72	-12.5
116	30	85	10	0	0.22033	0.143	0.16671	44.66	44.21	-12.77
115	30	70	10	0	0.25604	0.19251	0.21659	50.98	32.67	-12.57
114	30	55	10	0	0.29887	0.25354	0.27426	57.42	21.92	-11.95
113	30	40	10	0	0.349	0.32718	0.34031	63.93	11.79	-11.05
112	30	30	10	0	0.38608	0.38268	0.3884	68.22	5.52	-10.37
111	30	20	10	0	0.42536	0.44148	0.44102	72.33	-0.1	-10.01
110	30	10	10	0	0.46746	0.5049	0.49711	76.37	-5.35	-9.66
109	30	0	10	0	0.51239	0.57299	0.55453	80.35	-10.3	-9.06
36	30	100	0	0	0.1939	0.10493	0.14493	38.71	57.1	-17.67
35	30	85	0	0	0.22466	0.14559	0.19453	45.02	44.63	-18.33
34	30	70	0	0	0.26365	0.19799	0.25332	51.61	33.11	-18.35
33	30	55	0	0	0.30952	0.26185	0.32128	58.21	22.48	-18.09
32	30	40	0	0	0.36261	0.33821	0.39929	64.82	12.54	-17.67
31	30	30	0	0	0.40225	0.39577	0.45657	69.17	6.5	-17.35
30	30	20	0	0	0.44393	0.45661	0.51869	73.32	1.06	-17.31
29	30	10	0	0	0.48854	0.52214	0.5853	77.41	-4.02	-17.31
28	30	0	0	0	0.53692	0.59309	0.65672	81.46	-8.74	-17.3
753	40	100	0	20	0.10367	0.05908	0.09398	29.18	43.02	-19.05
752	40	70	0	20	0.14441	0.1143	0.1601	40.3	22.88	-18.72
751	40	40	0	20	0.20077	0.19536	0.24892	51.31	6.23	-18.08
750	40	20	0	20	0.24698	0.26245	0.31984	58.27	-2.59	-17.77
749	40	10	0	20	0.27254	0.29977	0.35871	61.63	-6.49	-17.65
748	40	0	0	20	0.30006	0.33979	0.40027	64.95	-10.07	-17.58
207	40	100	20	0	0.15576	0.08708	0.10526	35.42	50.69	-12.03
206	40	85	20	0	0.17897	0.12029	0.13932	41.26	38.39	-11.81
205	40	70	20	0	0.20857	0.16317	0.17974	47.39	26.92	-11.04
204	40	55	20	0	0.2444	0.2165	0.22644	53.65	16.2	-9.87
203	40	40	20	0	0.28542	0.27994	0.27936	59.88	6.14	-8.56
202	40	30	20	0	0.31585	0.32732	0.31834	63.94	0.09	-7.76
201	40	20	20	0	0.34792	0.37779	0.36019	67.86	-5.49	-7.13
200	40	10	20	0	0.38192	0.43188	0.40304	71.68	-10.74	-6.33
199	40	0	20	0	0.41854	0.49014	0.449	75.46	-15.65	-5.59
126	40	100	10	0	0.15786	0.08788	0.12304	35.57	51.23	-17.13
125	40	85	10	0	0.18395	0.12345	0.16373	41.76	38.87	-17.06
124	40	70	10	0	0.21553	0.16808	0.21191	48.02	27.51	-16.75
123	40	55	10	0	0.2536	0.22354	0.26746	54.4	16.9	-16
122	40	40	10	0	0.29739	0.28931	0.33104	60.72	7.13	-15.23
121	40	30	10	0	0.32965	0.33825	0.37754	64.82	1.24	-14.76
120	40	20	10	0	0.36387	0.39056	0.42817	68.79	-4.16	-14.52
119	40	10	10	0	0.4005	0.44689	0.48193	72.69	-9.21	-14.27
118	40	0	10	0	0.43928	0.50694	0.537	76.49	-13.95	-13.84
45	40	100	0	0	0.16	0.08875	0.14289	35.74	51.74	-22.27
44	40	85	0	0	0.18808	0.1258	0.19094	42.12	39.44	-22.57
43	40	70	0	0	0.22296	0.17328	0.2477	48.67	28.14	-22.41
42	40	55	0	0	0.26368	0.23127	0.31325	55.2	17.63	-22.05
41	40	40	0	0	0.31015	0.29949	0.38828	61.61	8.06	-21.75
40	40	30	0	0	0.34487	0.35025	0.44377	65.77	2.47	-21.66
39	40	20	0	0	0.38119	0.4043	0.50338	69.77	-2.75	-21.73
38	40	10	0	0	0.42021	0.46261	0.56728	73.71	-7.62	-21.83
37	40	0	0	0	0.46242	0.52552	0.63569	77.61	-12.12	-21.94
759	70	100	0	20	0.05893	0.03733	0.09107	22.77	29.84	-29.09
758	70	70	0	20	0.08533	0.07698	0.15019	33.35	10.11	-28.26
757	70	40	0	20	0.12105	0.13254	0.22832	43.14	-4.57	-28.35
756	70	20	0	20	0.15063	0.17878	0.29053	49.35	-12.38	-28.56
755	70	10	0	20	0.16649	0.20372	0.32392	52.26	-15.78	-28.76
754	70	0	0	20	0.1834	0.23003	0.35941	55.08	-18.81	-29.06
216	55	100	20	0	0.1132	0.06688	0.10353	31.09	41.87	-18.94
215	55	85	20	0	0.13303	0.09557	0.13623	37.04	29.76	-18.27
214	55	70	20	0	0.15725	0.13232	0.17472	43.11	18.39	-17.29
213	55	55	20	0	0.18604	0.17731	0.21891	49.17	8.03	-16.15
212	55	40	20	0	0.21856	0.22955	0.26924	55.03	-1.29	-15.23
211	55	30	20	0	0.24287	0.26907	0.306	58.89	-7.03	-14.57
210	55	20	20	0	0.26847	0.31111	0.3453	62.6	-12.3	-14.07
209	55	10	20	0	0.29518	0.3556	0.38551	66.18	-17.25	-13.49
208	55	0	20	0	0.32425	0.40365	0.42884	69.73	-21.82	-12.99
135	55	100	10	0	0.11506	0.06744	0.12086	31.22	42.64	-24.02
134	55	85	10	0	0.13768	0.09836	0.16003	37.55	30.54	-23.44
133	55	70	10	0	0.16361	0.13663	0.20579	43.75	19.28	-22.88
132	55	55	10	0	0.19437	0.18352	0.25852	49.92	9.03	-22.18
131	55	40	10	0	0.22929	0.23765	0.31885	55.85	0.07	-21.79
130	55	30	10	0	0.25526	0.27853	0.36279	59.76	-5.49	-21.46
129	55	20	10	0	0.28264	0.32208	0.4102	63.51	-10.59	-21.34
128	55	10	10	0	0.31188	0.36873	0.46085	67.18	-15.32	-21.28
127	55	0	10	0	0.34284	0.41828	0.51273	70.75	-19.71	-21.09
54	55	100	0	0	0.11836	0.06876	0.14044	31.52	43.65	-28.9
53	55	85	0	0	0.14284	0.10109	0.18658	38.04	31.64	-28.67
52	55	70	0	0	0.17093	0.14147	0.24035	44.44	20.35	-28.36
51	55	55	0	0	0.20374	0.19029	0.30244	50.72	10.22	-28.09
50	55	40	0	0	0.24107	0.24651	0.37367	56.73	1.48	-28.18
49	55	30	0	0	0.26916	0.28889	0.42586	60.68	-3.76	-28.21
48	55	20	0	0	0.29852	0.33394	0.48184	64.48	-8.64	-28.41
47	55	10	0	0	0.32983	0.38225	0.54194	68.19	-13.19	-28.7
46	55	0	0	0	0.36366	0.43424	0.60629	71.84	-17.37	-29.02
765	100	100	0	20	0.02935	0.02222	0.08893	16.61	15.54	-38.95
764	100	70	0	20	0.04247	0.04627	0.14035	25.65	-2.92	-39.01
763	100	40	0	20	0.06296	0.08301	0.20958	34.6	-16.77	-39.41
762	100	20	0	20	0.07912	0.11232	0.26255	39.97	-23.97	-40.04
761	100	10	0	20	0.08745	0.12762	0.28992	42.4	-27.09	-40.43
760	100	0	0	20	0.09613	0.14328	0.31879	44.7	-29.79	-41.01
225	70	100	20	0	0.08048	0.05119	0.10213	27.07	32.86	-25.41
224	70	85	20	0	0.09627	0.07548	0.1333	33.02	20.65	-24.4
223	70	70	20	0	0.11573	0.10647	0.17046	38.98	9.65	-23.44
222	70	55	20	0	0.13716	0.14248	0.21154	44.59	-0.14	-22.59
221	70	40	20	0	0.16288	0.18592	0.25905	50.21	-8.98	-21.78
220	70	30	20	0	0.18183	0.21846	0.29345	53.86	-14.41	-21.24
219	70	20	20	0	0.20175	0.25303	0.33055	57.37	-19.41	-20.93
218	70	10	20	0	0.2228	0.28973	0.36898	60.76	-24.04	-20.59
217	70	0	20	0	0.24529	0.32876	0.40963	64.06	-28.27	-20.32
144	70	100	10	0	0.08377	0.05243	0.11935	27.41	34.32	-30.13
143	70	85	10	0	0.1009	0.07804	0.15635	33.57	21.95	-29.4
142	70	70	10	0	0.12175	0.11032	0.20042	39.63	11.04	-28.86
141	70	55	10	0	0.14474	0.14777	0.24952	45.33	1.39	-28.5
140	70	40	10	0	0.17269	0.19285	0.30661	51.02	-7.03	-28.23
139	70	30	10	0	0.19306	0.22638	0.34741	54.7	-12.22	-28
138	70	20	10	0	0.21467	0.2624	0.39248	58.26	-17.06	-28.07
137	70	10	10	0	0.23746	0.30054	0.44001	61.7	-21.51	-28.21
136	70	0	10	0	0.26165	0.3409	0.4889	65.03	-25.58	-28.26
63	70	100	0	0	0.08755	0.05393	0.13889	27.83	35.83	-34.86
62	70	85	0	0	0.10601	0.08066	0.18233	34.12	23.49	-34.49
61	70	70	0	0	0.12851	0.11462	0.23362	40.35	12.53	-34.17
60	70	55	0	0	0.15314	0.15359	0.29185	46.12	3.01	-34.33
59	70	40	0	0	0.18314	0.20036	0.35905	51.88	-5.16	-34.52
58	70	30	0	0	0.20549	0.23529	0.40796	55.61	-10.02	-34.67
57	70	20	0	0	0.22871	0.27247	0.46075	59.2	-14.64	-35.03
56	70	10	0	0	0.2534	0.31214	0.51734	62.69	-18.9	-35.5
55	70	0	0	0	0.27997	0.35447	0.578	66.1	-22.77	-36.07
771	0	100	10	20	0.19192	0.10111	0.0863	38.04	59	-1.06
770	0	70	10	20	0.2504	0.17792	0.1529	49.24	37.78	-1.53
769	0	40	10	20	0.33458	0.29281	0.24338	61.03	19.33	-0.32
768	0	20	10	20	0.40417	0.39098	0.31461	68.82	8.58	1.22
767	0	10	10	20	0.44241	0.44562	0.35287	72.6	3.74	2.09
766	0	0	10	20	0.48643	0.50741	0.39485	76.52	-0.77	3.09
234	85	100	20	0	0.05529	0.03872	0.1009	23.24	23.65	-31.6
233	85	85	20	0	0.06712	0.05859	0.13062	29.05	11.48	-30.51
232	85	70	20	0	0.08033	0.08245	0.16457	34.49	0.75	-29.8
231	85	55	20	0	0.097	0.11235	0.20392	39.97	-8.72	-29
230	85	40	20	0	0.11645	0.14769	0.24868	45.32	-17.14	-28.37
229	85	30	20	0	0.13097	0.17446	0.28152	48.82	-22.36	-27.99
228	85	20	20	0	0.14603	0.20258	0.31676	52.13	-27.14	-27.89
227	85	10	20	0	0.16194	0.23234	0.35307	55.31	-31.52	-27.75
226	85	0	20	0	0.17964	0.26473	0.39266	58.48	-35.48	-27.72
153	85	100	10	0	0.05848	0.03992	0.11791	23.65	25.56	-36.2
152	85	85	10	0	0.07122	0.06075	0.15314	29.6	13.23	-35.45
151	85	70	10	0	0.08546	0.08559	0.19355	35.12	2.58	-35.2
150	85	55	10	0	0.10364	0.11673	0.24056	40.69	-6.63	-34.87
149	85	40	10	0	0.12492	0.15339	0.29422	46.09	-14.65	-34.76
148	85	30	10	0	0.14073	0.18107	0.33335	49.63	-19.62	-34.7
147	85	20	10	0	0.15706	0.21018	0.37567	52.97	-24.22	-34.94
146	85	10	10	0	0.17452	0.24131	0.42083	56.22	-28.46	-35.27
145	85	0	10	0	0.19369	0.27474	0.46814	59.41	-32.22	-35.55
72	85	100	0	0	0.06268	0.04168	0.1367	24.22	27.68	-40.5
71	85	85	0	0	0.07655	0.0635	0.17813	30.28	15.42	-40.18
70	85	70	0	0	0.09162	0.0892	0.22611	35.83	4.76	-40.54
69	85	55	0	0	0.11152	0.12158	0.28166	41.47	-4.09	-40.69
68	85	40	0	0	0.13478	0.15975	0.34509	46.94	-11.81	-41.04
67	85	30	0	0	0.15218	0.18811	0.39141	50.47	-16.28	-41.38
66	85	20	0	0	0.17001	0.21813	0.44124	53.83	-20.61	-41.94
65	85	10	0	0	0.18902	0.25032	0.4946	57.11	-24.66	-42.58
64	85	0	0	0	0.20988	0.28541	0.5517	60.37	-28.43	-43.2
777	10	100	10	20	0.16622	0.08887	0.08478	35.77	55.14	-4.42
776	10	70	10	20	0.21834	0.15854	0.1483	46.78	34.15	-4.62
775	10	40	10	20	0.2944	0.26344	0.23446	58.36	16.16	-3.27
774	10	20	10	20	0.35681	0.35268	0.30212	65.96	5.71	-1.77
773	10	10	10	20	0.39083	0.40191	0.33852	69.61	1.04	-1.01
772	10	0	10	20	0.42859	0.45611	0.37867	73.29	-3.3	-0.31
243	100	100	20	0	0.03607	0.02848	0.09894	19.43	14.52	-37.54
242	100	85	20	0	0.04306	0.04301	0.12622	24.64	2.2	-36.88
241	100	70	20	0	0.05294	0.06236	0.15848	30	-8.24	-36.08
240	100	55	20	0	0.06518	0.0866	0.19584	35.32	-17.53	-35.34
239	100	40	20	0	0.07946	0.11517	0.23828	40.44	-25.69	-34.88
238	100	30	20	0	0.08996	0.13663	0.26921	43.75	-30.75	-34.67
237	100	20	20	0	0.10125	0.15988	0.30272	46.96	-35.48	-34.62
236	100	10	20	0	0.11338	0.18435	0.338	50.02	-39.61	-34.7
235	100	0	20	0	0.12629	0.21011	0.37567	52.96	-43.33	-34.96
162	100	100	10	0	0.03932	0.02982	0.11533	19.97	17.05	-41.77
161	100	85	10	0	0.04663	0.04476	0.14832	25.19	4.64	-41.86
160	100	70	10	0	0.05759	0.06499	0.18691	30.64	-5.57	-41.51
159	100	55	10	0	0.07115	0.09021	0.23142	36.02	-14.53	-41.22
158	100	40	10	0	0.08703	0.11961	0.28232	41.15	-22.07	-41.34
157	100	30	10	0	0.0986	0.14172	0.31913	44.48	-26.87	-41.44
156	100	20	10	0	0.111	0.16577	0.35924	47.72	-31.43	-41.71
155	100	10	10	0	0.12422	0.19139	0.40193	50.85	-35.61	-42.1
154	100	0	10	0	0.13834	0.21789	0.44676	53.8	-39.12	-42.65
81	100	100	0	0	0.04299	0.0313	0.13381	20.56	19.71	-46.03
80	100	85	0	0	0.05112	0.04701	0.17276	25.86	7.38	-46.58
79	100	70	0	0	0.0628	0.06793	0.21852	31.33	-2.84	-46.83
78	100	55	0	0	0.07791	0.09423	0.27127	36.79	-11.37	-47.02
77	100	40	0	0	0.09543	0.12488	0.33135	41.98	-18.64	-47.58
76	100	30	0	0	0.10838	0.14752	0.37505	45.29	-22.89	-48.09
75	100	20	0	0	0.12206	0.17232	0.42223	48.55	-27.18	-48.67
74	100	10	0	0	0.13662	0.19883	0.47273	51.7	-31.17	-49.37
73	100	0	0	0	0.15211	0.22668	0.52658	54.73	-34.7	-50.24
783	20	100	10	20	0.1426	0.07769	0.08362	33.5	51.07	-7.9
782	20	70	10	20	0.18905	0.14085	0.14429	44.35	30.32	-7.78
781	20	40	10	20	0.25709	0.23618	0.22657	55.7	12.75	-6.36
780	20	20	10	20	0.31265	0.31685	0.29127	63.08	2.63	-5
779	20	10	10	20	0.34373	0.36187	0.32697	66.66	-1.78	-4.38
778	20	0	10	20	0.37724	0.41059	0.36544	70.22	-5.93	-3.8
414	0	100	55	0	0.30234	0.15621	0.05571	46.47	70.41	26.28
413	0	85	55	0	0.3306	0.1984	0.07595	51.66	58.34	26.35
412	0	70	55	0	0.36846	0.25345	0.09976	57.41	46.41	27.68
411	0	55	55	0	0.41578	0.32263	0.12673	63.56	34.82	30.07
410	0	40	55	0	0.4766	0.41161	0.15548	70.29	23.4	34.12
409	0	30	55	0	0.52299	0.48047	0.17667	74.85	16.15	37
408	0	20	55	0	0.57588	0.55855	0.19955	79.53	9.3	40.11
407	0	10	55	0	0.63413	0.6453	0.22405	84.24	2.74	43.32
406	0	0	55	0	0.69726	0.74051	0.2499	88.95	-3.57	46.64
333	0	100	40	0	0.30609	0.15795	0.0763	46.7	70.8	17.67
332	0	85	40	0	0.33704	0.20313	0.10344	52.19	58.3	17.47
331	0	70	40	0	0.37791	0.26082	0.13598	58.11	46.45	18.13
330	0	55	40	0	0.42826	0.33301	0.17401	64.4	34.92	19.59
329	0	40	40	0	0.48953	0.42277	0.21574	71.06	23.61	22.22
328	0	30	40	0	0.53811	0.49371	0.24576	75.68	16.48	24.51
327	0	20	40	0	0.59226	0.57293	0.27758	80.34	9.75	27.02
326	0	10	40	0	0.65251	0.66141	0.31202	85.07	3.34	29.63
325	0	0	40	0	0.71885	0.75934	0.34925	89.83	-2.78	32.3
252	0	100	30	0	0.30916	0.15953	0.09349	46.91	71.04	11.7
251	0	85	30	0	0.34209	0.20653	0.12646	52.57	58.41	11.19
250	0	70	30	0	0.38543	0.26677	0.16601	58.67	46.45	11.56
249	0	55	30	0	0.43833	0.34125	0.21159	65.06	35.05	12.7
248	0	40	30	0	0.5022	0.43351	0.26342	71.79	23.87	14.68
247	0	30	30	0	0.55034	0.50417	0.30074	76.32	16.8	16.32
246	0	20	30	0	0.60693	0.58553	0.34043	81.05	10.21	18.44
245	0	10	30	0	0.66849	0.67509	0.38264	85.76	3.91	20.65
244	0	0	30	0	0.7361	0.77395	0.42794	90.5	-2.09	22.94
789	40	100	10	20	0.10161	0.05809	0.08158	28.92	42.53	-15.02
788	40	70	10	20	0.13903	0.11034	0.13794	39.64	22.37	-14.25
787	40	40	10	20	0.19204	0.18823	0.21352	50.48	5.44	-12.82
786	40	20	10	20	0.23553	0.25323	0.27368	57.39	-3.78	-11.91
785	40	10	10	20	0.25945	0.2892	0.3065	60.71	-7.85	-11.5
784	40	0	10	20	0.28478	0.3273	0.34146	63.94	-11.6	-11.21
423	10	100	55	0	0.25768	0.13537	0.05554	43.56	65.33	21.34
422	10	85	55	0	0.28309	0.17372	0.07513	48.72	53.33	21.62
421	10	70	55	0	0.31697	0.22378	0.09769	54.43	41.52	23.22
420	10	55	55	0	0.35913	0.28676	0.12322	60.49	30.03	25.78
419	10	40	55	0	0.41301	0.36739	0.15078	67.08	18.8	29.75
418	10	30	55	0	0.45398	0.42995	0.17103	71.55	11.6	32.59
417	10	20	55	0	0.5009	0.50077	0.19294	76.12	4.88	35.61
416	10	10	55	0	0.55197	0.57863	0.21626	80.66	-1.49	38.67
415	10	0	55	0	0.60227	0.65801	0.24052	84.89	-7.48	41.35
342	10	100	40	0	0.26169	0.13724	0.07618	43.83	65.81	12.77
341	10	85	40	0	0.28976	0.17846	0.10236	49.31	53.4	12.86
340	10	70	40	0	0.32649	0.23111	0.13321	55.19	41.66	13.84
339	10	55	40	0	0.37146	0.29683	0.16891	61.38	30.28	15.55
338	10	40	40	0	0.42587	0.37816	0.20876	67.89	19.2	18.14
337	10	30	40	0	0.46912	0.44289	0.23759	72.42	12.13	20.39
336	10	20	40	0	0.51706	0.51458	0.26796	76.96	5.55	22.8
335	10	10	40	0	0.56978	0.59367	0.3005	81.49	-0.65	25.27
334	10	0	40	0	0.62313	0.67555	0.33558	85.78	-6.44	27.31
261	10	100	30	0	0.26435	0.13846	0.09234	44.01	66.15	7.09
260	10	85	30	0	0.29425	0.18131	0.12427	49.66	53.63	6.79
259	10	70	30	0	0.33317	0.23611	0.16197	55.7	41.83	7.38
258	10	55	30	0	0.38095	0.30442	0.20537	62.03	30.54	8.74
257	10	40	30	0	0.43777	0.38807	0.25498	68.61	19.59	10.67
256	10	30	30	0	0.48099	0.45262	0.29075	73.06	12.65	12.3
255	10	20	30	0	0.53127	0.52637	0.32861	77.66	6.2	14.34
254	10	10	30	0	0.58556	0.60682	0.36884	82.21	0.11	16.41
253	10	0	30	0	0.6397	0.68924	0.41176	86.47	-5.58	18.03
795	70	100	10	20	0.05649	0.03627	0.07919	22.4	28.69	-25.36
794	70	70	10	20	0.08111	0.07424	0.13001	32.75	8.94	-23.96
793	70	40	10	20	0.11423	0.12763	0.19661	42.4	-6.17	-23.29
792	70	20	10	20	0.14165	0.17227	0.24928	48.54	-14.38	-22.91
791	70	10	10	20	0.15632	0.1963	0.27743	51.42	-17.95	-22.83
790	70	0	10	20	0.17224	0.22183	0.30806	54.22	-21.08	-22.94
432	20	100	55	0	0.21729	0.11651	0.05567	40.66	60.06	16.27
431	20	85	55	0	0.24024	0.15144	0.0741	45.83	48.11	17.04
430	20	70	55	0	0.2703	0.19683	0.09564	51.48	36.39	18.83
429	20	55	55	0	0.30765	0.25397	0.11999	57.46	25.02	21.49
428	20	40	55	0	0.35486	0.3269	0.14633	63.91	13.88	25.41
427	20	30	55	0	0.39088	0.3834	0.16568	68.27	6.82	28.18
426	20	20	55	0	0.43158	0.4466	0.18666	72.67	0.28	31.02
425	20	10	55	0	0.47212	0.51146	0.20865	76.77	-5.77	33.48
424	20	0	55	0	0.51598	0.58222	0.23179	80.86	-11.58	36.02
351	20	100	40	0	0.22107	0.11812	0.0755	40.92	60.7	8.01
350	20	85	40	0	0.24645	0.1556	0.10045	46.39	48.38	8.45
349	20	70	40	0	0.27922	0.20344	0.13001	52.22	36.73	9.61
348	20	55	40	0	0.31937	0.26331	0.16433	58.35	25.47	11.4
347	20	40	40	0	0.36759	0.33715	0.20245	64.74	14.55	14
346	20	30	40	0	0.40534	0.39527	0.22979	69.13	7.61	16.17
345	20	20	40	0	0.44699	0.45915	0.25886	73.49	1.24	18.4
344	20	10	40	0	0.48909	0.5253	0.28999	77.6	-4.68	20.24
343	20	0	40	0	0.53572	0.59826	0.32342	81.74	-10.26	22.16
270	20	100	30	0	0.22382	0.11928	0.09109	41.1	61.16	2.51
269	20	85	30	0	0.25088	0.15823	0.12163	46.74	48.76	2.53
268	20	70	30	0	0.28599	0.20833	0.15809	52.77	37.04	3.27
267	20	55	30	0	0.32851	0.27037	0.19958	59.01	25.9	4.72
266	20	40	30	0	0.37907	0.34641	0.24702	65.47	15.13	6.67
265	20	30	30	0	0.41707	0.4045	0.28094	69.79	8.35	8.26
264	20	20	30	0	0.46062	0.47	0.31712	74.19	2.11	10.09
263	20	10	30	0	0.50394	0.53709	0.35544	78.29	-3.68	11.53
262	20	0	30	0	0.55157	0.61077	0.39654	82.42	-9.16	13.04
801	100	100	10	20	0.02739	0.02143	0.07735	16.22	13.68	-35.3
800	100	70	10	20	0.03924	0.0445	0.12118	25.11	-5.19	-34.65
799	100	40	10	20	0.05784	0.07983	0.18057	33.95	-19.56	-34.4
798	100	20	10	20	0.07225	0.10788	0.22485	39.22	-27.23	-34.45
797	100	10	10	20	0.07981	0.1227	0.24811	41.64	-30.55	-34.6
796	100	0	10	20	0.08833	0.13859	0.27464	44.03	-33.35	-35.1
441	30	100	55	0	0.18051	0.09929	0.05568	37.71	54.5	11.19
440	30	85	55	0	0.20086	0.13079	0.07319	42.88	42.6	12.33
439	30	70	55	0	0.22761	0.1721	0.09372	48.52	30.89	14.39
438	30	55	55	0	0.26036	0.22375	0.11711	54.42	19.63	17.1
437	30	40	55	0	0.30159	0.28962	0.14244	60.75	8.59	20.97
436	30	30	55	0	0.33259	0.33979	0.16102	64.95	1.75	23.56
435	30	20	55	0	0.36525	0.39303	0.18096	68.97	-4.47	25.9
434	30	10	55	0	0.40037	0.45074	0.20211	72.94	-10.35	28.21
433	30	0	55	0	0.43765	0.51279	0.22445	76.85	-15.95	30.5
360	30	100	40	0	0.18416	0.10073	0.07484	37.97	55.31	3.2
359	30	85	40	0	0.20696	0.13466	0.09896	43.46	43.09	3.88
358	30	70	40	0	0.23621	0.17832	0.12734	49.29	31.43	5.3
357	30	55	40	0	0.27165	0.23247	0.16016	55.33	20.34	7.18
356	30	40	40	0	0.31412	0.29926	0.19673	61.59	9.6	9.76
355	30	30	40	0	0.34696	0.35118	0.22328	65.84	2.87	11.75
354	30	20	40	0	0.38025	0.40482	0.25096	69.81	-3.21	13.46
353	30	10	40	0	0.41688	0.46376	0.281	73.79	-8.95	15.15
352	30	0	40	0	0.45616	0.52724	0.31309	77.71	-14.33	16.78
279	30	100	30	0	0.18702	0.10191	0.09015	38.18	55.88	-2.19
278	30	85	30	0	0.21139	0.13727	0.11983	43.84	43.56	-1.95
277	30	70	30	0	0.24267	0.18283	0.1546	49.84	31.9	-0.93
276	30	55	30	0	0.28051	0.23925	0.19462	56.01	20.9	0.59
275	30	40	30	0	0.32502	0.30795	0.24012	62.33	10.33	2.53
274	30	30	30	0	0.35812	0.35983	0.27287	66.51	3.77	3.95
273	30	20	30	0	0.39321	0.41511	0.30757	70.53	-2.2	5.26
272	30	10	30	0	0.43065	0.4745	0.34421	74.48	-7.79	6.56
271	30	0	30	0	0.47106	0.5388	0.38359	78.39	-13.07	7.82
807	0	100	20	20	0.18998	0.10028	0.07438	37.89	58.66	3.24
806	0	70	20	20	0.24387	0.17304	0.1304	48.64	37.58	3.32
805	0	40	20	20	0.32336	0.28341	0.20664	60.2	18.95	5.31
804	0	20	20	20	0.38932	0.37827	0.26626	67.89	7.95	7.47
803	0	10	20	20	0.42816	0.43352	0.29927	71.79	3.04	8.74
802	0	0	20	20	0.47016	0.49359	0.33463	75.67	-1.61	10.02
450	40	100	55	0	0.1473	0.08364	0.0554	34.73	48.62	6.18
449	40	85	55	0	0.16524	0.11206	0.07221	39.93	36.67	7.63
448	40	70	55	0	0.18854	0.14917	0.09193	45.52	25.04	9.83
447	40	55	55	0	0.21754	0.19614	0.11446	51.4	13.88	12.67
446	40	40	55	0	0.2528	0.25462	0.13885	57.52	3.11	16.35
445	40	30	55	0	0.27835	0.29778	0.15696	61.46	-3.44	18.54
444	40	20	55	0	0.3062	0.34477	0.17612	65.34	-9.47	20.72
443	40	10	55	0	0.33571	0.39524	0.1967	69.13	-15.19	22.77
442	40	0	55	0	0.36684	0.4491	0.2184	72.83	-20.6	24.75
369	40	100	40	0	0.15088	0.08502	0.07428	35.01	49.57	-1.69
368	40	85	40	0	0.17097	0.11559	0.09738	40.51	37.34	-0.68
367	40	70	40	0	0.19661	0.15489	0.12467	46.3	25.77	0.89
366	40	55	40	0	0.2281	0.20419	0.15634	52.31	14.8	2.9
365	40	40	40	0	0.26465	0.26366	0.19165	58.38	4.32	5.31
364	40	30	40	0	0.29173	0.30822	0.21724	62.36	-2.08	6.92
363	40	20	40	0	0.32037	0.35576	0.24409	66.19	-7.98	8.46
362	40	10	40	0	0.35104	0.40703	0.27297	69.97	-13.53	9.9
361	40	0	40	0	0.38383	0.46204	0.30435	73.68	-18.73	11.19
288	40	100	30	0	0.15341	0.08614	0.08913	35.23	50.12	-6.92
287	40	85	30	0	0.17491	0.11785	0.11754	40.87	37.9	-6.39
286	40	70	30	0	0.20245	0.1589	0.15124	46.83	26.36	-5.28
285	40	55	30	0	0.23613	0.21022	0.18983	52.97	15.52	-3.63
284	40	40	30	0	0.27479	0.2716	0.23359	59.12	5.24	-1.8
283	40	30	30	0	0.30348	0.31743	0.26545	63.13	-0.97	-0.61
282	40	20	30	0	0.33363	0.36627	0.29857	67	-6.72	0.58
281	40	10	30	0	0.36583	0.41884	0.33374	70.79	-12.13	1.74
280	40	0	30	0	0.40048	0.4755	0.37159	74.54	-17.21	2.81
813	10	100	20	20	0.16429	0.08805	0.07311	35.61	54.75	-0.18
812	10	70	20	20	0.21256	0.15427	0.12677	46.21	33.88	0.15
811	10	40	20	20	0.28398	0.25483	0.19922	57.54	15.67	2.27
810	10	20	20	20	0.34319	0.34111	0.25595	65.05	4.98	4.36
809	10	10	20	20	0.37764	0.39095	0.28733	68.82	0.22	5.54
808	10	0	20	20	0.4134	0.44342	0.32096	72.46	-4.25	6.52
459	55	100	55	0	0.10523	0.06387	0.05502	30.37	39.08	-1.16
458	55	85	55	0	0.11998	0.08824	0.07094	35.64	27.02	0.77
457	55	70	55	0	0.13903	0.12006	0.08963	41.23	15.53	3.24
456	55	55	55	0	0.16205	0.15984	0.11101	46.95	4.58	6.06
455	55	40	55	0	0.18861	0.20704	0.13456	52.62	-5.55	9.05
454	55	30	55	0	0.20827	0.24258	0.15192	56.35	-11.83	10.96
453	55	20	55	0	0.22894	0.28039	0.17044	59.92	-17.64	12.68
452	55	10	55	0	0.25108	0.32111	0.19019	63.43	-23.1	14.33
451	55	0	55	0	0.27474	0.36496	0.21072	66.9	-28.3	16.04
378	55	100	40	0	0.10862	0.06512	0.07322	30.67	40.32	-8.74
377	55	85	40	0	0.12516	0.0911	0.09526	36.2	28.19	-7.39
376	55	70	40	0	0.14619	0.12479	0.12122	41.97	16.75	-5.58
375	55	55	40	0	0.17124	0.16648	0.15117	47.81	5.99	-3.56
374	55	40	40	0	0.19996	0.21551	0.18485	53.55	-3.82	-1.55
373	55	30	40	0	0.22116	0.25249	0.20905	57.32	-9.96	-0.14
372	55	20	40	0	0.24333	0.29166	0.23431	60.93	-15.62	1.18
371	55	10	40	0	0.26719	0.33383	0.26147	64.47	-20.88	2.39
370	55	0	40	0	0.29296	0.37931	0.29088	67.97	-25.8	3.5
297	55	100	30	0	0.11111	0.06617	0.08781	30.92	41.08	-13.88
296	55	85	30	0	0.12892	0.09321	0.11491	36.59	28.97	-12.98
295	55	70	30	0	0.15157	0.12844	0.14696	42.53	17.57	-11.61
294	55	55	30	0	0.17847	0.17177	0.18347	48.48	7.01	-9.98
293	55	40	30	0	0.20902	0.22242	0.22523	54.28	-2.59	-8.56
292	55	30	30	0	0.2317	0.26056	0.25534	58.09	-8.5	-7.53
291	55	20	30	0	0.25528	0.30092	0.28652	61.73	-14	-6.55
290	55	10	30	0	0.2804	0.34411	0.31956	65.29	-19.12	-5.63
289	55	0	30	0	0.3077	0.39081	0.35518	68.81	-23.88	-4.78
819	20	100	20	20	0.1408	0.07682	0.0721	33.31	50.74	-3.73
818	20	70	20	20	0.18355	0.13665	0.12308	43.75	30.09	-3.05
817	20	40	20	20	0.24754	0.2282	0.19215	54.89	12.23	-0.82
816	20	20	20	20	0.29986	0.30585	0.24602	62.16	1.88	1.14
815	20	10	20	20	0.32922	0.34951	0.2763	65.71	-2.73	2
814	20	0	20	20	0.36092	0.39659	0.30854	69.23	-7.01	2.86
468	70	100	55	0	0.07255	0.04818	0.05425	26.21	29.15	-7.94
467	70	85	55	0	0.08442	0.06884	0.06951	31.54	17.1	-5.7
466	70	70	55	0	0.09937	0.0956	0.08735	37.04	5.8	-3.16
465	70	55	55	0	0.11627	0.12777	0.10742	42.42	-4.81	-0.63
464	70	40	55	0	0.13624	0.1665	0.12969	47.82	-14.65	2.1
463	70	30	55	0	0.15093	0.19552	0.14597	51.33	-20.73	3.81
462	70	20	55	0	0.16665	0.22667	0.16349	54.73	-26.35	5.35
461	70	10	55	0	0.18349	0.26008	0.18194	58.04	-31.56	6.84
460	70	0	55	0	0.20139	0.29581	0.20116	61.29	-36.49	8.32
387	70	100	40	0	0.07569	0.04938	0.07223	26.56	30.65	-15.43
386	70	85	40	0	0.08907	0.0715	0.09342	32.15	18.5	-13.74
385	70	70	40	0	0.10571	0.09974	0.11822	37.8	7.42	-11.9
384	70	55	40	0	0.12418	0.13336	0.14631	43.26	-2.95	-10.18
383	70	40	40	0	0.14641	0.17396	0.17813	48.76	-12.37	-8.33
382	70	30	40	0	0.16242	0.20411	0.20081	52.3	-18.26	-7.11
381	70	20	40	0	0.17944	0.23628	0.22481	55.71	-23.65	-6.01
380	70	10	40	0	0.19786	0.27097	0.25062	59.06	-28.64	-5.01
379	70	0	40	0	0.21755	0.30807	0.27819	62.34	-33.3	-4.12
306	70	100	30	0	0.07804	0.05032	0.08667	26.83	31.69	-20.52
305	70	85	30	0	0.09244	0.07334	0.11255	32.56	19.54	-19.23
304	70	70	30	0	0.11052	0.10299	0.14319	38.37	8.51	-17.8
303	70	55	30	0	0.13049	0.13778	0.17747	43.91	-1.54	-16.53
302	70	40	30	0	0.15438	0.17982	0.21675	49.47	-10.72	-15.2
301	70	30	30	0	0.17196	0.21117	0.24483	53.08	-16.31	-14.29
300	70	20	30	0	0.19011	0.24428	0.27446	56.51	-21.55	-13.54
299	70	10	30	0	0.20968	0.27973	0.30589	59.86	-26.33	-12.87
298	70	0	30	0	0.23078	0.31784	0.33956	63.16	-30.79	-12.27
825	40	100	20	20	0.09974	0.05725	0.07043	28.71	42	-10.97
824	40	70	20	20	0.13401	0.10664	0.11785	39.01	21.88	-9.7
823	40	40	20	20	0.18405	0.18186	0.18145	49.72	4.6	-7.4
822	40	20	20	20	0.22479	0.2445	0.2317	56.54	-4.92	-5.9
821	40	10	20	20	0.24708	0.27903	0.25935	59.8	-9.14	-5.29
820	40	0	20	20	0.27084	0.31585	0.28867	63	-13.06	-4.72
477	85	100	55	0	0.04784	0.03598	0.05276	22.29	18.66	-13.95
476	85	85	55	0	0.05671	0.05297	0.06743	27.56	6.66	-11.67
475	85	70	55	0	0.06659	0.07397	0.08459	32.69	-4.75	-9.64
474	85	55	55	0	0.07891	0.10023	0.1037	37.88	-15.18	-7.27
473	85	40	55	0	0.09325	0.13152	0.12462	42.99	-24.77	-4.8
472	85	30	55	0	0.10419	0.15541	0.14	46.37	-30.67	-3.19
471	85	20	55	0	0.11575	0.18085	0.15647	49.6	-36.1	-1.8
470	85	10	55	0	0.12815	0.2081	0.17406	52.74	-41.13	-0.53
469	85	0	55	0	0.14176	0.23771	0.1926	55.86	-45.84	0.76
396	85	100	40	0	0.05051	0.03699	0.06999	22.65	20.49	-21.24
395	85	85	40	0	0.06059	0.05521	0.09042	28.17	8.39	-19.55
394	85	70	40	0	0.07171	0.07725	0.11416	33.4	-2.68	-18.26
393	85	55	40	0	0.0854	0.1047	0.14089	38.67	-12.79	-16.69
392	85	40	40	0	0.10184	0.13768	0.17087	43.9	-21.84	-15.05
391	85	30	40	0	0.11397	0.16264	0.19234	47.32	-27.54	-13.91
390	85	20	40	0	0.12667	0.1889	0.21499	50.56	-32.71	-12.98
389	85	10	40	0	0.1404	0.21713	0.23948	53.72	-37.48	-12.2
388	85	0	40	0	0.15545	0.24773	0.26601	56.85	-41.89	-11.52
315	85	100	30	0	0.05262	0.03777	0.085	22.92	21.89	-26.65
314	85	85	30	0	0.06358	0.05675	0.10993	28.58	9.85	-25.29
313	85	70	30	0	0.07578	0.0797	0.13841	33.92	-1	-24.23
312	85	55	30	0	0.09101	0.10841	0.17104	39.31	-10.75	-23
311	85	40	30	0	0.1089	0.14264	0.20817	44.61	-19.56	-21.87
310	85	30	30	0	0.12224	0.16844	0.23499	48.06	-24.96	-21.13
309	85	20	30	0	0.13593	0.19548	0.26299	51.32	-29.96	-20.54
308	85	10	30	0	0.15061	0.22426	0.29283	54.48	-34.5	-20.08
307	85	0	30	0	0.16701	0.25582	0.32547	57.64	-38.69	-19.71
831	70	100	20	20	0.05431	0.03537	0.06851	22.08	27.54	-21.6
830	70	70	20	20	0.07736	0.07182	0.11181	32.22	7.81	-19.59
829	70	40	20	20	0.10809	0.12328	0.16774	41.73	-7.76	-18.05
828	70	20	20	20	0.13356	0.1664	0.21186	47.8	-16.31	-17.11
827	70	10	20	20	0.14742	0.18984	0.23632	50.67	-20	-16.88
826	70	0	20	20	0.16215	0.21451	0.26191	53.44	-23.33	-16.7
486	100	100	55	0	0.0293	0.02599	0.0504	18.36	7.92	-19.52
485	100	85	55	0	0.03438	0.03885	0.06493	23.29	-4.77	-17.96
484	100	70	55	0	0.04117	0.05563	0.08124	28.28	-16.12	-16
483	100	55	55	0	0.04963	0.07666	0.09925	33.28	-26.41	-13.76
482	100	40	55	0	0.05987	0.10237	0.11901	38.26	-35.91	-11.32
481	100	30	55	0	0.0675	0.1217	0.1335	41.49	-41.71	-9.87
480	100	20	55	0	0.07588	0.14262	0.14943	44.61	-46.96	-8.66
479	100	10	55	0	0.08493	0.16507	0.16643	47.63	-51.81	-7.58
478	100	0	55	0	0.09447	0.1888	0.18406	50.55	-56.33	-6.56
405	100	100	40	0	0.03162	0.02682	0.0684	18.72	10.37	-27.33
404	100	85	40	0	0.03755	0.04037	0.08708	23.79	-2.06	-25.9
403	100	70	40	0	0.04559	0.05824	0.1098	28.96	-13.01	-24.58
402	100	55	40	0	0.05527	0.08035	0.13517	34.06	-22.98	-23.13
401	100	40	40	0	0.06706	0.10722	0.1636	39.11	-31.92	-21.6
400	100	30	40	0	0.07565	0.12732	0.18392	42.36	-37.49	-20.65
399	100	20	40	0	0.08507	0.14897	0.20595	45.49	-42.47	-19.9
398	100	10	40	0	0.09528	0.17217	0.22979	48.53	-46.99	-19.34
397	100	0	40	0	0.10605	0.19668	0.25517	51.46	-51.21	-18.93
324	100	100	30	0	0.03343	0.02743	0.0837	18.98	12.24	-32.96
323	100	85	30	0	0.04006	0.04156	0.10608	24.18	-0.02	-31.66
322	100	70	30	0	0.04899	0.06019	0.13319	29.46	-10.77	-30.51
321	100	55	30	0	0.05999	0.08341	0.1641	34.68	-20.34	-29.35
320	100	40	30	0	0.07296	0.11127	0.19938	39.79	-29.01	-28.37
319	100	30	30	0	0.08249	0.13203	0.22464	43.07	-34.29	-27.78
318	100	20	30	0	0.09283	0.15431	0.25196	46.22	-39.03	-27.4
317	100	10	30	0	0.10392	0.1781	0.28111	49.26	-43.37	-27.16
316	100	0	30	0	0.11574	0.20322	0.31221	52.2	-47.32	-27.07
837	100	100	20	20	0.02564	0.02072	0.06696	15.86	11.91	-31.65
836	100	70	20	20	0.03636	0.04293	0.10388	24.62	-7.41	-30.21
835	100	40	20	20	0.05318	0.0769	0.15384	33.33	-22.3	-29.2
834	100	20	20	20	0.06624	0.10403	0.19097	38.56	-30.38	-28.73
833	100	10	20	20	0.07369	0.119	0.21224	41.06	-33.74	-28.82
832	100	0	20	20	0.0815	0.1345	0.23475	43.43	-36.75	-29.06
657	0	100	100	0	0.29761	0.15635	0.02102	46.49	68.54	48.9
656	0	85	100	0	0.32341	0.19426	0.0254	51.18	57.82	53.15
655	0	70	100	0	0.35776	0.24439	0.03067	56.52	46.68	58.3
654	0	55	100	0	0.40013	0.30754	0.03677	62.3	35.45	64.1
653	0	40	100	0	0.45485	0.39075	0.04409	68.81	23.69	70.89
652	0	30	100	0	0.49652	0.45542	0.04941	73.25	16.08	75.63
651	0	20	100	0	0.54472	0.5283	0.05481	77.77	9.14	80.68
650	0	10	100	0	0.59791	0.60936	0.06051	82.34	2.48	85.85
649	0	0	100	0	0.65599	0.69906	0.06661	86.95	-4	91.07
576	0	100	85	0	0.29735	0.1545	0.02955	46.25	69.51	41.4
575	0	85	85	0	0.3223	0.19365	0.03884	51.11	57.73	43.5
574	0	70	85	0	0.35868	0.24577	0.04807	56.66	46.4	47.75
573	0	55	85	0	0.40293	0.31094	0.05869	62.59	35.08	52.63
572	0	40	85	0	0.45909	0.39543	0.07094	69.14	23.43	58.53
571	0	30	85	0	0.50184	0.46112	0.08005	73.62	15.91	62.62
570	0	20	85	0	0.55178	0.53618	0.08981	78.24	8.91	66.99
569	0	10	85	0	0.60685	0.61966	0.10016	82.9	2.22	71.48
568	0	0	85	0	0.66609	0.7106	0.11088	87.51	-4.18	76.03
495	0	100	70	0	0.2989	0.15446	0.04102	46.24	70.12	33.77
494	0	85	70	0	0.32538	0.19512	0.05516	51.28	58.1	34.83
493	0	70	70	0	0.36136	0.24823	0.07138	56.9	46.25	37.24
492	0	55	70	0	0.40814	0.31597	0.08823	63.01	34.86	41.3
491	0	40	70	0	0.46614	0.40225	0.10753	69.63	23.32	46.24
490	0	30	70	0	0.51122	0.46989	0.12199	74.18	15.96	49.74
489	0	20	70	0	0.5614	0.54556	0.13717	78.78	8.96	53.46
488	0	10	70	0	0.61823	0.63082	0.15372	83.49	2.33	57.3
487	0	0	70	0	0.67976	0.72429	0.1712	88.17	-4.02	61.21
843	0	100	40	20	0.186	0.09845	0.05328	37.56	58.03	12.11
842	0	70	40	20	0.23349	0.16499	0.09244	47.62	37.42	13.28
841	0	40	40	20	0.30492	0.26764	0.1445	58.76	18.42	17
840	0	20	40	20	0.36734	0.35924	0.18493	66.46	7.03	20.69
839	0	10	40	20	0.40304	0.41172	0.20746	70.3	1.88	22.56
838	0	0	40	20	0.44176	0.46907	0.23183	74.13	-3.04	24.41
666	10	100	100	0	0.25197	0.134	0.02078	43.36	63.8	43.72
665	10	85	100	0	0.27469	0.1681	0.025	48.02	53.05	48.03
664	10	70	100	0	0.30412	0.21267	0.03008	53.24	41.9	53.07
663	10	55	100	0	0.34148	0.27038	0.03606	59.01	30.43	58.88
662	10	40	100	0	0.38964	0.34548	0.04312	65.4	18.81	65.57
661	10	30	100	0	0.42646	0.40403	0.04818	69.76	11.32	70.26
660	10	20	100	0	0.46893	0.46981	0.05336	74.18	4.5	75.2
659	10	10	100	0	0.51519	0.54231	0.05887	78.6	-2.01	80.15
658	10	0	100	0	0.56038	0.61755	0.06525	82.78	-8.53	84.47
585	10	100	85	0	0.25236	0.13287	0.02918	43.19	64.69	36.41
584	10	85	85	0	0.27455	0.16821	0.03815	48.03	52.93	38.62
583	10	70	85	0	0.30582	0.21465	0.04701	53.45	41.61	42.8
582	10	55	85	0	0.34472	0.27405	0.05736	59.35	30.09	47.68
581	10	40	85	0	0.39419	0.35032	0.06914	65.77	18.62	53.48
580	10	30	85	0	0.43205	0.40992	0.07785	70.17	11.19	57.52
579	10	20	85	0	0.47624	0.47786	0.08725	74.69	4.33	61.79
578	10	10	85	0	0.52427	0.55256	0.09709	79.19	-2.2	66.12
577	10	0	85	0	0.57038	0.62864	0.10798	83.37	-8.6	69.79
504	10	100	70	0	0.25491	0.13394	0.04065	43.35	65.08	29.01
503	10	85	70	0	0.27847	0.1707	0.05431	48.35	53.14	30.2
502	10	70	70	0	0.31004	0.21841	0.06973	53.86	41.43	32.68
501	10	55	70	0	0.35074	0.27962	0.08599	59.85	29.96	36.67
500	10	40	70	0	0.4021	0.35776	0.1046	66.35	18.6	41.51
499	10	30	70	0	0.44216	0.41951	0.11855	70.84	11.27	44.97
498	10	20	70	0	0.48666	0.48813	0.13315	75.33	4.41	48.59
497	10	10	70	0	0.53645	0.56482	0.14888	79.89	-2.07	52.31
496	10	0	70	0	0.58437	0.64199	0.16519	84.07	-8.2	55.54
849	10	100	40	20	0.16085	0.08661	0.05269	35.32	54.03	8.55
848	10	70	40	20	0.20286	0.14698	0.09012	45.22	33.51	9.95
847	10	40	40	20	0.26693	0.24082	0.13954	56.17	14.79	13.84
846	10	20	40	20	0.32228	0.32361	0.1781	63.64	3.72	17.34
845	10	10	40	20	0.35391	0.371	0.19954	67.35	-1.28	19.11
844	10	0	40	20	0.38731	0.42151	0.22237	70.97	-5.97	20.78
675	20	100	100	0	0.21103	0.11417	0.02062	40.27	58.76	38.55
674	20	85	100	0	0.22996	0.14423	0.0247	44.83	47.86	42.79
673	20	70	100	0	0.25583	0.1846	0.02966	50.05	36.6	47.87
672	20	55	100	0	0.28853	0.23683	0.03551	55.77	25.08	53.66
671	20	40	100	0	0.33072	0.30454	0.04228	62.04	13.6	60.28
670	20	30	100	0	0.36283	0.35717	0.04715	66.3	6.22	64.87
669	20	20	100	0	0.39905	0.41551	0.05223	70.56	-0.5	69.54
668	20	10	100	0	0.43477	0.47625	0.058	74.59	-7.05	73.65
667	20	0	100	0	0.47375	0.54317	0.06419	78.65	-13.41	77.81
594	20	100	85	0	0.21232	0.1142	0.02914	40.28	59.35	31.42
593	20	85	85	0	0.23162	0.14571	0.03759	45.04	47.71	33.82
592	20	70	85	0	0.25885	0.18756	0.04621	50.4	36.34	37.97
591	20	55	85	0	0.29261	0.241	0.05615	56.19	24.85	42.81
590	20	40	85	0	0.33625	0.31034	0.06758	62.54	13.42	48.55
589	20	30	85	0	0.36934	0.36402	0.07593	66.83	6.12	52.51
588	20	20	85	0	0.40724	0.42434	0.08484	71.17	-0.59	56.6
587	20	10	85	0	0.44454	0.48635	0.09406	75.22	-6.94	60.31
586	20	0	85	0	0.48452	0.55415	0.10454	79.28	-13.18	63.83
513	20	100	70	0	0.21479	0.1153	0.0406	40.46	59.74	24.06
512	20	85	70	0	0.23571	0.14848	0.05362	45.43	47.87	25.5
511	20	70	70	0	0.26351	0.1916	0.06841	50.87	36.23	28.09
510	20	55	70	0	0.29872	0.24658	0.08398	56.74	24.79	32.04
509	20	40	70	0	0.34395	0.31749	0.1019	63.13	13.51	36.84
508	20	30	70	0	0.37916	0.37329	0.11536	67.52	6.3	40.21
507	20	20	70	0	0.41791	0.43478	0.12941	71.88	-0.39	43.66
506	20	10	70	0	0.45678	0.4983	0.14402	75.96	-6.62	46.79
505	20	0	70	0	0.49827	0.5669	0.15952	80.01	-12.58	49.89
855	20	100	40	20	0.13739	0.07543	0.05211	33.01	49.9	4.86
854	20	70	40	20	0.17433	0.12987	0.08765	42.74	29.53	6.57
853	20	40	40	20	0.23165	0.21544	0.13477	53.54	11.09	10.57
852	20	20	40	20	0.28016	0.28969	0.1715	60.75	0.33	13.87
851	20	10	40	20	0.30708	0.33122	0.19202	64.26	-4.5	15.36
850	20	0	40	20	0.33663	0.37664	0.21395	67.77	-9.02	16.91
684	30	100	100	0	0.17417	0.09646	0.02053	37.2	53.34	33.34
683	30	85	100	0	0.19019	0.12304	0.02448	41.7	42.36	37.56
682	30	70	100	0	0.21223	0.15947	0.0294	46.9	30.75	42.65
681	30	55	100	0	0.24055	0.20658	0.0351	52.57	19.19	48.41
680	30	40	100	0	0.27713	0.26743	0.04163	58.74	7.83	54.95
679	30	30	100	0	0.3049	0.31443	0.04635	62.88	0.64	59.41
678	30	20	100	0	0.3335	0.364	0.05155	66.82	-6.03	63.44
677	30	10	100	0	0.36409	0.41791	0.05714	70.73	-12.43	67.4
676	30	0	100	0	0.39732	0.47659	0.06307	74.61	-18.49	71.35
603	30	100	85	0	0.17603	0.09714	0.02908	37.32	53.8	26.37
602	30	85	85	0	0.1927	0.12518	0.03716	42.03	42.21	28.89
601	30	70	85	0	0.2157	0.16266	0.04552	47.32	30.59	33.04
600	30	55	85	0	0.24496	0.21084	0.05522	53.04	19.08	37.84
599	30	40	85	0	0.28299	0.27346	0.06631	59.29	7.74	43.51
598	30	30	85	0	0.31167	0.3215	0.0744	63.47	0.61	47.33
597	30	20	85	0	0.34163	0.37223	0.08275	67.44	-5.87	50.95
596	30	10	85	0	0.37372	0.42732	0.09157	71.37	-12.05	54.53
595	30	0	85	0	0.4079	0.48682	0.10153	75.25	-17.99	57.86
522	30	100	70	0	0.17793	0.09803	0.04067	37.49	54.12	18.89
521	30	85	70	0	0.19633	0.12782	0.05295	42.43	42.29	20.68
520	30	70	70	0	0.22082	0.16687	0.067	47.86	30.64	23.51
519	30	55	70	0	0.25148	0.21653	0.08216	53.66	19.21	27.4
518	30	40	70	0	0.29075	0.2804	0.09934	59.93	8.02	32.15
517	30	30	70	0	0.32106	0.33012	0.11233	64.17	0.99	35.34
516	30	20	70	0	0.35179	0.38154	0.1254	68.13	-5.37	38.33
515	30	10	70	0	0.38556	0.43827	0.13955	72.11	-11.43	41.32
514	30	0	70	0	0.4213	0.49888	0.15448	76	-17.15	44.21
861	40	100	40	20	0.09623	0.05574	0.05133	28.31	40.93	-2.85
860	40	70	40	20	0.12544	0.10047	0.08379	37.93	20.91	-0.33
859	40	40	40	20	0.17023	0.17078	0.12693	48.36	3.09	3.8
858	40	20	40	20	0.20622	0.22913	0.16157	54.98	-6.95	6.25
857	40	10	40	20	0.22606	0.26157	0.1804	58.19	-11.46	7.43
856	40	0	40	20	0.24725	0.29635	0.20072	61.34	-15.7	8.5
693	40	100	100	0	0.14119	0.08065	0.02048	34.12	47.51	28.08
692	40	85	100	0	0.15438	0.1043	0.02438	38.6	36.14	32.32
691	40	70	100	0	0.17304	0.13679	0.02921	43.77	24.4	37.39
690	40	55	100	0	0.1973	0.17927	0.0348	49.41	12.71	43.16
689	40	40	100	0	0.22849	0.23337	0.04114	55.42	1.57	49.53
688	40	30	100	0	0.25212	0.27478	0.04572	59.41	-5.33	53.78
687	40	20	100	0	0.2764	0.31869	0.05077	63.23	-11.85	57.66
686	40	10	100	0	0.3023	0.36589	0.0561	66.97	-17.95	61.42
685	40	0	100	0	0.33041	0.41711	0.06174	70.67	-23.7	65.16
612	40	100	85	0	0.1427	0.08136	0.02902	34.26	47.82	21.13
611	40	85	85	0	0.15729	0.10661	0.03677	39	36.11	23.93
610	40	70	85	0	0.17675	0.14003	0.04496	44.24	24.39	28.04
609	40	55	85	0	0.20194	0.18357	0.05447	49.93	12.76	32.84
608	40	40	85	0	0.23443	0.23927	0.06516	56.01	1.66	38.36
607	40	30	85	0	0.25864	0.28129	0.07296	60	-5.15	41.95
606	40	20	85	0	0.28413	0.32619	0.081	63.85	-11.46	45.41
605	40	10	85	0	0.31137	0.37462	0.08959	67.62	-17.41	48.77
604	40	0	85	0	0.34028	0.42652	0.09909	71.32	-23.03	51.88
531	40	100	70	0	0.14444	0.08222	0.0406	34.44	48.13	13.68
530	40	85	70	0	0.16075	0.10914	0.05237	39.44	36.24	15.8
529	40	70	70	0	0.182	0.14423	0.06598	44.83	24.6	18.72
528	40	55	70	0	0.20846	0.18913	0.08074	50.59	13.09	22.64
527	40	40	70	0	0.24233	0.24622	0.09742	56.71	2.15	27.24
526	40	30	70	0	0.26752	0.28906	0.10972	60.7	-4.49	30.16
525	40	20	70	0	0.29404	0.33491	0.12255	64.56	-10.68	32.98
524	40	10	70	0	0.32261	0.38459	0.13603	68.36	-16.5	35.78
523	40	0	70	0	0.35292	0.43765	0.15041	72.07	-21.96	38.45
867	70	100	40	20	0.05093	0.03402	0.05012	21.59	25.6	-13.81
866	70	70	40	20	0.07085	0.06751	0.08005	31.23	5.83	-10.46
865	70	40	40	20	0.09781	0.11579	0.11781	40.54	-10.52	-7.05
864	70	20	40	20	0.1199	0.15609	0.14913	46.46	-19.65	-5.39
863	70	10	40	20	0.13195	0.17815	0.16574	49.27	-23.68	-4.59
862	70	0	40	20	0.14456	0.2013	0.1833	51.98	-27.42	-3.91
702	55	100	100	0	0.0987	0.06043	0.02049	29.52	37.68	20.14
701	55	85	100	0	0.10829	0.08009	0.02438	34	25.71	24.38
700	55	70	100	0	0.1233	0.10814	0.02905	39.26	13.69	29.74
699	55	55	100	0	0.14281	0.14431	0.03442	44.84	2.28	35.54
698	55	40	100	0	0.16706	0.18916	0.04049	50.59	-8.28	41.59
697	55	30	100	0	0.18513	0.22339	0.04491	54.38	-14.93	45.56
696	55	20	100	0	0.2036	0.25905	0.04964	57.95	-21	49.13
695	55	10	100	0	0.22337	0.29764	0.05468	61.45	-26.75	52.61
694	55	0	100	0	0.24508	0.33955	0.05995	64.93	-32.1	56.08
621	55	100	85	0	0.09959	0.06095	0.0291	29.65	37.82	13.12
620	55	85	85	0	0.1114	0.08243	0.03648	34.48	25.92	16.33
619	55	70	85	0	0.12712	0.11134	0.0444	39.81	13.94	20.71
618	55	55	85	0	0.14753	0.14856	0.05349	45.44	2.62	25.58
617	55	40	85	0	0.17262	0.19436	0.06363	51.19	-7.82	30.72
616	55	30	85	0	0.19121	0.22904	0.07108	54.97	-14.34	34.04
615	55	20	85	0	0.21074	0.26582	0.07883	58.59	-20.31	37.17
614	55	10	85	0	0.2316	0.30546	0.08702	62.12	-25.93	40.21
613	55	0	85	0	0.25409	0.34789	0.09587	65.58	-31.1	43.07
540	55	100	70	0	0.10209	0.06234	0.04044	30	38.28	6.12
539	55	85	70	0	0.11533	0.08526	0.05157	35.05	26.29	8.66
538	55	70	70	0	0.13263	0.11534	0.06435	40.46	14.72	11.91
537	55	55	70	0	0.15406	0.15372	0.07858	46.14	3.47	15.8
536	55	40	70	0	0.17949	0.19988	0.09453	51.82	-6.86	19.81
535	55	30	70	0	0.19874	0.23521	0.10637	55.6	-13.29	22.43
534	55	20	70	0	0.21871	0.27258	0.11874	59.21	-19.26	24.87
533	55	10	70	0	0.2403	0.31286	0.13166	62.75	-24.78	27.3
532	55	0	70	0	0.26306	0.35566	0.14532	66.19	-29.97	29.6
873	100	100	40	20	0.02283	0.01961	0.04891	15.28	8.74	-24.05
872	100	70	40	20	0.03184	0.04051	0.07491	23.84	-11.31	-21.2
871	100	40	40	20	0.0456	0.07186	0.10843	32.23	-27.06	-18.53
870	100	20	40	20	0.05708	0.09823	0.13594	37.52	-35.84	-17.35
869	100	10	40	20	0.06343	0.11252	0.15064	40	-39.55	-16.9
868	100	0	40	20	0.07005	0.12733	0.16612	42.36	-42.91	-16.6
711	70	100	100	0	0.06409	0.0436	0.02064	24.83	26.56	11.91
710	70	85	100	0	0.07265	0.06125	0.02438	29.73	14.09	17
709	70	70	100	0	0.08443	0.08493	0.02892	34.99	2.25	22.46
708	70	55	100	0	0.10064	0.11584	0.0339	40.55	-8.32	28.49
707	70	40	100	0	0.11856	0.15243	0.03982	45.97	-18.46	34.02
706	70	30	100	0	0.13184	0.18017	0.04411	49.52	-24.81	37.62
705	70	20	100	0	0.14582	0.2095	0.04859	52.9	-30.57	40.98
704	70	10	100	0	0.16098	0.24099	0.05325	56.19	-35.83	44.24
703	70	0	100	0	0.17788	0.27552	0.05826	59.48	-40.72	47.48
630	70	100	85	0	0.06647	0.04529	0.02909	25.35	26.8	5.71
629	70	85	85	0	0.07623	0.06374	0.03597	30.34	14.86	9.51
628	70	70	85	0	0.08852	0.08816	0.04373	35.63	3.02	13.89
627	70	55	85	0	0.10498	0.11949	0.05229	41.13	-7.52	18.77
626	70	40	85	0	0.12303	0.15651	0.06237	46.51	-17.73	23.22
625	70	30	85	0	0.13656	0.18452	0.0696	50.04	-24.03	26.16
624	70	20	85	0	0.15095	0.21451	0.07705	53.44	-29.83	28.99
623	70	10	85	0	0.16565	0.24596	0.08477	56.68	-35.32	31.64
622	70	0	85	0	0.18244	0.28032	0.09315	59.92	-40.18	34.23
549	70	100	70	0	0.06898	0.04693	0.04025	25.84	27.21	-0.93
548	70	85	70	0	0.07993	0.06671	0.0509	31.05	15.22	2.09
547	70	70	70	0	0.09402	0.09238	0.06321	36.44	4.11	5.47
546	70	55	70	0	0.11057	0.12405	0.0767	41.85	-6.45	9.15
545	70	40	70	0	0.12938	0.16162	0.09245	47.19	-16.38	12.53
544	70	30	70	0	0.1432	0.18994	0.10407	50.68	-22.63	14.67
543	70	20	70	0	0.15792	0.22044	0.11616	54.07	-28.48	16.78
542	70	10	70	0	0.17322	0.25255	0.12845	57.32	-33.92	18.83
541	70	0	70	0	0.18895	0.28607	0.14121	60.43	-39.03	20.75
879	0	100	70	20	0.181	0.09617	0.03007	37.15	57.21	25.32
878	0	70	70	20	0.22258	0.15637	0.0509	46.49	37.34	28.73
877	0	40	70	20	0.28633	0.2514	0.07517	57.21	18.01	36.24
876	0	20	70	20	0.34243	0.33675	0.09519	64.7	6.22	41.79
875	0	10	70	20	0.37478	0.38615	0.10613	68.47	0.8	44.69
874	0	0	70	20	0.40939	0.43971	0.11774	72.21	-4.41	47.58
720	85	100	100	0	0.04019	0.03242	0.02069	20.99	13.92	5.24
719	85	85	100	0	0.04723	0.04761	0.02434	26.04	1.72	10.69
718	85	70	100	0	0.05793	0.06868	0.02851	31.5	-8.94	16.76
717	85	55	100	0	0.06837	0.09275	0.03352	36.51	-19.39	21.78
716	85	40	100	0	0.08108	0.12258	0.03931	41.62	-29.33	26.85
715	85	30	100	0	0.09042	0.14543	0.04367	45	-35.78	30.09
714	85	20	100	0	0.10051	0.16938	0.04801	48.18	-41.33	33.16
713	85	10	100	0	0.11084	0.19455	0.05243	51.22	-46.61	36.08
712	85	0	100	0	0.11996	0.2197	0.0568	53.99	-52.1	38.72
639	85	100	85	0	0.04237	0.03404	0.02896	21.59	14.4	-0.67
638	85	85	85	0	0.05017	0.04973	0.03561	26.66	2.79	3.4
637	85	70	85	0	0.06084	0.07095	0.04291	32.02	-7.94	8.15
636	85	55	85	0	0.07167	0.09549	0.05134	37.02	-18.31	12.16
635	85	40	85	0	0.08423	0.12537	0.06126	42.06	-28.39	16.04
634	85	30	85	0	0.09379	0.14836	0.06843	45.41	-34.74	18.66
633	85	20	85	0	0.10354	0.17222	0.07568	48.54	-40.53	21.08
632	85	10	85	0	0.11362	0.19739	0.08307	51.54	-45.99	23.41
631	85	0	85	0	0.12312	0.22274	0.09058	54.32	-51.31	25.47
558	85	100	70	0	0.04529	0.03496	0.03963	21.93	16.91	-7.3
557	85	85	70	0	0.05335	0.05125	0.04984	27.09	4.81	-4.18
556	85	70	70	0	0.06236	0.07146	0.06129	32.14	-6.79	-1.07
555	85	55	70	0	0.07438	0.09729	0.07409	37.35	-17.12	2.43
554	85	40	70	0	0.08762	0.12763	0.08874	42.4	-26.95	5.59
553	85	30	70	0	0.09775	0.15094	0.09961	45.76	-33.08	7.65
552	85	20	70	0	0.10832	0.17561	0.11082	48.96	-38.74	9.58
551	85	10	70	0	0.11961	0.20195	0.12242	52.06	-43.98	11.47
550	85	0	70	0	0.1315	0.22983	0.13455	55.05	-48.9	13.24
885	10	100	70	20	0.15582	0.08429	0.02968	34.86	53.12	21.67
884	10	70	70	20	0.19228	0.13873	0.04969	44.05	33.28	25.15
883	10	40	70	20	0.24844	0.22488	0.07286	54.54	14.11	32.57
882	10	20	70	20	0.29838	0.30257	0.09226	61.88	2.52	37.92
881	10	10	70	20	0.32698	0.34732	0.10274	65.54	-2.79	40.72
880	10	0	70	20	0.356	0.39362	0.11334	69.01	-7.74	43.38
729	100	100	100	0	0.02296	0.02373	0.02048	17.33	0.16	-0.86
728	100	85	100	0	0.03002	0.03757	0.02383	22.85	-10.16	5.62
727	100	70	100	0	0.0366	0.054	0.02803	27.84	-20.94	10.82
726	100	55	100	0	0.04321	0.07316	0.03296	32.52	-31.53	15.29
725	100	40	100	0	0.05156	0.09765	0.0389	37.42	-41.88	19.85
724	100	30	100	0	0.05785	0.11635	0.04319	40.63	-48.36	22.83
723	100	20	100	0	0.06323	0.13427	0.04707	43.4	-54.41	25.42
722	100	10	100	0	0.06862	0.15286	0.05101	46.02	-60.14	27.86
721	100	0	100	0	0.07433	0.17253	0.05518	48.58	-65.56	30.16
648	100	100	85	0	0.02541	0.02449	0.02825	17.69	3.58	-6.86
647	100	85	85	0	0.02958	0.03657	0.03457	22.5	-9.45	-3.07
646	100	70	85	0	0.03672	0.05355	0.04139	27.72	-20.25	1.63
645	100	55	85	0	0.04389	0.07329	0.04934	32.54	-30.72	5.49
644	100	40	85	0	0.0525	0.09779	0.05852	37.44	-40.84	9.36
643	100	30	85	0	0.05896	0.11638	0.06534	40.64	-47.13	11.77
642	100	20	85	0	0.066	0.13632	0.07218	43.7	-52.8	14.15
641	100	10	85	0	0.07331	0.15738	0.07923	46.63	-58.14	16.4
640	100	0	85	0	0.07951	0.17741	0.08635	49.18	-63.32	18.14
567	100	100	70	0	0.02741	0.02521	0.03824	18.02	5.98	-13.19
566	100	85	70	0	0.03186	0.03759	0.04815	22.86	-7.04	-10.58
565	100	70	70	0	0.03797	0.05383	0.05912	27.8	-18.69	-7.55
564	100	55	70	0	0.04603	0.0745	0.07113	32.81	-29	-4.19
563	100	40	70	0	0.05529	0.09943	0.08485	37.74	-38.82	-1.04
562	100	30	70	0	0.0623	0.1183	0.09523	40.95	-44.82	0.81
561	100	20	70	0	0.06982	0.13865	0.10599	44.04	-50.38	2.61
560	100	10	70	0	0.07795	0.16034	0.11718	47.02	-55.43	4.31
559	100	0	70	0	0.08615	0.18275	0.12869	49.83	-60.21	5.85
891	20	100	70	20	0.13273	0.07338	0.02947	32.56	48.84	17.87
890	20	70	70	20	0.16473	0.12273	0.04864	41.65	28.96	21.56
889	20	40	70	20	0.21406	0.20073	0.07086	51.92	9.99	28.87
888	20	20	70	20	0.25803	0.27093	0.08952	59.06	-1.33	34.03
887	20	10	70	20	0.28208	0.3098	0.0992	62.49	-6.4	36.62
886	20	0	70	20	0.30735	0.35121	0.10931	65.84	-11.22	39.16
1050	0	100	100	40	0.09979	0.05529	0.01146	28.19	44.27	28.11
1049	0	70	100	40	0.11969	0.08542	0.01542	35.09	29.21	35.01
1048	0	40	100	40	0.15079	0.1346	0.02067	43.45	13.15	43.97
1047	0	20	100	40	0.17744	0.17739	0.02454	49.18	3.46	50.41
1046	0	0	100	40	0.20797	0.22653	0.02848	54.71	-4.95	56.8
1025	0	100	70	40	0.10109	0.05571	0.02061	28.3	44.81	17.92
1024	0	70	70	40	0.12609	0.0912	0.03335	36.21	28.73	21.39
1023	0	40	70	40	0.16065	0.14398	0.04773	44.8	13.07	27.48
1022	0	20	70	40	0.19138	0.19071	0.06006	50.77	3.86	31.62
1021	0	0	70	40	0.22706	0.24534	0.07417	56.62	-4.25	35.62
1000	0	100	40	40	0.10431	0.05716	0.03423	28.69	45.63	7.81
999	0	70	40	40	0.13227	0.09624	0.05763	37.16	28.74	9.29
998	0	40	40	40	0.17416	0.15592	0.08852	46.43	13.52	12.62
997	0	20	40	40	0.20842	0.20625	0.11219	52.54	4.66	15.33
996	0	0	40	40	0.24888	0.26519	0.13997	58.53	-2.88	17.78
975	0	100	20	40	0.10641	0.0581	0.04591	28.93	46.18	1.11
974	0	70	20	40	0.13869	0.10131	0.07898	38.08	28.89	1.75
973	0	40	20	40	0.18553	0.16583	0.12386	47.73	13.96	3.59
972	0	20	20	40	0.22367	0.21987	0.15839	54.01	5.43	5.34
971	0	0	20	40	0.26814	0.28225	0.19777	60.09	-1.62	6.96
950	0	100	0	40	0.10837	0.05902	0.05972	29.16	46.62	-5.47
949	0	70	0	40	0.14685	0.10769	0.10549	39.19	29.13	-5.6
948	0	40	0	40	0.20014	0.17848	0.167	49.31	14.53	-4.82
947	0	20	0	40	0.24348	0.23728	0.21549	55.81	6.49	-4.02
946	0	0	0	40	0.29101	0.30229	0.26769	61.85	-0.18	-3.19
1405	100	0	0	70	0.02162	0.03107	0.05826	20.47	-16.19	-19.78
1399	100	85	85	100	0.00669	0.00732	0.00674	6.62	-1.51	-1.31
897	40	100	70	20	0.09238	0.05416	0.02945	27.89	39.62	9.82
896	40	70	70	20	0.11692	0.09476	0.04679	36.88	19.53	14.35
895	40	40	70	20	0.15496	0.15869	0.06775	46.8	1.14	21.35
894	40	20	70	20	0.18775	0.21426	0.08465	53.41	-9.39	26.06
893	40	10	70	20	0.20573	0.24519	0.09372	56.6	-14.17	28.33
892	40	0	70	20	0.22465	0.27804	0.10327	59.71	-18.68	30.5
1055	20	100	100	40	0.07485	0.04329	0.0114	24.73	37.73	22.23
1054	20	70	100	40	0.09005	0.06848	0.01491	31.46	22.29	29.34
1053	20	40	100	40	0.11559	0.11043	0.01997	39.65	6.65	38.11
1052	20	20	100	40	0.13647	0.14566	0.02369	45.03	-2.51	43.99
1051	20	0	100	40	0.16105	0.18653	0.02757	50.28	-10.32	49.86
1030	20	100	70	40	0.07677	0.04416	0.0202	25	38.38	12.62
1029	20	70	70	40	0.0957	0.07346	0.03183	32.58	22.09	16.19
1028	20	40	70	40	0.12311	0.11732	0.045	40.79	7	22.06
1027	20	20	70	40	0.14735	0.15595	0.05638	46.44	-1.81	25.89
1026	20	0	70	40	0.17387	0.19891	0.06773	51.71	-9.39	29.83
1005	20	100	40	40	0.07915	0.04512	0.03329	25.3	39.31	2.61
1004	20	70	40	40	0.10077	0.0771	0.05449	33.37	22.71	4.29
1003	20	40	40	40	0.13443	0.12688	0.08227	42.29	8.02	7.76
1002	20	20	40	40	0.16137	0.16778	0.10359	47.98	-0.23	10.17
1001	20	0	40	40	0.19392	0.2169	0.12851	53.7	-7.47	12.56
980	20	100	20	40	0.08059	0.04567	0.0443	25.46	39.9	-3.96
979	20	70	20	40	0.10622	0.08125	0.07437	34.24	23.13	-3.05
978	20	40	20	40	0.14374	0.13441	0.11445	43.42	8.99	-1.08
977	20	20	20	40	0.17439	0.17892	0.14552	49.36	1.01	0.54
976	20	0	20	40	0.21034	0.23096	0.18186	55.17	-5.78	1.9
955	20	100	0	40	0.08334	0.04707	0.05804	25.88	40.54	-10.34
954	20	70	0	40	0.11391	0.0874	0.09955	35.48	23.45	-10.07
953	20	40	0	40	0.15717	0.14615	0.15552	45.1	9.76	-9.32
952	20	20	0	40	0.19158	0.194	0.19917	51.15	2.31	-8.74
951	20	0	0	40	0.23129	0.24918	0.24685	57	-3.97	-7.9
1406	0	100	0	70	0.03544	0.02134	0.02198	16.18	27.55	-4.25
1393	100	85	85	80	0.0078	0.00901	0.00843	8.14	-3.58	-1.77
903	70	100	70	20	0.04669	0.03248	0.0296	21.01	22.71	-2.14
902	70	70	70	20	0.06399	0.06326	0.04473	30.22	3.2	4
901	70	40	70	20	0.08732	0.10814	0.06504	39.27	-13.68	9.53
900	70	20	70	20	0.10593	0.14564	0.08091	45.03	-23.6	13
899	70	10	70	20	0.11581	0.16599	0.08912	47.75	-28.1	14.67
898	70	0	70	20	0.126	0.18717	0.09764	50.35	-32.28	16.22
1060	40	100	100	40	0.05331	0.03285	0.0114	21.15	30.35	16.06
1059	40	70	100	40	0.06611	0.05506	0.01477	28.13	14.42	23.77
1058	40	40	100	40	0.0854	0.08933	0.01973	35.86	-0.64	31.79
1057	40	20	100	40	0.10181	0.11817	0.02318	40.92	-9.03	37.35
1056	40	0	100	40	0.11984	0.15054	0.02685	45.71	-16.46	42.54
1035	40	100	70	40	0.05536	0.0338	0.02018	21.5	31.24	6.61
1034	40	70	70	40	0.06982	0.05801	0.03068	28.9	14.85	10.67
1033	40	40	70	40	0.0914	0.09427	0.04297	36.79	0.41	16.34
1032	40	20	70	40	0.11027	0.12588	0.05315	42.14	-7.89	20.06
1031	40	0	70	40	0.13117	0.16148	0.0643	47.17	-15.13	23.49
1010	40	100	40	40	0.05701	0.03437	0.03272	21.72	32.22	-3.17
1009	40	70	40	40	0.07402	0.06051	0.05187	29.54	16.2	-1
1008	40	40	40	40	0.10087	0.10195	0.0773	38.19	2.02	2.6
1007	40	20	40	40	0.12223	0.13582	0.09805	43.63	-5.85	4.48
1006	40	0	40	40	0.14583	0.17368	0.12059	48.72	-12.57	6.24
985	40	100	20	40	0.05931	0.0354	0.04364	22.09	33.19	-9.4
984	40	70	20	40	0.07979	0.06492	0.07138	30.62	16.93	-8.07
983	40	40	20	40	0.10953	0.10911	0.10838	39.43	3.23	-6.09
982	40	20	20	40	0.1331	0.14499	0.13629	44.94	-4.26	-4.66
981	40	0	20	40	0.16006	0.18556	0.16881	50.16	-10.4	-3.77
960	40	100	0	40	0.06195	0.03674	0.05678	22.56	34.04	-15.46
959	40	70	0	40	0.0867	0.07039	0.09519	31.9	17.56	-14.78
958	40	40	0	40	0.11989	0.1177	0.14587	40.85	4.52	-14.23
957	40	20	0	40	0.14665	0.1562	0.18503	46.47	-2.38	-13.79
956	40	0	0	40	0.17745	0.20017	0.22865	51.86	-8.08	-13.39
1407	0	0	100	70	0.068	0.07463	0.01311	32.84	-3.94	33.93
1387	100	85	85	60	0.01042	0.01245	0.01202	10.88	-5.35	-2.49
909	100	100	70	20	0.01981	0.01846	0.02914	14.66	4.8	-12.75
908	100	70	70	20	0.02702	0.03765	0.04218	22.88	-15.71	-7.19
907	100	40	70	20	0.03857	0.06747	0.06043	31.22	-32.55	-2.25
906	100	20	70	20	0.04808	0.09238	0.07417	36.44	-41.99	0.82
905	100	10	70	20	0.05317	0.10582	0.08139	38.87	-46.18	2.19
904	100	0	70	20	0.05839	0.11977	0.08893	41.18	-50.12	3.41
1065	70	100	100	40	0.02829	0.02058	0.01135	15.79	17.2	6.89
1064	70	70	100	40	0.03746	0.0381	0.01487	23.03	1.1	14.87
1063	70	40	100	40	0.05038	0.06352	0.01923	30.28	-12.56	22.67
1062	70	20	100	40	0.06004	0.08378	0.02249	34.76	-20.6	27.32
1061	70	0	100	40	0.06978	0.10506	0.02587	38.74	-27.57	31.31
1040	70	100	70	40	0.02992	0.02153	0.02029	16.27	18.01	-2.51
1039	70	70	70	40	0.04051	0.04029	0.02935	23.77	2.41	2.79
1038	70	40	70	40	0.05476	0.06719	0.04218	31.16	-11.07	7.08
1037	70	20	70	40	0.06561	0.08878	0.05168	35.75	-18.92	9.79
1036	70	0	70	40	0.07679	0.11171	0.06126	39.87	-25.69	12.27
1015	70	100	40	40	0.0324	0.02246	0.03246	16.73	20.27	-11.58
1014	70	70	40	40	0.04441	0.04269	0.05019	24.54	4.47	-8.75
1013	70	40	40	40	0.06034	0.07117	0.07187	32.07	-8.69	-5.77
1012	70	20	40	40	0.07354	0.0946	0.09048	36.85	-15.78	-4.6
1011	70	0	40	40	0.08774	0.11992	0.10966	41.2	-21.67	-3.43
990	70	100	20	40	0.03439	0.02329	0.04279	17.13	21.79	-17.46
989	70	70	20	40	0.0482	0.04522	0.0678	25.33	6.06	-15.69
988	70	40	20	40	0.06621	0.07543	0.0998	33.01	-6.51	-14.4
987	70	20	20	40	0.08113	0.10039	0.12452	37.91	-13.28	-13.52
986	70	0	20	40	0.0979	0.12764	0.15245	42.41	-18.48	-13.21
965	70	100	0	40	0.03683	0.02438	0.05492	17.64	23.41	-23.05
964	70	70	0	40	0.0525	0.04801	0.08851	26.16	7.79	-22.34
963	70	40	0	40	0.07354	0.08067	0.13249	34.12	-4	-22.29
962	70	20	0	40	0.09076	0.10734	0.16692	39.13	-10.18	-22.35
961	70	0	0	40	0.10968	0.13638	0.20438	43.71	-15.1	-22.65
1408	100	100	0	70	0.01015	0.00898	0.02168	8.11	5.68	-17.89
1400	80	65	65	100	0.00689	0.00744	0.00656	6.72	-1.17	-0.78
915	0	100	100	20	0.17938	0.09628	0.01561	37.17	56.26	38.38
914	0	70	100	20	0.21481	0.14915	0.02213	45.52	37.95	46.2
913	0	40	100	20	0.27184	0.23748	0.03098	55.83	18.22	56.88
912	0	20	100	20	0.32209	0.31699	0.03777	63.09	6.01	64.83
911	0	10	100	20	0.35046	0.362	0.04127	66.67	0.48	68.85
910	0	0	100	20	0.3813	0.41141	0.04498	70.27	-4.87	72.92
1070	100	100	100	40	0.01232	0.01284	0.01167	11.16	-0.16	-1.53
1069	100	70	100	40	0.01782	0.0251	0.01451	17.96	-14.2	6.55
1068	100	40	100	40	0.02376	0.04196	0.01868	24.31	-28.25	12.92
1067	100	20	100	40	0.02823	0.05538	0.02187	28.22	-36.49	16.61
1066	100	0	100	40	0.03306	0.06987	0.02526	31.78	-43.5	19.81
1045	100	100	70	40	0.01387	0.01319	0.02019	11.4	3.47	-10.81
1044	100	70	70	40	0.01835	0.02509	0.02796	17.96	-12.88	-6.16
1043	100	40	70	40	0.02518	0.04253	0.03934	24.49	-26.19	-2.71
1042	100	20	70	40	0.03077	0.0568	0.04699	28.59	-33.6	-0.06
1041	100	0	70	40	0.0365	0.07181	0.05508	32.22	-39.94	2
1020	100	100	40	40	0.01577	0.01389	0.03176	11.88	6.73	-19.45
1019	100	70	40	40	0.02103	0.02649	0.04706	18.58	-9.36	-17.36
1018	100	40	40	40	0.0291	0.04496	0.06623	25.25	-22.12	-15.16
1017	100	20	40	40	0.03558	0.05969	0.08178	29.33	-28.95	-14.39
1016	100	0	40	40	0.04271	0.07544	0.09763	33.01	-34.35	-13.68
995	100	100	20	40	0.01737	0.01455	0.04185	12.32	9.02	-25.2
994	100	70	20	40	0.02362	0.02787	0.06319	19.17	-6.38	-24.29
993	100	40	20	40	0.03329	0.04774	0.09137	26.08	-18.56	-23.48
992	100	20	20	40	0.04045	0.06278	0.11118	30.1	-25	-23.04
991	100	0	20	40	0.04873	0.0791	0.13405	33.8	-29.78	-23.27
970	100	100	0	40	0.01934	0.01539	0.05441	12.86	11.47	-31.05
969	100	70	0	40	0.02716	0.02982	0.08359	19.97	-2.92	-31.21
968	100	40	0	40	0.03892	0.0514	0.12196	27.13	-14.39	-31.38
967	100	20	0	40	0.04778	0.06779	0.15012	31.3	-20.22	-31.78
966	100	0	0	40	0.05657	0.08396	0.17841	34.79	-24.65	-32.46
1409	100	0	100	70	0.0144	0.02671	0.01189	18.67	-26.32	11.11
1394	80	65	65	80	0.01193	0.01315	0.01157	11.38	-2.37	-1.02
921	10	100	100	20	0.15366	0.08374	0.0155	34.75	52.33	34.33
920	10	70	100	20	0.18425	0.13138	0.02167	42.97	33.81	42.22
919	10	40	100	20	0.23558	0.21268	0.03029	53.24	14.12	52.91
918	10	20	100	20	0.27983	0.28436	0.0369	60.28	2.24	60.53
917	10	10	100	20	0.30472	0.32487	0.04027	63.74	-3.15	64.4
916	10	0	100	20	0.33231	0.36981	0.04409	67.26	-8.33	68.23
1175	0	100	100	60	0.05055	0.02961	0.00842	19.89	32.45	18.48
1174	0	70	100	60	0.06049	0.04528	0.01048	25.34	20.46	24.62
1173	0	40	100	60	0.07534	0.06925	0.01325	31.64	8.43	31.68
1172	0	20	100	60	0.08802	0.08953	0.01521	35.89	1.45	36.64
1171	0	0	100	60	0.10259	0.11244	0.01714	39.99	-4.4	41.56
1150	0	100	70	60	0.0514	0.03004	0.01344	20.06	32.75	11.48
1149	0	70	70	60	0.06373	0.04798	0.01994	26.15	20.47	14.86
1148	0	40	70	60	0.07917	0.07274	0.02703	32.42	8.61	19.5
1147	0	20	70	60	0.09391	0.09488	0.03371	36.91	2	22.34
1146	0	0	70	60	0.1106	0.11983	0.04137	41.19	-3.57	24.86
1125	0	100	40	60	0.05301	0.03076	0.02044	20.35	33.46	4.36
1124	0	70	40	60	0.06629	0.05012	0.03219	26.77	20.48	5.91
1123	0	40	40	60	0.08743	0.08014	0.04793	34.01	9.07	8.77
1122	0	20	40	60	0.10303	0.10322	0.05933	38.41	2.72	10.65
1121	0	0	40	60	0.12187	0.12997	0.07328	42.76	-2.34	12.08
1100	0	100	20	60	0.05356	0.03094	0.02589	20.42	33.81	-0.29
1099	0	70	20	60	0.06978	0.05299	0.04267	27.57	20.56	0.61
1098	0	40	20	60	0.09326	0.08532	0.06505	35.07	9.4	2.29
1097	0	20	20	60	0.11294	0.11247	0.08285	39.99	3.29	3.59
1096	0	0	20	60	0.13356	0.14069	0.10161	44.33	-1.35	4.52
1075	0	100	0	60	0.05359	0.03086	0.03176	20.39	33.98	-4.79
1074	0	70	0	60	0.07391	0.05653	0.0552	28.52	20.51	-4.43
1073	0	40	0	60	0.10116	0.09241	0.08543	36.44	9.77	-3.49
1072	0	20	0	60	0.12375	0.12214	0.10983	41.55	4.12	-2.88
1071	0	0	0	60	0.14882	0.1549	0.13697	46.3	-0.33	-2.5
1410	0	100	100	70	0.03452	0.02112	0.00733	16.07	26.57	13.87
1388	80	65	65	60	0.0207	0.0231	0.02026	17.04	-3.44	-1.17
927	20	100	100	20	0.1304	0.07253	0.01547	32.38	48.13	30.27
926	20	70	100	20	0.15688	0.11575	0.02137	40.53	29.28	38.3
925	20	40	100	20	0.20228	0.18967	0.02981	50.65	9.82	48.8
924	20	20	100	20	0.241	0.2543	0.03626	57.49	-1.82	56.14
923	20	10	100	20	0.26316	0.29111	0.03973	60.88	-7.05	59.79
922	20	0	100	20	0.28724	0.33147	0.04343	64.28	-12.1	63.46
1180	20	100	100	60	0.03953	0.02442	0.00838	17.65	27.35	14.72
1179	20	70	100	60	0.04751	0.03776	0.01021	22.92	15.56	20.85
1178	20	40	100	60	0.06034	0.05889	0.0129	29.13	3.98	27.8
1177	20	20	100	60	0.07057	0.07598	0.01479	33.13	-2.63	32.37
1176	20	0	100	60	0.08077	0.09338	0.01657	36.63	-8.07	36.38
1155	20	100	70	60	0.04097	0.02508	0.01327	17.96	28.11	8.06
1154	20	70	70	60	0.05012	0.04001	0.01912	23.67	15.6	11.39
1153	20	40	70	60	0.06297	0.06107	0.02566	29.68	4.45	15.87
1152	20	20	70	60	0.07469	0.07948	0.03164	33.87	-1.83	18.55
1151	20	0	70	60	0.0866	0.09869	0.03715	37.61	-7.15	21.28
1130	20	100	40	60	0.04179	0.02531	0.01988	18.06	28.82	0.96
1129	20	70	40	60	0.05205	0.04127	0.0305	24.09	16.19	2.5
1128	20	40	40	60	0.06898	0.06619	0.04456	30.92	5.31	5.31
1127	20	20	40	60	0.08152	0.0851	0.05466	35.02	-0.49	7.05
1126	20	0	40	60	0.0977	0.10886	0.06704	39.39	-5.64	8.88
1105	20	100	20	60	0.0419	0.02524	0.02485	18.03	29.12	-3.56
1104	20	70	20	60	0.05486	0.04352	0.0401	24.8	16.44	-2.64
1103	20	40	20	60	0.07344	0.06983	0.05976	31.77	6.04	-1
1102	20	20	20	60	0.08942	0.09225	0.07566	36.41	0.39	0.19
1101	20	0	20	60	0.10781	0.11797	0.09367	40.89	-4.35	1.25
1080	20	100	0	60	0.04339	0.02606	0.03151	18.39	29.61	-8.06
1079	20	70	0	60	0.05939	0.04743	0.05224	25.99	16.47	-7.31
1078	20	40	0	60	0.08135	0.07706	0.07958	33.36	6.52	-6.6
1077	20	20	0	60	0.09921	0.1011	0.10144	38.04	1.37	-6.27
1076	20	0	0	60	0.11799	0.12693	0.12257	42.3	-3.05	-5.41
1411	40	40	0	70	0.0434	0.04339	0.04951	24.76	2.16	-8.02
1382	80	65	65	40	0.03434	0.0385	0.03357	23.17	-4.33	-1.25
933	40	100	100	20	0.08956	0.05283	0.01546	27.53	38.82	21.93
932	40	70	100	20	0.11065	0.08968	0.0211	35.92	19.17	30.6
931	40	40	100	20	0.14436	0.14924	0.02928	45.53	0.29	40.37
930	40	20	100	20	0.17433	0.20185	0.03532	52.05	-10.57	47.36
929	40	10	100	20	0.19052	0.23088	0.03858	55.16	-15.52	50.65
928	40	0	100	20	0.20781	0.26214	0.04203	58.24	-20.22	53.86
1185	40	100	100	60	0.02967	0.01959	0.00837	15.27	21.88	10.63
1184	40	70	100	60	0.03663	0.0316	0.01018	20.67	10	17.01
1183	40	40	100	60	0.04672	0.04941	0.0128	26.57	-1.2	23.52
1182	40	20	100	60	0.054	0.06251	0.01451	30.04	-7.14	27.37
1181	40	0	100	60	0.06168	0.07652	0.01618	33.25	-12.31	30.98
1160	40	100	70	60	0.03095	0.02012	0.01327	15.55	22.9	3.92
1159	40	70	70	60	0.03789	0.03245	0.01855	21	10.5	7.35
1158	40	40	70	60	0.0482	0.05005	0.02443	26.75	-0.07	11.83
1157	40	20	70	60	0.0577	0.06565	0.02976	30.79	-6.13	14.61
1156	40	0	70	60	0.06759	0.08223	0.03524	34.44	-11.27	17.07
1135	40	100	40	60	0.03138	0.02015	0.01942	15.56	23.59	-2.89
1134	40	70	40	60	0.03925	0.03302	0.02884	21.22	11.59	-1.22
1133	40	40	40	60	0.05309	0.05408	0.04183	27.87	1.14	1.62
1132	40	20	40	60	0.06414	0.07115	0.05243	32.07	-4.6	3.07
1131	40	0	40	60	0.07564	0.08907	0.06338	35.8	-9.25	4.3
1110	40	100	20	60	0.03261	0.02075	0.02496	15.87	24.31	-7.36
1109	40	70	20	60	0.04277	0.0359	0.03864	22.27	12.05	-6.11
1108	40	40	20	60	0.05795	0.05825	0.05711	28.97	2.04	-4.59
1107	40	20	20	60	0.06906	0.07524	0.06974	32.97	-3.44	-3.33
1106	40	0	20	60	0.08254	0.09477	0.08528	36.89	-7.61	-2.67
1085	40	100	0	60	0.03386	0.02143	0.0311	16.22	24.84	-11.5
1084	40	70	0	60	0.04651	0.03912	0.04979	23.38	12.27	-10.55
1083	40	40	0	60	0.06352	0.06306	0.07458	30.17	2.92	-10.15
1082	40	20	0	60	0.0763	0.08145	0.09226	34.28	-2.08	-9.66
1081	40	0	0	60	0.09101	0.10208	0.11184	38.21	-6.02	-9.26
1412	40	0	40	70	0.05087	0.05931	0.04282	29.24	-7.47	3.4
1401	60	45	45	100	0.00739	0.00795	0.00687	7.18	-1.14	-0.58
939	70	100	100	20	0.04379	0.03062	0.01548	20.29	21.96	9.43
938	70	70	100	20	0.05842	0.05891	0.02114	29.14	1.84	18.86
937	70	40	100	20	0.0803	0.10223	0.02832	38.24	-15.44	28.52
936	70	20	100	20	0.09747	0.13822	0.03396	43.98	-25.61	34.36
935	70	10	100	20	0.10659	0.15762	0.03693	46.66	-30.12	37.03
934	70	0	100	20	0.1164	0.17837	0.04008	49.3	-34.35	39.61
1190	70	100	100	60	0.01754	0.01354	0.00829	11.65	12.32	4.52
1189	70	70	100	60	0.02259	0.02331	0.01025	17.14	0.24	10.81
1188	70	40	100	60	0.02928	0.03635	0.01262	22.43	-9.63	16.6
1187	70	20	100	60	0.03384	0.04596	0.01424	25.55	-15.4	19.96
1186	70	0	100	60	0.03779	0.05497	0.01572	28.11	-20.27	22.63
1165	70	100	70	60	0.01846	0.014	0.01318	11.96	13.25	-2.16
1164	70	70	70	60	0.02371	0.02378	0.01789	17.36	1.63	1.74
1163	70	40	70	60	0.03141	0.03808	0.02481	23.03	-8.53	5.1
1162	70	20	70	60	0.03675	0.0486	0.02963	26.33	-14.2	7
1161	70	0	70	60	0.04152	0.05867	0.03405	29.07	-19.03	8.6
1140	70	100	40	60	0.01971	0.01448	0.01966	12.27	14.84	-8.8
1139	70	70	40	60	0.02578	0.02507	0.02871	17.95	3.17	-6.75
1138	70	40	40	60	0.03362	0.03941	0.03932	23.47	-6.8	-4.45
1137	70	20	40	60	0.04031	0.05101	0.04849	27.02	-11.9	-3.58
1136	70	0	40	60	0.04692	0.06249	0.05714	30.03	-15.87	-2.76
1115	70	100	20	60	0.0206	0.01485	0.02471	12.51	15.83	-12.94
1114	70	70	20	60	0.02766	0.02633	0.03707	18.51	4.3	-11.6
1113	70	40	20	60	0.03655	0.04154	0.05265	24.17	-5.19	-10.65
1112	70	20	20	60	0.04381	0.05368	0.06428	27.76	-10.21	-9.97
1111	70	0	20	60	0.05186	0.06628	0.07681	30.95	-13.62	-9.7
1090	70	100	0	60	0.02146	0.01522	0.02997	12.75	16.74	-16.67
1089	70	70	0	60	0.02945	0.02746	0.04622	19	5.44	-16.18
1088	70	40	0	60	0.03994	0.04394	0.06709	24.93	-3.44	-16.07
1087	70	20	0	60	0.04833	0.0569	0.08301	28.62	-7.95	-16.09
1086	70	0	0	60	0.05737	0.07059	0.10024	31.94	-11.44	-16.4
1413	0	40	40	70	0.05775	0.05368	0.03317	27.76	7.01	6.93
1395	60	45	45	80	0.01784	0.01936	0.01677	15.15	-2	-0.88
945	100	100	100	20	0.01735	0.01792	0.01595	14.35	0.19	-1.34
944	100	70	100	20	0.02624	0.03791	0.02058	22.97	-17.57	8.76
943	100	40	100	20	0.03607	0.06634	0.02764	30.96	-35.2	16.5
942	100	20	100	20	0.04386	0.08998	0.03309	35.98	-45.56	21.17
941	100	10	100	20	0.04804	0.10271	0.03588	38.32	-50.17	23.33
940	100	0	100	20	0.05244	0.11609	0.03884	40.59	-54.48	25.36
1195	100	100	100	60	0.00877	0.00923	0.00838	8.33	-0.5	-1.36
1194	100	70	100	60	0.01205	0.0162	0.01006	13.35	-10.49	4.57
1193	100	40	100	60	0.01534	0.02521	0.01227	18.01	-20.85	9.46
1192	100	20	100	60	0.01741	0.03164	0.01385	20.69	-26.97	12.05
1191	100	0	100	60	0.01923	0.03778	0.01544	22.92	-32.18	14.02
1170	100	100	70	60	0.00974	0.00948	0.01303	8.55	2.26	-7.86
1169	100	70	70	60	0.01238	0.01638	0.01772	13.46	-9.89	-4.79
1168	100	40	70	60	0.01575	0.02509	0.02358	17.96	-19.51	-2.59
1167	100	20	70	60	0.01859	0.03211	0.02703	20.87	-24.85	-0.42
1166	100	0	70	60	0.02111	0.03868	0.03037	23.23	-29.21	1.11
1145	100	100	40	60	0.01076	0.00983	0.01907	8.85	4.62	-14.12
1144	100	70	40	60	0.01344	0.01658	0.02725	13.58	-7.18	-13.16
1143	100	40	40	60	0.01785	0.02655	0.03741	18.61	-16.91	-11.65
1142	100	20	40	60	0.02081	0.03331	0.04433	21.32	-21.66	-11.11
1141	100	0	40	60	0.02404	0.0402	0.05063	23.74	-25.22	-10.37
1120	100	100	20	60	0.01157	0.01018	0.02411	9.14	6.1	-18.25
1119	100	70	20	60	0.01477	0.01732	0.03526	14.01	-5.18	-18.18
1118	100	40	20	60	0.01972	0.02763	0.04914	19.07	-14.41	-17.64
1117	100	20	20	60	0.02321	0.03504	0.05854	21.96	-19.23	-17.35
1116	100	0	20	60	0.02686	0.04202	0.06766	24.33	-22.26	-17.36
1095	100	100	0	60	0.01255	0.01066	0.03025	9.53	7.58	-22.42
1094	100	70	0	60	0.01663	0.01841	0.04521	14.63	-2.85	-23.15
1093	100	40	0	60	0.02254	0.02952	0.06341	19.85	-11.57	-23.21
1092	100	20	0	60	0.02673	0.03743	0.07614	22.8	-15.94	-23.47
1091	100	0	0	60	0.03059	0.04466	0.08851	25.16	-19.12	-24.07
1367	0	0	0	0	0.80428	0.83081	0.72921	93.05	0.63	-3.91
1389	60	45	45	60	0.0372	0.04048	0.03506	23.83	-2.73	-1.12
1390	40	27	27	60	0.06295	0.06733	0.05877	31.19	-2.08	-1.54
1397	20	12	12	80	0.04154	0.04381	0.03743	24.89	-0.98	-0.82
1381	10	6	6	20	0.41241	0.42896	0.37786	71.48	-0.37	-3.32
1262	0	100	0	100	0.00843	0.00685	0.00696	6.19	7.35	-2.46
1261	0	40	0	100	0.01136	0.01147	0.00932	10.16	1.02	0.23
1260	0	0	0	100	0.0195	0.02012	0.01568	15.55	0.24	1.03
1215	0	100	40	80	0.02425	0.0156	0.01184	12.98	21.56	1.37
1214	0	70	40	80	0.0278	0.02225	0.01574	16.63	12.67	2.82
1213	0	40	40	80	0.03545	0.03349	0.02155	21.39	5.1	5.13
1212	0	0	40	80	0.04706	0.04998	0.03058	26.73	-1.45	6.99
1199	0	100	0	80	0.02282	0.01477	0.01512	12.46	20.88	-3.66
1198	0	70	0	80	0.0304	0.02485	0.02381	17.85	12.05	-2.98
1197	0	40	0	80	0.04096	0.03865	0.03451	23.22	5.4	-1.8
1196	0	0	0	80	0.06324	0.06581	0.05689	30.83	-0.23	-1.26
1479	3	40	3	40	0.19088	0.17124	0.15811	48.42	13.75	-4.24
1480	40	40	3	40	0.11826	0.11635	0.13987	40.63	4.33	-13.05
1481	3	0	40	40	0.24015	0.25759	0.13807	57.81	-3.55	17.05
1482	0	3	40	40	0.24249	0.25583	0.13557	57.64	-1.81	17.43
1483	3	3	40	40	0.23389	0.24837	0.13385	56.92	-2.47	16.65
1484	40	3	40	40	0.14219	0.16779	0.11711	47.98	-11.62	5.99
1485	3	40	40	40	0.16785	0.15138	0.08754	45.82	12.7	11.91
1425	7	7	0	0	0.68964	0.70489	0.65465	87.24	2.16	-7.15
1426	7	0	7	0	0.71601	0.75346	0.63164	89.55	-2.2	-0.96
1427	0	7	7	0	0.73383	0.74209	0.60004	89.02	3.83	1.22
1428	7	7	7	0	0.67191	0.68963	0.58381	86.49	1.53	-1.51
1429	7	0	0	7	0.63092	0.66131	0.61048	85.06	-1.54	-6.64
1430	0	7	0	7	0.64552	0.65112	0.57897	84.54	4.03	-4.37
1431	7	7	0	7	0.59117	0.60512	0.563	82.12	1.85	-6.9
1432	0	0	7	7	0.67205	0.69823	0.55975	86.91	-0.26	1.7
1433	7	0	7	7	0.61344	0.64618	0.54402	84.29	-2.24	-1.16
1434	0	7	7	7	0.62778	0.63607	0.5172	83.76	3.35	0.84
1435	7	7	7	7	0.57549	0.59153	0.50294	81.38	1.25	-1.68
1383	60	45	45	40	0.06783	0.07375	0.0636	32.65	-3.27	-1.24
1384	40	27	27	40	0.12061	0.12868	0.11257	42.56	-2.37	-1.98
1391	20	12	12	60	0.09966	0.10498	0.09205	38.72	-1.23	-1.92
1377	10	6	6	10	0.52375	0.54383	0.47858	78.68	-0.16	-3.54
1265	40	100	0	100	0.00846	0.00714	0.00739	6.45	6.33	-2.83
1264	40	40	0	100	0.00873	0.00908	0.00799	8.2	-0.09	-0.9
1263	40	0	0	100	0.01064	0.01133	0.00915	10.06	-1	0.33
1219	40	100	40	80	0.01661	0.01176	0.01128	10.38	15.43	-2.34
1218	40	70	40	80	0.01817	0.01596	0.01405	13.2	7.19	-1.1
1217	40	40	40	80	0.02363	0.02425	0.01917	17.58	0.5	0.82
1216	40	0	40	80	0.03187	0.03664	0.02689	22.53	-5.61	2.55
1203	40	100	0	80	0.01711	0.01211	0.01551	10.64	15.58	-7.24
1202	40	70	0	80	0.02139	0.01897	0.02156	14.94	7.14	-6.01
1201	40	40	0	80	0.02761	0.02786	0.03015	19.17	1.39	-5.74
1200	40	0	0	80	0.03725	0.04129	0.04178	24.09	-3.8	-4.86
1461	0	3	40	3	0.65205	0.68124	0.31902	86.07	-1.08	30.28
1462	3	3	40	3	0.62698	0.66021	0.31537	85.01	-2.2	29.01
1463	40	3	40	3	0.35126	0.41811	0.27805	70.74	-16.78	10.38
1464	0	40	40	3	0.45779	0.39627	0.20395	69.2	22.81	21.39
1465	3	40	40	3	0.43951	0.38351	0.20192	68.28	21.53	20.21
1466	40	40	40	3	0.24856	0.24788	0.18086	56.87	4.13	5.05
1467	3	0	0	40	0.28133	0.29374	0.2641	61.11	-0.75	-3.86
1468	0	3	0	40	0.28347	0.29198	0.25947	60.96	0.76	-3.32
1469	3	3	0	40	0.27382	0.28342	0.2561	60.2	0.22	-4.03
1470	40	3	0	40	0.17262	0.19327	0.22185	51.07	-7.28	-13.45
1471	3	40	0	40	0.1933	0.1734	0.16517	48.69	13.82	-5.46
1472	0	0	3	40	0.28731	0.29904	0.25636	61.57	-0.4	-1.71
1473	3	0	3	40	0.27771	0.29056	0.25296	60.83	-0.97	-2.39
1474	40	0	3	40	0.17471	0.19787	0.21899	51.6	-8.43	-11.98
1475	0	3	3	40	0.27953	0.2885	0.24817	60.65	0.54	-1.84
1476	3	3	3	40	0.27007	0.28008	0.24485	59.9	0	-2.54
1477	40	3	3	40	0.17001	0.19112	0.21239	50.82	-7.63	-12.02
1478	0	40	3	40	0.19785	0.17648	0.16011	49.07	14.45	-3.6
1378	60	45	45	20	0.11115	0.12063	0.10334	41.32	-3.71	-1.24
1379	40	27	27	20	0.20368	0.21651	0.18913	53.66	-2.46	-2.3
1385	20	12	12	40	0.19487	0.20472	0.18069	52.37	-1.26	-2.67
1368	100	85	85	0	0.02958	0.03657	0.03457	22.5	-9.45	-3.07
1268	100	100	0	100	0.00664	0.00645	0.00722	5.83	1.71	-3.57
1267	100	40	0	100	0.007	0.00854	0.0106	7.71	-4.99	-5.96
1266	100	0	0	100	0.007	0.00887	0.01001	8.01	-6.28	-4.56
1223	70	100	40	80	0.01188	0.00949	0.01144	8.56	9.6	-5.7
1222	70	70	40	80	0.01381	0.01365	0.01472	11.72	1.93	-4.46
1221	70	40	40	80	0.01663	0.01921	0.01867	15.07	-4.74	-3
1220	70	0	40	80	0.02118	0.02685	0.02447	18.74	-9.69	-2.02
1207	70	100	0	80	0.01211	0.00953	0.0148	8.6	10.19	-9.95
1206	70	70	0	80	0.01488	0.01435	0.02027	12.19	2.97	-9.53
1205	70	40	0	80	0.01881	0.0208	0.02762	15.9	-2.91	-9.45
1204	70	0	0	80	0.02482	0.02989	0.03828	20	-7.55	-9.79
1419	0	3	0	3	0.73315	0.74962	0.6616	89.38	2.16	-4.12
1420	3	3	0	3	0.70637	0.72686	0.65392	88.3	1.18	-5.25
1449	40	3	0	3	0.42276	0.47596	0.57624	74.57	-10.54	-21.28
1450	0	40	0	3	0.5181	0.4463	0.41529	72.65	24.39	-6.24
1451	3	40	0	3	0.49789	0.4318	0.41071	71.68	23.21	-7.33
1452	40	40	0	3	0.29156	0.28185	0.3648	60.06	7.77	-21.23
1421	0	0	3	3	0.74599	0.77249	0.65199	90.44	0.24	-1.38
1422	3	0	3	3	0.71743	0.74721	0.64434	89.26	-0.64	-2.68
1453	40	0	3	3	0.42823	0.48874	0.56727	75.37	-12.37	-18.97
1423	0	3	3	3	0.72466	0.74241	0.63088	89.04	1.85	-1.78
1424	3	3	3	3	0.69865	0.72017	0.6237	87.98	0.91	-2.91
1454	40	3	3	3	0.41658	0.47103	0.54956	74.26	-11.04	-19.04
1455	0	40	3	3	0.51254	0.44167	0.39606	72.34	24.26	-4.28
1456	3	40	3	3	0.49334	0.4279	0.39199	71.41	23.13	-5.34
1457	40	40	3	3	0.28785	0.27887	0.34825	59.79	7.5	-19.35
1458	0	0	40	3	0.67101	0.7094	0.32979	87.46	-2.84	31.05
1459	3	0	40	3	0.64369	0.68559	0.32583	86.29	-3.9	29.63
1460	40	0	40	3	0.36069	0.43395	0.2871	71.82	-18.28	10.75
1402	40	27	27	100	0.00902	0.00957	0.00794	8.63	-0.81	-0.08
1375	40	27	27	10	0.25563	0.27127	0.23673	59.09	-2.47	-2.44
1380	20	12	12	20	0.33439	0.35008	0.30922	65.75	-1.1	-3.23
1369	80	65	65	0	0.07759	0.08746	0.07411	35.49	-6.07	-0.79
1271	0	100	40	100	0.01033	0.00799	0.00732	7.21	10.15	-1.38
1270	0	40	40	100	0.00986	0.00989	0.00736	8.9	1.21	1.45
1269	0	0	40	100	0.0117	0.01215	0.00884	10.67	-0.05	1.9
1227	100	100	40	80	0.00781	0.00735	0.01124	6.64	2.91	-8.73
1226	100	70	40	80	0.00871	0.01038	0.01485	9.3	-4.93	-8.79
1225	100	40	40	80	0.01107	0.01538	0.02009	12.85	-11.52	-8.23
1224	100	0	40	80	0.01278	0.01916	0.0228	15.04	-15.47	-6.94
1211	100	100	0	80	0.00853	0.00779	0.01524	7.04	4.11	-13.14
1210	100	70	0	80	0.01008	0.01125	0.02166	10	-2.71	-14.62
1209	100	40	0	80	0.01247	0.01594	0.02837	13.19	-8.47	-14.7
1208	100	0	0	80	0.01514	0.02113	0.03589	16.07	-13.01	-15.04
1414	3	3	0	0	0.75383	0.77529	0.69668	90.56	1.28	-5.29
1436	40	3	0	0	0.44943	0.50614	0.61466	76.44	-10.79	-21.91
1437	3	40	0	0	0.53155	0.45994	0.43682	73.54	24.02	-7.4
1415	3	0	3	0	0.76567	0.79708	0.68628	91.55	-0.58	-2.64
1438	40	0	3	0	0.45526	0.51979	0.60494	77.27	-12.68	-19.53
1416	0	3	3	0	0.7736	0.79207	0.67187	91.33	1.99	-1.71
1417	3	3	3	0	0.74569	0.76825	0.66428	90.24	1.01	-2.87
1439	40	3	3	0	0.44288	0.50091	0.58603	76.13	-11.31	-19.6
1440	0	40	3	0	0.54739	0.4706	0.42106	74.23	25.1	-4.25
1441	3	40	3	0	0.5268	0.45588	0.41678	73.28	23.94	-5.35
1442	40	40	3	0	0.30624	0.29637	0.37056	61.34	7.78	-19.81
1443	3	0	40	0	0.68923	0.73351	0.34506	88.61	-3.87	30.81
1444	0	3	40	0	0.69837	0.72897	0.33782	88.4	-0.96	31.49
1445	3	3	40	0	0.67134	0.70629	0.33393	87.3	-2.12	30.18
1446	40	3	40	0	0.37381	0.44515	0.29473	72.57	-17.19	10.81
1447	3	40	40	0	0.46985	0.40903	0.2136	70.11	22.3	21
1418	3	0	0	3	0.72576	0.75438	0.67684	89.6	-0.34	-5.15
1448	40	0	0	3	0.43497	0.49413	0.59584	75.71	-11.82	-21.31
1396	40	27	27	80	0.02717	0.02905	0.02502	19.66	-1.57	-0.88
1403	20	12	12	100	0.01246	0.01305	0.01026	11.31	-0.38	0.76
1376	20	12	12	10	0.42298	0.44201	0.39045	72.36	-0.96	-3.5
1370	60	45	45	0	0.16793	0.18198	0.15453	49.74	-4.12	-1.09
1274	40	100	40	100	0.0093	0.00757	0.00711	6.84	8	-1.62
1273	40	40	40	100	0.00847	0.00876	0.00712	7.91	0.11	0.19
1272	40	0	40	100	0.00955	0.01026	0.00808	9.21	-1.29	0.68
1247	0	100	100	80	0.02309	0.01523	0.00652	12.75	20.19	9.67
1246	0	70	100	80	0.02687	0.02185	0.00725	16.43	11.8	14.64
1245	0	40	100	80	0.0325	0.03125	0.0085	20.54	4.01	19.48
1244	0	0	100	80	0.04225	0.04635	0.01016	25.67	-3.33	25.66
1231	0	100	70	80	0.02357	0.01533	0.00881	12.82	20.89	5.65
1230	0	70	70	80	0.02719	0.02178	0.01092	16.39	12.55	8.55
1229	0	40	70	80	0.03222	0.03063	0.01355	20.29	4.61	11.74
1228	0	0	70	80	0.04331	0.04677	0.01968	25.79	-2.41	14.49
1347	0	0	0	100	0.0195	0.02012	0.01568	15.55	0.24	1.03
1348	0	0	0	98	0.02243	0.02318	0.01834	17.07	0.18	0.8
1349	0	0	0	95	0.02738	0.02835	0.02289	19.37	0.09	0.44
1350	0	0	0	90	0.03715	0.03856	0.03201	23.19	-0.04	-0.14
1351	0	0	0	85	0.04904	0.05098	0.04327	27.01	-0.14	-0.7
1352	0	0	0	80	0.06324	0.06581	0.05689	30.83	-0.23	-1.26
1353	0	0	0	75	0.07996	0.08325	0.07312	34.65	-0.29	-1.83
1354	0	0	0	70	0.09974	0.10387	0.09154	38.53	-0.32	-2.08
1355	0	0	0	60	0.14882	0.1549	0.13697	46.3	-0.33	-2.5
1356	0	0	0	50	0.21209	0.22046	0.19504	54.08	-0.23	-2.84
1357	0	0	0	40	0.29101	0.30229	0.26769	61.85	-0.18	-3.19
1358	0	0	0	30	0.38786	0.40244	0.35595	69.64	-0.06	-3.45
1359	0	0	0	25	0.44362	0.45996	0.40624	73.54	0.03	-3.53
1360	0	0	0	20	0.50435	0.52259	0.4614	77.44	0.12	-3.67
1361	0	0	0	15	0.57047	0.5907	0.52121	81.33	0.22	-3.79
1362	0	0	0	10	0.6423	0.66458	0.58571	85.23	0.34	-3.87
1363	0	0	0	7	0.68825	0.71179	0.62673	87.57	0.42	-3.9
1364	0	0	0	5	0.72036	0.74475	0.65519	89.15	0.47	-3.91
1365	0	0	0	3	0.75348	0.77871	0.68442	90.72	0.54	-3.91
1366	0	0	0	2	0.77025	0.79591	0.69922	91.5	0.57	-3.91
1404	10	6	6	100	0.01552	0.01614	0.01256	13.31	-0.1	0.98
1371	40	27	27	0	0.31603	0.33466	0.29124	64.54	-2.41	-2.48
1277	100	100	40	100	0.00662	0.00633	0.00734	5.72	2.07	-3.99
1276	100	40	40	100	0.00753	0.00941	0.01105	8.49	-6.18	-5.27
1275	100	0	40	100	0.00682	0.00843	0.00903	7.62	-5.29	-3.67
1251	40	100	100	80	0.01578	0.01172	0.00654	10.35	13.35	5.51
1250	40	70	100	80	0.01888	0.01714	0.00721	13.91	5.84	10.38
1249	40	40	100	80	0.02364	0.02524	0.00837	18.02	-1.4	15.37
1248	40	0	100	80	0.02751	0.03308	0.00949	21.24	-7.73	19.05
1235	40	100	70	80	0.01633	0.01177	0.00876	10.38	14.68	1.53
1234	40	70	70	80	0.01824	0.0163	0.01047	13.41	6.44	4.06
1233	40	40	70	80	0.02194	0.0229	0.01243	16.94	-0.29	7.4
1232	40	0	70	80	0.02909	0.03442	0.01659	21.73	-6.99	10.67
1327	0	0	100	0	0.65599	0.69906	0.06661	86.95	-4	91.07
1328	0	0	98	0	0.6571	0.70044	0.07161	87.02	-4.04	89.07
1329	0	0	95	0	0.65881	0.70257	0.07974	87.12	-4.11	86.02
1330	0	0	90	0	0.66217	0.70641	0.09447	87.31	-4.17	81.01
1331	0	0	85	0	0.66609	0.7106	0.11088	87.51	-4.18	76.03
1332	0	0	80	0	0.67049	0.71511	0.12907	87.73	-4.15	71.09
1333	0	0	75	0	0.67519	0.71978	0.14914	87.96	-4.09	66.16
1334	0	0	70	0	0.67976	0.72429	0.1712	88.17	-4.02	61.21
1335	0	0	60	0	0.69083	0.73468	0.22152	88.67	-3.76	51.45
1336	0	0	50	0	0.70409	0.7466	0.28063	89.23	-3.34	41.84
1337	0	0	40	0	0.71885	0.75934	0.34925	89.83	-2.78	32.3
1338	0	0	30	0	0.7361	0.77395	0.42794	90.5	-2.09	22.94
1339	0	0	25	0	0.74579	0.78213	0.47118	90.88	-1.71	18.35
1340	0	0	20	0	0.756	0.79065	0.51706	91.26	-1.29	13.8
1341	0	0	15	0	0.76714	0.79994	0.56559	91.68	-0.84	9.32
1342	0	0	10	0	0.77885	0.80969	0.61715	92.12	-0.37	4.87
1343	0	0	7	0	0.78606	0.81567	0.64949	92.38	-0.08	2.21
1344	0	0	5	0	0.79121	0.81995	0.67167	92.57	0.12	0.46
1345	0	0	3	0	0.79642	0.82429	0.69434	92.76	0.32	-1.29
1346	0	0	2	0	0.79904	0.82646	0.70586	92.86	0.42	-2.16
1398	10	6	6	80	0.05133	0.05374	0.04604	27.78	-0.59	-0.94
1372	20	12	12	0	0.52692	0.54954	0.48429	79.01	-0.76	-3.63
1280	0	100	100	100	0.00969	0.00823	0.00563	7.44	6.87	2.19
1279	0	40	100	100	0.01156	0.01214	0.00598	10.66	-0.5	7.09
1278	0	0	100	100	0.01225	0.01332	0.00643	11.5	-1.84	7.69
1255	70	100	100	80	0.01094	0.00921	0.00645	8.32	7.53	2.17
1254	70	70	100	80	0.01344	0.01405	0.0073	11.99	-0.31	6.9
1253	70	40	100	80	0.01614	0.01939	0.0083	15.16	-6.42	10.55
1252	70	0	100	80	0.01853	0.02506	0.00926	17.95	-12.41	13.75
1239	70	100	70	80	0.01151	0.00939	0.00863	8.47	8.78	-1.54
1238	70	70	70	80	0.01297	0.01311	0.01026	11.35	1.02	0.83
1237	70	40	70	80	0.01636	0.01936	0.01319	15.15	-5.76	3.32
1236	70	0	70	80	0.01944	0.02591	0.01647	18.32	-11.86	4.93
1307	0	100	0	0	0.31904	0.16313	0.15003	47.38	72.62	-4.02
1308	0	98	0	0	0.32446	0.16997	0.15726	48.26	70.81	-4.31
1309	0	95	0	0	0.33265	0.18052	0.16847	49.56	68.1	-4.73
1310	0	90	0	0	0.34748	0.19943	0.18794	51.77	63.69	-5.29
1311	0	85	0	0	0.36335	0.21973	0.20834	54	59.43	-5.72
1312	0	80	0	0	0.38027	0.24156	0.22978	56.24	55.27	-6.04
1313	0	75	0	0	0.3981	0.2649	0.25238	58.5	51.2	-6.3
1314	0	70	0	0	0.41689	0.28979	0.27612	60.76	47.21	-6.5
1315	0	60	0	0	0.45779	0.34459	0.32686	65.33	39.52	-6.66
1316	0	50	0	0	0.50337	0.40646	0.38199	69.93	32.22	-6.56
1317	0	40	0	0	0.55333	0.47553	0.44173	74.54	25.23	-6.28
1318	0	30	0	0	0.60826	0.55217	0.50621	79.17	18.62	-5.86
1319	0	25	0	0	0.63764	0.59349	0.54018	81.48	15.43	-5.58
1320	0	20	0	0	0.66829	0.63687	0.57537	83.8	12.3	-5.27
1321	0	15	0	0	0.70016	0.68221	0.61182	86.12	9.25	-4.95
1322	0	10	0	0	0.73355	0.72972	0.64964	88.43	6.3	-4.61
1323	0	7	0	0	0.75406	0.75908	0.67289	89.82	4.55	-4.41
1324	0	5	0	0	0.76826	0.77924	0.68876	90.75	3.42	-4.26
1325	0	3	0	0	0.78257	0.79965	0.7048	91.67	2.3	-4.12
1326	0	2	0	0	0.7897	0.80986	0.71281	92.13	1.75	-4.05
1392	10	6	6	60	0.12208	0.12772	0.11217	42.42	-0.73	-2.11
1373	10	6	6	0	0.65436	0.6782	0.59482	85.92	0.1	-3.61
1283	40	100	100	100	0.00866	0.00778	0.00587	7.03	4.65	1.05
1282	40	40	100	100	0.01162	0.01247	0.00606	10.9	-1.32	7.35
1281	40	0	100	100	0.01046	0.01164	0.00585	10.29	-2.62	6.7
1259	100	100	100	80	0.00681	0.00716	0.00644	6.47	-0.36	-1.01
1258	100	70	100	80	0.00868	0.01088	0.00727	9.71	-6.81	3.02
1257	100	40	100	80	0.01039	0.01524	0.00828	12.76	-13.54	6.45
1256	100	0	100	80	0.01115	0.01894	0.00935	14.92	-20.22	8.4
1243	100	100	70	80	0.0073	0.00722	0.00851	6.52	1.38	-4.72
1242	100	70	70	80	0.00878	0.01099	0.01137	9.79	-6.73	-3.48
1241	100	40	70	80	0.0099	0.01429	0.0134	12.15	-12.64	-2.12
1240	100	0	70	80	0.01165	0.01865	0.01521	14.76	-17.86	0.21
1287	100	0	0	0	0.15211	0.22668	0.52658	54.73	-34.7	-50.24
1288	98	0	0	0	0.15922	0.23402	0.52993	55.48	-33.81	-49.3
1289	95	0	0	0	0.17008	0.24512	0.53489	56.6	-32.51	-47.92
1290	90	0	0	0	0.18933	0.2647	0.54326	58.48	-30.42	-45.57
1291	85	0	0	0	0.20988	0.28541	0.5517	60.37	-28.43	-43.2
1292	80	0	0	0	0.23179	0.30731	0.56024	62.28	-26.52	-40.81
1293	75	0	0	0	0.25511	0.33036	0.56894	64.19	-24.66	-38.43
1294	70	0	0	0	0.27997	0.35447	0.578	66.1	-22.77	-36.07
1295	60	0	0	0	0.33419	0.40637	0.59667	69.92	-19.13	-31.37
1296	50	0	0	0	0.39476	0.46333	0.61611	73.76	-15.63	-26.68
1297	40	0	0	0	0.46242	0.52552	0.63569	77.61	-12.12	-21.94
1298	30	0	0	0	0.53692	0.59309	0.65672	81.46	-8.74	-17.3
1299	25	0	0	0	0.57678	0.62895	0.66774	83.39	-7.1	-15.01
1300	20	0	0	0	0.61843	0.66627	0.67898	85.32	-5.51	-12.73
1301	15	0	0	0	0.66196	0.7051	0.69078	87.25	-3.94	-10.48
1302	10	0	0	0	0.70746	0.74549	0.70305	89.18	-2.4	-8.25
1303	7	0	0	0	0.73561	0.77036	0.71056	90.34	-1.48	-6.93
1304	5	0	0	0	0.75485	0.78734	0.71584	91.11	-0.88	-6.06
1305	3	0	0	0	0.77442	0.80459	0.72119	91.89	-0.28	-5.2
1306	2	0	0	0	0.7843	0.81327	0.72387	92.28	0.03	-4.77
1386	10	6	6	40	0.2388	0.24916	0.21967	56.99	-0.63	-2.81
1374	5	3	3	0	0.7266	0.75153	0.65921	89.46	0.41	-3.74
1286	100	100	100	100	0.00634	0.00648	0.0057	5.85	0.38	-0.66
1285	100	40	100	100	0.00816	0.0103	0.00637	9.23	-6.86	3.89
1284	100	0	100	100	0.00726	0.00953	0.00623	8.6	-7.73	3.07
1486	0	0	0	10	0.6423	0.66458	0.58571	85.23	0.34	-3.87
1487	0	0	10	10	0.6207	0.64644	0.49835	84.3	-0.61	3.88
1488	0	0	20	10	0.60123	0.63009	0.41982	83.45	-1.49	11.8
1489	0	0	40	10	0.5683	0.60199	0.28711	81.95	-2.97	28.21
1490	0	0	70	10	0.53208	0.56929	0.14319	80.14	-4.28	54.21
1491	0	10	0	10	0.58615	0.58505	0.52295	81.02	5.38	-4.52
1492	0	10	10	10	0.5635	0.56576	0.44508	79.94	4.49	2.61
1493	0	10	20	10	0.54648	0.55146	0.37514	79.13	3.76	10.23
1494	0	10	40	10	0.51701	0.52614	0.25662	77.65	2.55	25.96
1495	0	10	70	10	0.48546	0.49777	0.1288	75.93	1.51	50.82
1496	0	20	0	10	0.53435	0.51189	0.46437	76.79	10.72	-5.13
1497	0	20	10	10	0.51424	0.49487	0.39564	75.75	9.99	1.66
1498	0	20	20	10	0.49606	0.47951	0.33353	74.79	9.29	8.67
1499	0	20	40	10	0.47014	0.45729	0.22846	73.37	8.32	23.73
1500	0	20	70	10	0.44213	0.4322	0.11521	71.7	7.53	47.46
1501	0	40	0	10	0.44138	0.38245	0.35721	68.2	22.41	-6.12
1502	0	40	10	10	0.42596	0.36953	0.30485	67.24	22	0.01
1503	0	40	20	10	0.41197	0.35801	0.25763	66.37	21.56	6.33
1504	0	40	40	10	0.38937	0.33895	0.178	64.88	20.96	19.5
1505	0	40	70	10	0.36827	0.32049	0.09063	63.38	20.6	41.09
1506	0	70	0	10	0.33005	0.23196	0.22348	55.27	42.55	-6.51
1507	0	70	10	10	0.3211	0.22545	0.1913	54.6	42.26	-1.14
1508	0	70	20	10	0.31251	0.21914	0.16221	53.94	42.01	4.29
1509	0	70	40	10	0.29921	0.20883	0.113	52.82	41.86	15.57
1510	0	70	70	10	0.2858	0.19843	0.0607	51.66	41.74	32.86
1511	10	0	0	10	0.56747	0.59862	0.56428	81.76	-2.38	-7.64
1512	10	0	10	10	0.54441	0.57875	0.47853	80.67	-3.42	-0.11
1513	10	0	20	10	0.52619	0.56372	0.40318	79.82	-4.45	7.69
1514	10	0	40	10	0.49537	0.53819	0.27564	78.36	-6.25	23.91
1515	10	0	70	10	0.46	0.50709	0.138	76.5	-8.03	49.3
1516	10	10	0	10	0.51678	0.52695	0.50274	77.69	2.29	-8
1517	10	10	10	10	0.49695	0.50984	0.42786	76.67	1.44	-0.9
1518	10	10	20	10	0.48103	0.49677	0.36083	75.87	0.56	6.6
1519	10	10	40	10	0.45271	0.4732	0.24703	74.39	-1.02	22.06
1520	10	10	70	10	0.42222	0.44656	0.12469	72.66	-2.49	46.35
1521	10	20	0	10	0.47069	0.46107	0.44682	73.61	7.42	-8.5
1522	10	20	10	10	0.45317	0.446	0.38066	72.63	6.73	-1.73
1523	10	20	20	10	0.43637	0.43196	0.32119	71.69	5.92	5.16
1524	10	20	40	10	0.41147	0.41134	0.22029	70.27	4.58	19.96
1525	10	20	70	10	0.38411	0.38738	0.11173	68.56	3.41	43.1
1526	10	40	0	10	0.38692	0.34296	0.34432	65.2	18.81	-9.46
1527	10	40	10	10	0.37399	0.33196	0.29417	64.32	18.44	-3.33
1528	10	40	20	10	0.36099	0.32141	0.24882	63.46	17.87	2.89
1529	10	40	40	10	0.33974	0.30405	0.17206	62	16.93	15.89
1530	10	40	70	10	0.31845	0.28573	0.08795	60.4	16.29	36.9
1531	10	70	0	10	0.28637	0.20581	0.21671	52.49	38.39	-9.99
1532	10	70	10	10	0.27936	0.20039	0.18579	51.88	38.26	-4.63
1533	10	70	20	10	0.27169	0.19483	0.15788	51.25	37.93	0.7
1534	10	70	40	10	0.25924	0.18555	0.1104	50.16	37.53	11.78
1535	10	70	70	10	0.24591	0.17522	0.05926	48.91	37.29	28.79
1536	20	0	0	10	0.49849	0.53721	0.54482	78.3	-5.17	-11.57
1537	20	0	10	10	0.47674	0.51877	0.46205	77.21	-6.38	-4.14
1538	20	0	20	10	0.45701	0.50194	0.38793	76.19	-7.52	3.44
1539	20	0	40	10	0.42807	0.47858	0.26533	74.74	-9.67	19.42
1540	20	0	70	10	0.39466	0.45011	0.13323	72.9	-11.95	44.37
1541	20	10	0	10	0.45353	0.47294	0.48585	74.38	-0.71	-11.8
1542	20	10	10	10	0.43456	0.45679	0.41331	73.34	-1.72	-4.8
1543	20	10	20	10	0.41707	0.44199	0.34731	72.36	-2.73	2.47
1544	20	10	40	10	0.39049	0.42035	0.23792	70.9	-4.62	17.69
1545	20	10	70	10	0.36188	0.39619	0.12056	69.2	-6.57	41.55
1546	20	20	0	10	0.41212	0.41369	0.43098	70.43	4.07	-12.04
1547	20	20	10	10	0.39563	0.39977	0.36723	69.45	3.21	-5.36
1548	20	20	20	10	0.38026	0.38665	0.30929	68.51	2.41	1.5
1549	20	20	40	10	0.35648	0.3674	0.21235	67.08	0.75	16.03
1550	20	20	70	10	0.33093	0.3459	0.10852	65.43	-0.91	38.69
1551	20	40	0	10	0.33757	0.3071	0.33277	62.26	15.06	-12.83
1552	20	40	10	10	0.32533	0.29688	0.28437	61.38	14.53	-6.8
1553	20	40	20	10	0.31393	0.28745	0.24045	60.56	13.99	-0.6
1554	20	40	40	10	0.29394	0.27145	0.16647	59.11	12.77	12.2
1555	20	40	70	10	0.27334	0.25429	0.08563	57.49	11.69	32.72
1556	20	70	0	10	0.24713	0.18208	0.21053	49.75	34.21	-13.49
1557	20	70	10	10	0.24047	0.17708	0.18064	49.14	33.95	-8.22
1558	20	70	20	10	0.23406	0.17224	0.15356	48.54	33.71	-2.91
1559	20	70	40	10	0.22211	0.16353	0.10752	47.43	33.08	7.98
1560	20	70	70	10	0.20978	0.15433	0.05808	46.22	32.53	24.7
1561	40	0	0	10	0.37549	0.42605	0.50937	71.29	-11.11	-19.8
1562	40	0	10	10	0.35647	0.41063	0.43226	70.22	-12.78	-12.57
1563	40	0	20	10	0.33932	0.39665	0.36333	69.23	-14.37	-5.2
1564	40	0	40	10	0.31047	0.373	0.24928	67.5	-17.22	9.77
1565	40	0	70	10	0.28384	0.35176	0.12571	65.89	-20.34	34.37
1566	40	10	0	10	0.34104	0.37533	0.45538	67.68	-7.07	-19.78
1567	40	10	10	10	0.3248	0.36231	0.38785	66.7	-8.55	-12.92
1568	40	10	20	10	0.30954	0.34988	0.3262	65.74	-9.96	-5.85
1569	40	10	40	10	0.28376	0.32875	0.22368	64.06	-12.51	8.6
1570	40	10	70	10	0.25965	0.30957	0.11386	62.47	-15.36	31.95
1571	40	20	0	10	0.30918	0.32827	0.40501	64.02	-2.69	-19.79
1572	40	20	10	10	0.29496	0.31691	0.34541	63.09	-3.99	-13.25
1573	40	20	20	10	0.28173	0.30624	0.29143	62.19	-5.23	-6.56
1574	40	20	40	10	0.25885	0.28759	0.20014	60.57	-7.48	7.29
1575	40	20	70	10	0.23674	0.26997	0.10267	58.97	-10.06	29.42
1576	40	40	0	10	0.25133	0.24359	0.31369	56.45	7.13	-19.97
1577	40	40	10	10	0.24065	0.23497	0.26814	55.58	6.27	-14.08
1578	40	40	20	10	0.2308	0.22721	0.22699	54.78	5.35	-8.03
1579	40	40	40	10	0.21374	0.21366	0.15719	53.35	3.69	4.49
1580	40	40	70	10	0.19513	0.19906	0.08187	51.73	1.61	24.19
1581	40	70	0	10	0.18064	0.14159	0.20082	44.46	25.49	-20.62
1582	40	70	10	10	0.17423	0.137	0.17233	43.8	24.92	-15.56
1583	40	70	20	10	0.16826	0.1327	0.14663	43.17	24.38	-10.43
1584	40	70	40	10	0.15805	0.12549	0.10296	42.08	23.31	0.19
1585	40	70	70	10	0.14681	0.11762	0.05593	40.84	22.01	16.45
1586	70	0	0	10	0.22848	0.28796	0.46023	60.6	-20.77	-32.56
1587	70	0	10	10	0.214	0.27722	0.3917	59.64	-23.29	-25.6
1588	70	0	20	10	0.20099	0.26771	0.33056	58.76	-25.79	-18.53
1589	70	0	40	10	0.17873	0.25106	0.2278	57.18	-30.34	-4.06
1590	70	0	70	10	0.15557	0.23338	0.11849	55.42	-35.64	18.41
1591	70	10	0	10	0.20705	0.2542	0.41323	57.48	-17.32	-32.13
1592	70	10	10	10	0.19413	0.24477	0.35249	56.56	-19.72	-25.51
1593	70	10	20	10	0.18265	0.23641	0.29796	55.73	-22.01	-18.75
1594	70	10	40	10	0.16283	0.22148	0.20553	54.18	-26.15	-4.83
1595	70	10	70	10	0.14274	0.20641	0.1079	52.55	-30.99	16.69
1596	70	20	0	10	0.18706	0.22243	0.3693	54.28	-13.5	-31.8
1597	70	20	10	10	0.1757	0.21424	0.31559	53.41	-15.71	-25.5
1598	70	20	20	10	0.16534	0.20672	0.2669	52.59	-17.86	-19.03
1599	70	20	40	10	0.14775	0.19351	0.18459	51.1	-21.64	-5.72
1600	70	20	70	10	0.13029	0.18056	0.09774	49.56	-26.03	14.82
1601	70	40	0	10	0.14998	0.16414	0.28889	47.51	-4.86	-31.45
1602	70	40	10	10	0.14145	0.158	0.24763	46.71	-6.6	-25.78
1603	70	40	20	10	0.1336	0.15246	0.21018	45.97	-8.38	-19.93
1604	70	40	40	10	0.12047	0.1429	0.14594	44.65	-11.44	-7.7
1605	70	40	70	10	0.10701	0.13316	0.07813	43.23	-15.04	10.97
1606	70	70	0	10	0.10542	0.09454	0.18893	36.84	11.31	-31.24
1607	70	70	10	10	0.1	0.09105	0.16269	36.18	9.98	-26.43
1608	70	70	20	10	0.0952	0.08798	0.13909	35.59	8.71	-21.53
1609	70	70	40	10	0.08705	0.08255	0.09798	34.51	6.59	-11.22
1610	70	70	70	10	0.07807	0.07696	0.05355	33.34	3.63	4.7
1611	50	40	40	0	0.22028	0.23081	0.18706	55.16	-1.05	0.73
1612	100	0	0	10	0.12206	0.18187	0.4139	49.72	-32.23	-45.59
1613	0	100	0	10	0.25081	0.13	0.12323	42.76	65.89	-4.79
1614	0	0	100	10	0.50461	0.54113	0.05519	78.53	-4.51	81.8
1615	0	100	100	10	0.23251	0.12336	0.01814	41.74	62.31	43.54
1616	100	0	100	10	0.06283	0.1425	0.04657	44.59	-59.95	27.75
1617	100	100	0	10	0.03567	0.02646	0.10984	18.57	17.61	-42.52
END_DATA										