CGATS.17										
										
ORIGINATOR	"Advanced Printing Technology Centre (APTEC), http://aptec.hkprinters.org/en/index.html"									
INSTRUMENTATION	"D50, 2 degree, geometry 45/0, no polarisation filter, white backing, according to ISO 13655:2009 M1"									
DESCRIPTOR	APTEC_Flexo_PVC_LinearCTV_2025									
MEASUREMENT_SOURCE	"MeasurementCondition=M1	Filter=D50"									
ILLUMINATION_NAME	D50									
OBSERVER_ANGLE	2									
FILTER	D50									
WEIGHTING_FUNCTION	"ILLUMINANT,	D50"									
WEIGHTING_FUNCTION	"OBSERVER,	2 degree"									
KEYWORD	DEVCALSTD									
DEVCALSTD										
CREATED										
										
NUMBER_OF_FIELDS	11									
BEGIN_DATA_FORMAT										
SAMPLE_ID	CMYK_C	CMYK_M	CMYK_Y	CMYK_K	XYZ_X	XYZ_Y	XYZ_Z	LAB_L	LAB_A	LAB_B
END_DATA_FORMAT										
										
NUMBER_OF_SETS	1617									
BEGIN_DATA										
171	0	100	20	0	0.33276	0.16972	0.13447	48.22	73.88	1.49
170	0	85	20	0	0.37426	0.22501	0.18188	54.55	60.61	0.84
169	0	70	20	0	0.42467	0.29376	0.23557	61.11	48.04	1.26
168	0	55	20	0	0.48637	0.38035	0.29585	68.05	35.75	2.83
167	0	40	20	0	0.55733	0.48319	0.36139	75.03	24.15	5.06
166	0	30	20	0	0.61057	0.56186	0.40876	79.72	16.78	6.79
165	0	20	20	0	0.66863	0.64751	0.45894	84.36	10	8.55
164	0	10	20	0	0.72974	0.7374	0.50864	88.8	3.93	10.48
1340	0	0	20	0	0.79558	0.83485	0.56111	93.23	-1.84	12.45
90	0	100	10	0	0.33616	0.17048	0.15303	48.32	74.66	-3.15
89	0	85	10	0	0.37983	0.22683	0.20908	54.74	61.59	-4.58
88	0	70	10	0	0.43178	0.29637	0.27261	61.34	49.17	-4.91
87	0	55	10	0	0.49477	0.38284	0.34423	68.23	37.24	-4.21
86	0	40	10	0	0.56763	0.48667	0.42254	75.24	25.76	-2.69
85	0	30	10	0	0.62237	0.56625	0.47949	79.97	18.46	-1.43
84	0	20	10	0	0.6822	0.65337	0.53961	84.66	11.67	-0.05
83	0	10	10	0	0.74747	0.74879	0.60423	89.34	5.28	1.35
1342	0	0	10	0	0.81536	0.84806	0.66767	93.8	-0.45	2.95
1307	0	100	0	0	0.33972	0.17113	0.17217	48.4	75.55	-7.58
8	0	85	0	0	0.38498	0.22828	0.23732	54.89	62.6	-9.78
7	0	70	0	0	0.43957	0.29929	0.31225	61.59	50.36	-10.88
6	0	55	0	0	0.50428	0.38596	0.39677	68.46	38.8	-11.07
5	0	40	0	0	0.57936	0.49091	0.48943	75.51	27.49	-10.26
1318	0	30	0	0	0.63539	0.57109	0.55656	80.24	20.27	-9.46
1320	0	20	0	0	0.69706	0.65939	0.6282	84.97	13.55	-8.54
1322	0	10	0	0	0.76451	0.75654	0.70483	89.7	7.18	-7.52
1367	0	0	0	0	0.83729	0.86234	0.7866	94.41	1.11	-6.47
735	0	100	0	20	0.22722	0.11679	0.12458	40.7	64.44	-8.73
734	0	70	0	20	0.28425	0.19637	0.20907	51.42	42.15	-10.3
733	0	40	0	20	0.37084	0.31906	0.31998	63.26	21.96	-9.18
732	0	20	0	20	0.44051	0.42092	0.40257	70.93	10.37	-7.56
731	0	10	0	20	0.47833	0.47646	0.4457	74.6	5.29	-6.67
730	0	0	0	20	0.51841	0.53574	0.49085	78.21	0.48	-5.76
180	10	100	20	0	0.28864	0.14985	0.13262	45.61	68.9	-2.51
179	10	85	20	0	0.32625	0.2005	0.179	51.89	55.77	-3.11
178	10	70	20	0	0.37227	0.26402	0.2311	58.42	43.32	-2.55
177	10	55	20	0	0.42814	0.34373	0.28994	65.26	31.2	-1.03
176	10	40	20	0	0.49172	0.43746	0.35358	72.06	19.91	1.05
175	10	30	20	0	0.53929	0.50873	0.39957	76.6	12.81	2.61
174	10	20	20	0	0.59081	0.58582	0.44801	81.06	6.31	4.19
173	10	10	20	0	0.64488	0.66664	0.49568	85.33	0.47	5.96
172	10	0	20	0	0.69626	0.74641	0.54264	89.22	-4.98	7.5
99	10	100	10	0	0.29156	0.15048	0.15081	45.7	69.65	-7.12
98	10	85	10	0	0.33114	0.20209	0.20557	52.07	56.73	-8.48
97	10	70	10	0	0.37869	0.26635	0.26721	58.63	44.46	-8.66
96	10	55	10	0	0.43591	0.34606	0.33713	65.44	32.71	-7.99
95	10	40	10	0	0.50126	0.44069	0.41308	72.27	21.54	-6.6
94	10	30	10	0	0.55023	0.51283	0.46832	76.85	14.51	-5.5
93	10	20	10	0	0.60339	0.59125	0.52627	81.36	8.02	-4.29
92	10	10	10	0	0.66139	0.67724	0.58846	85.87	1.87	-3.05
91	10	0	10	0	0.71469	0.75878	0.64572	89.8	-3.55	-1.88
18	10	100	0	0	0.29236	0.14985	0.16972	45.61	70.33	-11.83
17	10	85	0	0	0.33356	0.20223	0.23345	52.09	57.52	-13.9
16	10	70	0	0	0.38386	0.26826	0.30624	58.81	45.35	-14.74
15	10	55	0	0	0.44317	0.3493	0.38885	65.69	33.73	-14.78
14	10	40	0	0	0.51077	0.44555	0.47886	72.6	22.67	-14.06
13	10	30	0	0	0.56145	0.51947	0.54468	77.25	15.59	-13.36
12	10	20	0	0	0.61648	0.59959	0.61411	81.82	9.12	-12.59
11	10	10	0	0	0.67647	0.6873	0.68804	86.37	3.03	-11.74
10	10	0	0	0	0.73427	0.77288	0.76184	90.45	-2.26	-11.2
741	10	100	0	20	0.1977	0.10326	0.12246	38.42	60.27	-12.06
740	10	70	0	20	0.25049	0.1777	0.20558	49.22	37.94	-13.4
739	10	40	0	20	0.32931	0.29114	0.31399	60.88	18.11	-12.37
738	10	20	0	20	0.39263	0.38453	0.39456	68.35	7.01	-10.95
737	10	10	0	20	0.42659	0.43501	0.43646	71.89	2.14	-10.2
736	10	0	0	20	0.46066	0.48618	0.47881	75.21	-2.29	-9.55
189	20	100	20	0	0.24838	0.13128	0.13077	42.96	64.02	-6.58
188	20	85	20	0	0.28284	0.17818	0.17579	49.27	50.86	-6.9
187	20	70	20	0	0.32429	0.23641	0.22665	55.73	38.55	-6.34
186	20	55	20	0	0.37461	0.30953	0.28426	62.47	26.62	-4.91
185	20	40	20	0	0.43105	0.39438	0.34596	69.07	15.65	-3.02
184	20	30	20	0	0.47278	0.45816	0.39008	73.43	8.82	-1.61
183	20	20	20	0	0.51771	0.52694	0.43647	77.69	2.54	-0.2
182	20	10	20	0	0.5598	0.59314	0.47948	81.46	-2.99	1.15
181	20	0	20	0	0.60476	0.66398	0.52452	85.2	-8.21	2.52
108	20	100	10	0	0.24902	0.1308	0.14871	42.88	64.61	-11.45
107	20	85	10	0	0.28585	0.17906	0.20212	49.38	51.57	-12.41
106	20	70	10	0	0.32881	0.23822	0.26235	55.91	39.37	-12.52
105	20	55	10	0	0.38083	0.31245	0.3307	62.71	27.56	-11.74
104	20	40	10	0	0.43926	0.39908	0.40506	69.4	16.61	-10.52
103	20	30	10	0	0.48254	0.46429	0.45848	73.82	9.8	-9.55
102	20	20	10	0	0.52922	0.53462	0.51433	78.15	3.57	-8.52
101	20	10	10	0	0.57483	0.60399	0.57026	82.05	-1.83	-7.76
100	20	0	10	0	0.62152	0.67642	0.62526	85.83	-7	-6.77
27	20	100	0	0	0.24978	0.13019	0.16718	42.79	65.32	-16.1
26	20	85	0	0	0.2881	0.17915	0.22931	49.39	52.4	-17.77
25	20	70	0	0	0.3337	0.24001	0.30045	56.09	40.32	-18.52
24	20	55	0	0	0.38779	0.31557	0.38114	62.98	28.66	-18.43
23	20	40	0	0	0.4484	0.40378	0.4691	69.74	17.82	-17.85
22	20	30	0	0	0.49334	0.47071	0.53299	74.24	10.96	-17.3
21	20	20	0	0	0.54169	0.54255	0.59974	78.61	4.77	-16.7
20	20	10	0	0	0.58924	0.61356	0.66677	82.57	-0.57	-16.33
1300	20	0	0	0	0.64014	0.68984	0.73778	86.5	-5.61	-15.95
747	20	100	0	20	0.17108	0.09077	0.12044	36.13	56.26	-15.42
746	20	70	0	20	0.21968	0.16031	0.20227	47.02	33.76	-16.52
745	20	40	0	20	0.29149	0.26519	0.30848	58.53	14.34	-15.58
744	20	20	0	20	0.34817	0.3501	0.38684	65.76	3.65	-14.4
743	20	10	0	20	0.37678	0.39333	0.42596	68.99	-0.8	-13.9
742	20	0	0	20	0.40734	0.43959	0.4672	72.2	-5	-13.38
198	30	100	20	0	0.20965	0.11344	0.12915	40.15	58.62	-10.96
197	30	85	20	0	0.24074	0.15636	0.17314	46.49	45.48	-11.1
196	30	70	20	0	0.27803	0.21018	0.22258	52.97	33.04	-10.31
195	30	55	20	0	0.32223	0.2763	0.2785	59.55	21.32	-8.98
194	30	40	20	0	0.37187	0.35307	0.33857	65.99	10.56	-7.26
193	30	30	20	0	0.40837	0.41036	0.38153	70.2	3.93	-6.03
192	30	20	20	0	0.44407	0.46686	0.42408	73.99	-1.76	-5.05
191	30	10	20	0	0.48028	0.52523	0.46531	77.59	-7.07	-3.86
190	30	0	20	0	0.51915	0.5874	0.50893	81.15	-11.98	-2.74
117	30	100	10	0	0.21041	0.11301	0.14671	40.08	59.29	-15.77
116	30	85	10	0	0.24375	0.15725	0.19889	46.61	46.27	-16.51
115	30	70	10	0	0.28244	0.21192	0.25741	53.16	33.96	-16.4
114	30	55	10	0	0.32836	0.27918	0.32383	59.81	22.37	-15.71
113	30	40	10	0	0.37993	0.3577	0.39618	66.34	11.63	-14.63
112	30	30	10	0	0.41788	0.4163	0.44814	70.61	5.04	-13.84
111	30	20	10	0	0.45516	0.47422	0.49945	74.46	-0.6	-13.21
110	30	10	10	0	0.49467	0.53551	0.5533	78.2	-5.76	-12.64
109	30	0	10	0	0.53523	0.59924	0.60653	81.8	-10.62	-11.88
36	30	100	0	0	0.21164	0.11277	0.16507	40.04	60.04	-20.34
35	30	85	0	0	0.24652	0.15777	0.22586	46.68	47.17	-21.78
34	30	70	0	0	0.28736	0.21387	0.29439	53.37	34.97	-22.24
33	30	55	0	0	0.33503	0.28229	0.37284	60.1	23.51	-22.27
32	30	40	0	0	0.38838	0.36216	0.45848	66.68	12.86	-21.86
31	30	30	0	0	0.42813	0.42228	0.52027	71.03	6.33	-21.45
30	30	20	0	0	0.46727	0.48155	0.58179	74.92	0.83	-21.24
29	30	10	0	0	0.50858	0.54439	0.64615	78.72	-4.28	-21.03
28	30	0	0	0	0.55385	0.61291	0.71506	82.54	-9.09	-20.79
753	40	100	0	20	0.12414	0.06934	0.1169	31.66	47.06	-22.09
752	40	70	0	20	0.16333	0.12785	0.19502	42.44	24.76	-22.9
751	40	40	0	20	0.22014	0.2143	0.29673	53.42	6.38	-22.54
750	40	20	0	20	0.26147	0.27869	0.36709	59.77	-2.97	-22.04
749	40	10	0	20	0.28405	0.31393	0.40452	62.84	-7.13	-21.77
748	40	0	0	20	0.30808	0.35137	0.44397	65.86	-11	-21.53
207	40	100	20	0	0.17444	0.09735	0.12758	37.36	52.78	-15.34
206	40	85	20	0	0.20163	0.13596	0.17019	43.65	39.68	-15.32
205	40	70	20	0	0.23413	0.18434	0.21827	50.02	27.37	-14.56
204	40	55	20	0	0.27252	0.24378	0.27229	56.46	15.78	-13.26
203	40	40	20	0	0.3148	0.31146	0.33021	62.63	5.36	-11.81
202	40	30	20	0	0.34503	0.36054	0.37137	66.56	-0.89	-10.92
201	40	20	20	0	0.37555	0.41022	0.41235	70.19	-6.37	-10.1
200	40	10	20	0	0.40686	0.46165	0.45269	73.65	-11.41	-9.15
199	40	0	20	0	0.43992	0.51567	0.49481	77.02	-16.03	-8.27
126	40	100	10	0	0.17578	0.09729	0.14506	37.35	53.54	-20.05
125	40	85	10	0	0.20479	0.137	0.19522	43.8	40.56	-20.59
124	40	70	10	0	0.2386	0.1862	0.25202	50.24	28.39	-20.48
123	40	55	10	0	0.27821	0.24652	0.31643	56.73	16.88	-19.9
122	40	40	10	0	0.3225	0.31581	0.38596	63	6.58	-19.05
121	40	30	10	0	0.35434	0.36606	0.43559	66.98	0.46	-18.56
120	40	20	10	0	0.38638	0.41701	0.48509	70.66	-4.93	-18.12
119	40	10	10	0	0.42153	0.4724	0.53778	74.34	-9.93	-17.63
118	40	0	10	0	0.45633	0.52804	0.58916	77.76	-14.49	-17.1
45	40	100	0	0	0.1777	0.0975	0.16339	37.39	54.41	-24.52
44	40	85	0	0	0.20798	0.13785	0.2216	43.92	41.57	-25.72
43	40	70	0	0	0.24361	0.18829	0.28769	50.49	29.51	-26.13
42	40	55	0	0	0.28442	0.2495	0.36404	57.03	18.07	-26.34
41	40	40	0	0	0.3305	0.32013	0.44647	63.35	7.88	-26.15
40	40	30	0	0	0.36444	0.37164	0.50497	67.4	2.03	-26
39	40	20	0	0	0.39817	0.42382	0.56409	71.13	-3.24	-25.95
38	40	10	0	0	0.43518	0.48081	0.62703	74.88	-8.18	-25.82
1297	40	0	0	0	0.47543	0.54245	0.69417	78.6	-12.77	-25.69
759	70	100	0	20	0.07353	0.04571	0.11023	25.48	33.25	-30.73
758	70	70	0	20	0.10054	0.0891	0.1859	35.81	12.01	-32.36
757	70	40	0	20	0.13674	0.14951	0.27635	45.57	-4.64	-32.74
756	70	20	0	20	0.16455	0.19634	0.34212	51.42	-13.27	-32.89
755	70	10	0	20	0.17838	0.21974	0.37515	54	-16.82	-33.09
754	70	0	0	20	0.19244	0.24344	0.40911	56.43	-20	-33.41
216	55	100	20	0	0.13087	0.07704	0.12523	33.36	44.2	-21.58
215	55	85	20	0	0.15272	0.10985	0.16551	39.56	31.07	-21.29
214	55	70	20	0	0.1777	0.15009	0.21123	45.65	18.82	-20.7
213	55	55	20	0	0.20812	0.19993	0.26288	51.83	7.56	-19.65
212	55	40	20	0	0.24073	0.25477	0.31743	57.54	-2.13	-18.66
211	55	30	20	0	0.26479	0.29546	0.3565	61.26	-8.02	-17.98
210	55	20	20	0	0.28982	0.33775	0.39605	64.78	-13.28	-17.31
209	55	10	20	0	0.31422	0.37968	0.43425	68	-17.98	-16.65
208	55	0	20	0	0.3395	0.42276	0.47358	71.06	-22.19	-16.1
135	55	100	10	0	0.13289	0.07738	0.14246	33.43	45.21	-26.14
134	55	85	10	0	0.15612	0.11104	0.18938	39.76	32.19	-26.32
133	55	70	10	0	0.18228	0.15209	0.24347	45.92	20.07	-26.39
132	55	55	10	0	0.21365	0.20263	0.30512	52.13	8.88	-26.08
131	55	40	10	0	0.24844	0.25891	0.37038	57.93	-0.51	-25.66
130	55	30	10	0	0.27396	0.30066	0.41735	61.71	-6.25	-25.36
129	55	20	10	0	0.30057	0.34434	0.46502	65.31	-11.43	-25.01
128	55	10	10	0	0.329	0.39072	0.51535	68.8	-16.14	-24.74
127	55	0	10	0	0.35585	0.43527	0.56329	71.91	-20.28	-24.53
54	55	100	0	0	0.13516	0.07765	0.15916	33.49	46.42	-30.23
53	55	85	0	0	0.15967	0.11197	0.21347	39.91	33.57	-31.04
52	55	70	0	0	0.1874	0.15422	0.27814	46.21	21.5	-31.93
51	55	55	0	0	0.22012	0.20565	0.35084	52.47	10.45	-32.34
50	55	40	0	0	0.25676	0.26321	0.4281	58.34	1.25	-32.53
49	55	30	0	0	0.28417	0.30617	0.48352	62.18	-4.25	-32.56
48	55	20	0	0	0.31245	0.3511	0.54054	65.83	-9.3	-32.6
47	55	10	0	0	0.34262	0.39896	0.60056	69.4	-13.93	-32.67
46	55	0	0	0	0.37271	0.44685	0.66144	72.68	-18.04	-32.88
765	100	100	0	20	0.03498	0.02499	0.10488	17.91	19.34	-42.09
764	100	70	0	20	0.05153	0.05526	0.17553	28.18	-2.11	-43.21
763	100	40	0	20	0.07454	0.09867	0.26288	37.6	-18.05	-44.18
762	100	20	0	20	0.09043	0.12936	0.32073	42.67	-25.7	-44.81
761	100	10	0	20	0.09795	0.14397	0.34831	44.8	-28.76	-45.2
760	100	0	0	20	0.10543	0.1583	0.3761	46.75	-31.38	-45.72
225	70	100	20	0	0.09713	0.06099	0.12168	29.66	35.84	-26.94
224	70	85	20	0	0.11346	0.08786	0.16063	35.57	22.74	-27
223	70	70	20	0	0.13342	0.12174	0.2049	41.49	10.81	-26.58
222	70	55	20	0	0.1566	0.1625	0.25353	47.3	-0.05	-25.81
221	70	40	20	0	0.18288	0.20887	0.30586	52.83	-9.38	-25
220	70	30	20	0	0.20244	0.24324	0.34351	56.41	-14.94	-24.49
219	70	20	20	0	0.22152	0.27749	0.38105	59.66	-19.89	-24.14
218	70	10	20	0	0.2395	0.31032	0.41555	62.53	-24.21	-23.71
217	70	0	20	0	0.25814	0.34407	0.45168	65.28	-28.11	-23.46
144	70	100	10	0	0.09969	0.06146	0.13667	29.78	37.35	-30.9
143	70	85	10	0	0.117	0.08902	0.18337	35.8	24.28	-31.84
142	70	70	10	0	0.13806	0.12373	0.23633	41.8	12.43	-32.17
141	70	55	10	0	0.16273	0.16541	0.29402	47.68	1.85	-32
140	70	40	10	0	0.19082	0.21298	0.35647	53.27	-7.22	-31.75
139	70	30	10	0	0.21171	0.24837	0.40151	56.92	-12.65	-31.59
138	70	20	10	0	0.23213	0.2837	0.44592	60.22	-17.5	-31.49
137	70	10	10	0	0.25196	0.31835	0.49056	63.21	-21.75	-31.6
136	70	0	10	0	0.27193	0.35325	0.5343	66	-25.56	-31.64
63	70	100	0	0	0.10225	0.06189	0.15159	29.89	38.88	-34.58
62	70	85	0	0	0.12077	0.09015	0.20616	36.01	25.97	-36.28
61	70	70	0	0	0.14319	0.12597	0.2695	42.15	14.14	-37.47
60	70	55	0	0	0.16935	0.16859	0.33766	48.08	3.79	-37.99
59	70	40	0	0	0.19931	0.21739	0.41149	53.75	-5.01	-38.34
58	70	30	0	0	0.22174	0.25385	0.46461	57.45	-10.25	-38.51
57	70	20	0	0	0.24369	0.29038	0.51782	60.82	-14.97	-38.79
56	70	10	0	0	0.26488	0.32619	0.5711	63.85	-19.15	-39.23
55	70	0	0	0	0.28669	0.3628	0.62645	66.73	-22.89	-39.8
771	0	100	10	20	0.224	0.11561	0.11012	40.51	63.79	-4.77
770	0	70	10	20	0.27968	0.19482	0.18295	51.25	41.12	-5.1
769	0	40	10	20	0.36436	0.31691	0.27676	63.09	20.59	-2.6
768	0	20	10	20	0.43251	0.41767	0.3464	70.71	8.99	-0.25
767	0	10	10	20	0.46917	0.47234	0.38264	74.34	3.88	0.96
766	0	0	10	20	0.50712	0.52923	0.41887	77.83	-0.84	2.24
234	85	100	20	0	0.06557	0.04442	0.11728	25.08	27.01	-33.54
233	85	85	20	0	0.07762	0.06611	0.15573	30.91	13.72	-33.85
232	85	70	20	0	0.09217	0.09369	0.19734	36.69	1.52	-33.3
231	85	55	20	0	0.1103	0.12784	0.245	42.44	-9.16	-32.67
230	85	40	20	0	0.13011	0.1656	0.29474	47.7	-18.11	-32.07
229	85	30	20	0	0.14429	0.19263	0.32925	50.99	-23.31	-31.73
228	85	20	20	0	0.15761	0.21876	0.36295	53.9	-27.89	-31.59
227	85	10	20	0	0.17103	0.24501	0.39621	56.59	-31.94	-31.46
226	85	0	20	0	0.18566	0.27274	0.43216	59.23	-35.53	-31.51
153	85	100	10	0	0.06822	0.04493	0.13171	25.24	29.04	-37.39
152	85	85	10	0	0.08127	0.0673	0.17797	31.18	15.85	-38.59
151	85	70	10	0	0.09691	0.09561	0.2273	37.04	3.84	-38.68
150	85	55	10	0	0.11657	0.13081	0.28391	42.89	-6.59	-38.61
149	85	40	10	0	0.13816	0.16986	0.34338	48.24	-15.27	-38.55
148	85	30	10	0	0.15361	0.1979	0.385	51.6	-20.32	-38.57
147	85	20	10	0	0.16803	0.22492	0.42515	54.55	-24.8	-38.7
146	85	10	10	0	0.18309	0.25273	0.46733	57.34	-28.73	-39.02
145	85	0	10	0	0.19892	0.28146	0.51055	60.02	-32.23	-39.35
72	85	100	0	0	0.07131	0.0454	0.1464	25.38	31.51	-41.03
71	85	85	0	0	0.08543	0.06833	0.19998	31.42	18.5	-42.93
70	85	70	0	0	0.10229	0.09727	0.25816	37.35	6.75	-43.79
69	85	55	0	0	0.12377	0.1338	0.3253	43.33	-3.51	-44.35
68	85	40	0	0	0.14727	0.17431	0.39602	48.8	-12.04	-44.86
67	85	30	0	0	0.1641	0.20324	0.44485	52.2	-16.89	-45.18
66	85	20	0	0	0.17997	0.23132	0.49303	55.21	-21.18	-45.68
65	85	10	0	0	0.19623	0.26011	0.5431	58.05	-25.07	-46.3
1291	85	0	0	0	0.21423	0.29092	0.59617	60.86	-28.47	-46.94
777	10	100	10	20	0.19502	0.10258	0.10821	38.3	59.43	-7.98
776	10	70	10	20	0.2464	0.17614	0.17976	49.02	37.01	-8.23
775	10	40	10	20	0.32266	0.28782	0.27134	60.59	17.01	-5.99
774	10	20	10	20	0.38372	0.37884	0.33877	67.94	5.99	-3.93
773	10	10	10	20	0.41642	0.42821	0.37376	71.43	1.07	-2.85
772	10	0	10	20	0.44993	0.47995	0.40932	74.82	-3.66	-1.73
243	100	100	20	0	0.04024	0.03015	0.114	20.1	17.81	-41.14
242	100	85	20	0	0.04882	0.04755	0.14995	26.03	3.83	-40.82
241	100	70	20	0	0.05979	0.07031	0.19126	31.88	-8.46	-40.3
240	100	55	20	0	0.07306	0.09792	0.23707	37.47	-18.87	-39.79
239	100	40	20	0	0.08694	0.12737	0.2829	42.36	-27.37	-39.35
238	100	30	20	0	0.09693	0.14849	0.31498	45.43	-32.28	-39.17
237	100	20	20	0	0.10687	0.16981	0.34728	48.24	-36.7	-39.13
236	100	10	20	0	0.11684	0.19096	0.38036	50.8	-40.51	-39.32
235	100	0	20	0	0.12712	0.21235	0.41451	53.21	-43.82	-39.66
162	100	100	10	0	0.04305	0.0307	0.12811	20.32	20.82	-44.87
161	100	85	10	0	0.05245	0.04848	0.17049	26.3	7.14	-45.31
160	100	70	10	0	0.06454	0.07196	0.2192	32.25	-4.96	-45.38
159	100	55	10	0	0.07938	0.10094	0.27432	38.01	-15.3	-45.42
158	100	40	10	0	0.09481	0.13146	0.32881	42.98	-23.46	-45.48
157	100	30	10	0	0.10594	0.15345	0.36744	46.1	-28.21	-45.65
156	100	20	10	0	0.11698	0.17569	0.40613	48.97	-32.52	-45.89
155	100	10	10	0	0.12841	0.19839	0.44644	51.65	-36.28	-46.32
154	100	0	10	0	0.1399	0.22081	0.4878	54.11	-39.48	-46.97
81	100	100	0	0	0.04611	0.03125	0.14229	20.54	24	-48.32
80	100	85	0	0	0.05647	0.04954	0.19141	26.6	10.54	-49.43
79	100	70	0	0	0.06974	0.07363	0.24846	32.62	-1.25	-50.22
78	100	55	0	0	0.08634	0.104	0.31397	38.55	-11.44	-50.87
77	100	40	0	0	0.10351	0.13592	0.37901	43.64	-19.45	-51.48
76	100	30	0	0	0.11593	0.15875	0.42425	46.81	-23.96	-51.92
75	100	20	0	0	0.12827	0.18201	0.47059	49.74	-28.11	-52.51
74	100	10	0	0	0.14101	0.20576	0.51864	52.48	-31.76	-53.24
73	100	0	0	0	0.15425	0.22998	0.56866	55.07	-34.91	-54.12
783	20	100	10	20	0.16859	0.09013	0.10642	36.01	55.41	-11.38
782	20	70	10	20	0.21585	0.15885	0.17692	46.82	32.81	-11.39
781	20	40	10	20	0.28515	0.26196	0.26669	58.22	13.2	-9.28
780	20	20	10	20	0.33978	0.34474	0.33231	65.34	2.58	-7.46
779	20	10	10	20	0.36729	0.38705	0.365	68.54	-1.94	-6.63
778	20	0	10	20	0.39691	0.43343	0.39938	71.79	-6.45	-5.67
414	0	100	55	0	0.32109	0.16557	0.07542	47.7	72.01	19.73
413	0	85	55	0	0.35834	0.21839	0.0991	53.86	58.38	21.77
412	0	70	55	0	0.40585	0.2866	0.12566	60.48	45.06	25.06
411	0	55	55	0	0.46302	0.37082	0.15517	67.34	32.32	29.11
410	0	40	55	0	0.52922	0.46906	0.18579	74.13	20.89	33.73
409	0	30	55	0	0.5788	0.54399	0.20783	78.69	13.62	36.96
408	0	20	55	0	0.63083	0.62292	0.22984	83.07	7.04	40.2
407	0	10	55	0	0.68679	0.70806	0.25287	87.39	0.88	43.42
406	0	0	55	0	0.74693	0.79969	0.27637	91.67	-4.9	46.75
333	0	100	40	0	0.32623	0.16778	0.09931	47.98	72.63	11.57
332	0	85	40	0	0.36488	0.22156	0.13209	54.19	59.1	12.43
331	0	70	40	0	0.41294	0.28949	0.16859	60.74	46.12	14.51
330	0	55	40	0	0.47172	0.37479	0.20939	67.63	33.48	17.58
329	0	40	40	0	0.5397	0.47565	0.25371	74.55	21.76	21.13
328	0	30	40	0	0.59056	0.55159	0.28446	79.13	14.56	23.79
327	0	20	40	0	0.6445	0.63227	0.31579	83.56	8.03	26.45
326	0	10	40	0	0.70222	0.71902	0.34839	87.92	1.91	29.14
325	0	0	40	0	0.76422	0.81281	0.3824	92.26	-3.9	31.88
252	0	100	30	0	0.32948	0.16884	0.11649	48.11	73.21	6.4
251	0	85	30	0	0.36929	0.22323	0.15632	54.37	59.8	6.46
250	0	70	30	0	0.41863	0.29197	0.20097	60.95	46.9	7.78
249	0	55	30	0	0.47862	0.37755	0.25088	67.84	34.51	10.07
248	0	40	30	0	0.54808	0.47968	0.30518	74.8	22.78	13
247	0	30	30	0	0.60027	0.55754	0.34462	79.47	15.41	15.12
246	0	20	30	0	0.65533	0.63919	0.38311	83.92	8.9	17.42
245	0	10	30	0	0.71477	0.7276	0.42392	88.33	2.8	19.71
1338	0	0	30	0	0.7785	0.82308	0.46616	92.71	-3	22.1
789	40	100	10	20	0.12184	0.06869	0.10361	31.51	46.14	-18.24
788	40	70	10	20	0.1598	0.1265	0.1712	42.23	23.65	-18
787	40	40	10	20	0.21474	0.21146	0.25718	53.11	5.19	-16.44
786	40	20	10	20	0.25398	0.27443	0.31686	59.38	-4.41	-15.4
785	40	10	10	20	0.27553	0.30885	0.34838	62.41	-8.65	-14.84
784	40	0	10	20	0.2983	0.3454	0.38059	65.39	-12.65	-14.2
423	10	100	55	0	0.27894	0.14672	0.07464	45.18	66.97	15.71
422	10	85	55	0	0.31244	0.19519	0.0979	51.29	53.39	17.74
421	10	70	55	0	0.35436	0.25704	0.12341	57.75	40.24	21
420	10	55	55	0	0.40565	0.33412	0.15222	64.49	27.7	24.93
419	10	40	55	0	0.46456	0.42358	0.18192	71.12	16.47	29.38
418	10	30	55	0	0.50882	0.49167	0.20306	75.56	9.41	32.53
417	10	20	55	0	0.5546	0.56243	0.22411	79.75	3.09	35.57
416	10	10	55	0	0.60406	0.63907	0.2463	83.92	-2.85	38.61
415	10	0	55	0	0.65262	0.71579	0.26863	87.77	-8.27	41.32
342	10	100	40	0	0.28303	0.14831	0.09794	45.4	67.63	7.58
341	10	85	40	0	0.3178	0.19751	0.13001	51.55	54.2	8.45
340	10	70	40	0	0.36145	0.26029	0.16559	58.07	41.27	10.61
339	10	55	40	0	0.41404	0.33813	0.20534	64.81	28.88	13.54
338	10	40	40	0	0.4744	0.42948	0.24839	71.52	17.48	16.86
337	10	30	40	0	0.51981	0.49868	0.2778	75.99	10.44	19.47
336	10	20	40	0	0.5674	0.57115	0.30778	80.24	4.15	21.97
335	10	10	40	0	0.61842	0.64916	0.33917	84.44	-1.74	24.47
334	10	0	40	0	0.66881	0.72784	0.37111	88.34	-7.16	26.67
261	10	100	30	0	0.28579	0.14914	0.11497	45.52	68.21	2.38
260	10	85	30	0	0.32176	0.19893	0.15386	51.72	54.93	2.5
259	10	70	30	0	0.36664	0.2624	0.19726	58.26	42.13	3.92
258	10	55	30	0	0.4208	0.34107	0.24602	65.05	29.92	6.13
257	10	40	30	0	0.48269	0.43379	0.29866	71.81	18.51	8.87
256	10	30	30	0	0.52922	0.50434	0.33682	76.34	11.38	10.84
255	10	20	30	0	0.57788	0.57776	0.3737	80.61	5.12	12.99
254	10	10	30	0	0.63021	0.657	0.41275	84.84	-0.75	15.11
253	10	0	30	0	0.68099	0.73617	0.45162	88.74	-6.2	17
795	70	100	10	20	0.07123	0.04512	0.09855	25.3	31.79	-27.29
794	70	70	10	20	0.09711	0.08767	0.16346	35.53	10.51	-27.74
793	70	40	10	20	0.1309	0.14638	0.23975	45.13	-6.53	-27.06
792	70	20	10	20	0.15686	0.19177	0.29566	50.89	-15.39	-26.72
791	70	10	10	20	0.16984	0.21446	0.32319	53.43	-19	-26.61
790	70	0	10	20	0.18356	0.23832	0.35131	55.92	-22.36	-26.46
432	20	100	55	0	0.23962	0.12861	0.07366	42.55	61.97	11.57
431	20	85	55	0	0.27007	0.17351	0.09647	48.7	48.27	13.76
430	20	70	55	0	0.30732	0.22986	0.12138	55.06	35.25	16.94
429	20	55	55	0	0.35258	0.29964	0.14942	61.62	22.96	20.69
428	20	40	55	0	0.40444	0.38061	0.17795	68.07	11.93	25.01
427	20	30	55	0	0.44321	0.44176	0.19822	72.35	5.07	28
426	20	20	55	0	0.48317	0.50513	0.21854	76.38	-1.06	30.85
425	20	10	55	0	0.52273	0.56893	0.23927	80.12	-6.61	33.35
424	20	0	55	0	0.5649	0.6369	0.26066	83.8	-11.81	35.87
351	20	100	40	0	0.24337	0.13	0.09666	42.76	62.7	3.46
350	20	85	40	0	0.2751	0.17552	0.12791	48.95	49.21	4.54
349	20	70	40	0	0.31406	0.23288	0.16266	55.37	36.4	6.65
348	20	55	40	0	0.361	0.30388	0.2015	61.99	24.22	9.46
347	20	40	40	0	0.41419	0.38634	0.24299	68.49	13.1	12.61
346	20	30	40	0	0.45404	0.44846	0.2713	72.79	6.28	15.05
345	20	20	40	0	0.49517	0.51296	0.29983	76.86	0.15	17.39
344	20	10	40	0	0.53556	0.57749	0.32863	80.6	-5.37	19.41
343	20	0	40	0	0.57957	0.64736	0.35931	84.35	-10.56	21.42
270	20	100	30	0	0.24587	0.13071	0.11348	42.87	63.32	-1.73
269	20	85	30	0	0.27875	0.17674	0.15123	49.1	50.01	-1.36
268	20	70	30	0	0.31901	0.23481	0.19364	55.56	37.35	0.03
267	20	55	30	0	0.36767	0.30693	0.24133	62.25	25.3	2.16
266	20	40	30	0	0.42238	0.39067	0.29233	68.8	14.22	4.69
265	20	30	30	0	0.46308	0.45379	0.32891	73.14	7.33	6.5
264	20	20	30	0	0.5057	0.51956	0.36441	77.25	1.26	8.48
263	20	10	30	0	0.5462	0.5843	0.39942	80.98	-4.3	10.17
262	20	0	30	0	0.59045	0.6544	0.43655	84.71	-9.5	11.89
801	100	100	10	20	0.0327	0.02434	0.09345	17.62	16.95	-38.8
800	100	70	10	20	0.04795	0.05383	0.15461	27.8	-4.93	-38.92
799	100	40	10	20	0.06849	0.09517	0.22788	36.96	-21.21	-38.93
798	100	20	10	20	0.08221	0.12382	0.27534	41.82	-29.14	-39.03
797	100	10	10	20	0.08887	0.1377	0.29827	43.9	-32.34	-39.19
796	100	0	10	20	0.09595	0.15224	0.32331	45.94	-35.28	-39.55
441	30	100	55	0	0.20282	0.11184	0.07275	39.89	56.46	7.35
440	30	85	55	0	0.22985	0.15273	0.09503	46.01	42.75	9.6
439	30	70	55	0	0.26239	0.20359	0.11925	52.24	29.87	12.7
438	30	55	55	0	0.3016	0.26613	0.1464	58.61	17.8	16.27
437	30	40	55	0	0.34639	0.33832	0.17372	64.83	7.04	20.38
436	30	30	55	0	0.37977	0.39272	0.19341	68.95	0.35	23.15
435	30	20	55	0	0.41159	0.44576	0.21265	72.61	-5.48	25.51
434	30	10	55	0	0.44537	0.50184	0.23253	76.18	-10.84	27.82
433	30	0	55	0	0.48162	0.56134	0.25318	79.69	-15.74	30.09
360	30	100	40	0	0.20623	0.11291	0.09539	40.07	57.35	-0.76
359	30	85	40	0	0.23449	0.15431	0.12582	46.22	43.91	0.43
358	30	70	40	0	0.26922	0.20667	0.15972	52.58	31.18	2.56
357	30	55	40	0	0.31026	0.27063	0.19741	59.03	19.21	5.21
356	30	40	40	0	0.35672	0.34464	0.23759	65.33	8.38	8.16
355	30	30	40	0	0.39084	0.39967	0.26512	69.45	1.73	10.34
354	30	20	40	0	0.42241	0.45253	0.29115	73.06	-4.13	12.22
353	30	10	40	0	0.457	0.50928	0.31871	76.64	-9.45	14.07
352	30	0	40	0	0.49373	0.56933	0.34769	80.14	-14.39	15.83
279	30	100	30	0	0.20857	0.11354	0.11185	40.17	58.03	-5.89
278	30	85	30	0	0.23803	0.1555	0.14867	46.38	44.79	-5.41
277	30	70	30	0	0.27396	0.20852	0.18998	52.79	32.21	-3.98
276	30	55	30	0	0.31669	0.27362	0.2363	59.31	20.37	-1.98
275	30	40	30	0	0.36464	0.34886	0.28565	65.66	9.6	0.37
274	30	30	30	0	0.39976	0.40495	0.32128	69.82	2.91	1.93
273	30	20	30	0	0.43258	0.45888	0.35368	73.47	-2.89	3.47
272	30	10	30	0	0.46742	0.51592	0.3872	77.04	-8.24	4.99
271	30	0	30	0	0.50456	0.57639	0.42233	80.54	-13.19	6.47
807	0	100	20	20	0.2209	0.11445	0.09627	40.32	63.19	-0.62
806	0	70	20	20	0.27557	0.19349	0.15845	51.09	40.15	0.3
805	0	40	20	20	0.35886	0.31519	0.23723	62.94	19.39	4.11
804	0	20	20	20	0.42528	0.41468	0.2953	70.5	7.75	7.15
803	0	10	20	20	0.45996	0.46704	0.32406	74	2.74	8.71
802	0	0	20	20	0.49688	0.52313	0.3541	77.47	-2.02	10.3
450	40	100	55	0	0.16816	0.09598	0.0718	37.11	50.42	2.95
449	40	85	55	0	0.19162	0.13264	0.09345	43.16	36.79	5.23
448	40	70	55	0	0.21958	0.17807	0.117	49.26	24.04	8.23
447	40	55	55	0	0.2534	0.23408	0.1433	55.49	12.12	11.68
446	40	40	55	0	0.29071	0.2972	0.16968	61.41	1.6	15.42
445	40	30	55	0	0.31648	0.34225	0.18857	65.14	-4.85	17.62
444	40	20	55	0	0.34302	0.3883	0.20702	68.63	-10.49	19.77
443	40	10	55	0	0.37087	0.43651	0.22593	71.99	-15.66	21.85
442	40	0	55	0	0.40051	0.48707	0.24543	75.27	-20.34	23.86
369	40	100	40	0	0.17145	0.09699	0.09404	37.3	51.43	-5.07
368	40	85	40	0	0.19607	0.13413	0.12358	43.38	38.08	-3.83
367	40	70	40	0	0.22608	0.18098	0.1565	49.61	25.5	-1.78
366	40	55	40	0	0.2619	0.23865	0.19306	55.95	13.67	0.82
365	40	40	40	0	0.30105	0.30367	0.23186	61.97	3.12	3.44
364	40	30	40	0	0.32736	0.34918	0.25826	65.68	-3.28	5.05
363	40	20	40	0	0.354	0.39531	0.28331	69.13	-8.93	6.74
362	40	10	40	0	0.38266	0.44418	0.3096	72.51	-14.06	8.35
361	40	0	40	0	0.41275	0.49526	0.33699	75.78	-18.77	9.86
288	40	100	30	0	0.17315	0.09735	0.11065	37.36	52.08	-10.36
287	40	85	30	0	0.19883	0.13507	0.14631	43.52	38.86	-9.74
286	40	70	30	0	0.23002	0.18267	0.18647	49.82	26.4	-8.34
285	40	55	30	0	0.26693	0.24106	0.23121	56.19	14.69	-6.4
284	40	40	30	0	0.30765	0.30736	0.27882	62.28	4.23	-4.33
283	40	30	30	0	0.33648	0.35521	0.31286	66.15	-2.09	-3.11
282	40	20	30	0	0.36429	0.40239	0.34397	69.64	-7.67	-1.75
281	40	10	30	0	0.39416	0.4525	0.37677	73.06	-12.78	-0.46
280	40	0	30	0	0.42573	0.50506	0.41104	76.38	-17.45	0.73
813	10	100	20	20	0.19235	0.10158	0.09462	38.12	58.86	-3.85
812	10	70	20	20	0.24268	0.17494	0.15578	48.88	36.05	-2.88
811	10	40	20	20	0.31764	0.28622	0.23274	60.45	15.81	0.65
810	10	20	20	20	0.37714	0.37615	0.28909	67.74	4.73	3.38
809	10	10	20	20	0.40812	0.42363	0.31688	71.12	-0.11	4.84
808	10	0	20	20	0.4404	0.47425	0.34616	74.46	-4.86	6.25
459	55	100	55	0	0.12421	0.07544	0.07046	33.01	41.25	-3.56
458	55	85	55	0	0.14273	0.1063	0.09124	38.95	27.64	-1.25
457	55	70	55	0	0.16471	0.14439	0.11364	44.86	15.12	1.64
456	55	55	55	0	0.19079	0.19106	0.13888	50.81	3.38	4.77
455	55	40	55	0	0.21657	0.24023	0.16402	56.11	-6.89	7.61
454	55	30	55	0	0.23597	0.27674	0.18206	59.59	-13.08	9.48
453	55	20	55	0	0.25541	0.31333	0.19923	62.79	-18.49	11.31
452	55	10	55	0	0.27575	0.3513	0.21678	65.85	-23.38	13.03
451	55	0	55	0	0.29692	0.39048	0.23475	68.79	-27.81	14.65
378	55	100	40	0	0.12713	0.07636	0.09265	33.21	42.35	-11.63
377	55	85	40	0	0.14687	0.10796	0.12099	39.24	28.94	-10.23
376	55	70	40	0	0.17011	0.14694	0.15201	45.21	16.58	-8.26
375	55	55	40	0	0.19783	0.19488	0.18692	51.25	5.01	-5.96
374	55	40	40	0	0.22694	0.2472	0.2237	56.8	-5.09	-3.92
373	55	30	40	0	0.24753	0.28473	0.24887	60.31	-11.16	-2.55
372	55	20	40	0	0.26838	0.32274	0.2731	63.57	-16.51	-1.15
371	55	10	40	0	0.29018	0.36214	0.29802	66.68	-21.32	0.13
370	55	0	40	0	0.31303	0.40303	0.32413	69.68	-25.69	1.26
297	55	100	30	0	0.12906	0.07679	0.10878	33.3	43.25	-16.78
296	55	85	30	0	0.14976	0.10892	0.1429	39.4	29.99	-15.96
295	55	70	30	0	0.17405	0.14861	0.18079	45.44	17.73	-14.63
294	55	55	30	0	0.20298	0.1974	0.22355	51.54	6.31	-12.96
293	55	40	30	0	0.2336	0.25093	0.2687	57.17	-3.67	-11.45
292	55	30	30	0	0.2564	0.29061	0.30127	60.84	-9.66	-10.47
291	55	20	30	0	0.27829	0.32955	0.33129	64.12	-14.94	-9.39
290	55	10	30	0	0.30131	0.37017	0.36237	67.29	-19.71	-8.41
289	55	0	30	0	0.32541	0.41227	0.39475	70.33	-24.02	-7.56
819	20	100	20	20	0.16637	0.08952	0.09302	35.89	54.69	-7.14
818	20	70	20	20	0.21234	0.15744	0.1531	46.64	31.96	-6.08
817	20	40	20	20	0.27944	0.25868	0.22822	57.91	12.3	-2.87
816	20	20	20	20	0.33211	0.33965	0.28264	64.94	1.63	-0.39
815	20	10	20	20	0.35894	0.38225	0.30976	68.19	-3.19	0.88
814	20	0	20	20	0.3876	0.42782	0.33818	71.41	-7.74	2.14
468	70	100	55	0	0.08981	0.05929	0.06967	29.23	31.69	-9.75
467	70	85	55	0	0.10329	0.0842	0.08902	34.84	18.32	-7.55
466	70	70	55	0	0.1204	0.11609	0.11068	40.59	6	-4.81
465	70	55	55	0	0.13894	0.1535	0.13496	46.11	-5.58	-2.29
464	70	40	55	0	0.1589	0.19445	0.15918	51.2	-15.55	0.31
463	70	30	55	0	0.17385	0.22453	0.17643	54.5	-21.43	1.97
462	70	20	55	0	0.18865	0.25459	0.1932	57.52	-26.63	3.49
461	70	10	55	0	0.20352	0.28473	0.21	60.31	-31.24	4.83
460	70	0	55	0	0.21856	0.31521	0.2268	62.95	-35.42	6.08
387	70	100	40	0	0.09292	0.06025	0.09116	29.47	33.22	-17.56
386	70	85	40	0	0.10755	0.08596	0.11797	35.19	20.02	-16.31
385	70	70	40	0	0.12578	0.11859	0.14762	40.99	7.93	-14.43
384	70	55	40	0	0.14608	0.15739	0.18098	46.63	-3.41	-12.63
383	70	40	40	0	0.16911	0.20122	0.21676	51.97	-13.12	-10.89
382	70	30	40	0	0.18519	0.23241	0.24059	55.32	-18.93	-9.65
381	70	20	40	0	0.2011	0.26346	0.26371	58.36	-24.02	-8.52
380	70	10	40	0	0.21717	0.29463	0.28716	61.19	-28.5	-7.59
379	70	0	40	0	0.23386	0.32678	0.31162	63.9	-32.58	-6.8
306	70	100	30	0	0.09506	0.0607	0.10636	29.59	34.48	-22.43
305	70	85	30	0	0.11039	0.08689	0.13894	35.38	21.32	-21.85
304	70	70	30	0	0.12954	0.12015	0.17546	41.24	9.36	-20.68
303	70	55	30	0	0.15133	0.16001	0.21592	46.98	-1.74	-19.34
302	70	40	30	0	0.17592	0.20512	0.25946	52.41	-11.29	-18.05
301	70	30	30	0	0.19418	0.2384	0.29073	55.93	-16.96	-17.24
300	70	20	30	0	0.21102	0.27035	0.31919	59.01	-21.99	-16.4
299	70	10	30	0	0.22792	0.30219	0.34772	61.84	-26.38	-15.73
298	70	0	30	0	0.24558	0.33512	0.37762	64.57	-30.36	-15.2
825	40	100	20	20	0.11975	0.06809	0.09072	31.37	45.3	-14.14
824	40	70	20	20	0.15656	0.12519	0.14854	42.03	22.65	-12.88
823	40	40	20	20	0.20958	0.20854	0.22063	52.79	4.12	-10.24
822	40	20	20	20	0.24711	0.27029	0.2705	59	-5.69	-8.59
821	40	10	20	20	0.26772	0.30426	0.29622	62.02	-10.1	-7.62
820	40	0	20	20	0.28947	0.33993	0.32294	64.96	-14.16	-6.71
477	85	100	55	0	0.05841	0.04304	0.0677	24.65	21.13	-16.81
476	85	85	55	0	0.06802	0.06307	0.08646	30.17	7.57	-14.67
475	85	70	55	0	0.07833	0.08744	0.10702	35.49	-5.38	-12.47
474	85	55	55	0	0.09179	0.11776	0.13023	40.86	-16.78	-10.05
473	85	40	55	0	0.1059	0.15042	0.15338	45.69	-26.46	-7.77
472	85	30	55	0	0.11625	0.17412	0.16977	48.78	-32.2	-6.38
471	85	20	55	0	0.12629	0.19738	0.18556	51.54	-37.2	-5.17
470	85	10	55	0	0.13664	0.22111	0.20159	54.14	-41.67	-4.09
469	85	0	55	0	0.14811	0.24655	0.21843	56.74	-45.75	-3.01
396	85	100	40	0	0.06137	0.04343	0.08702	24.77	23.88	-24.19
395	85	85	40	0	0.07164	0.06389	0.11293	30.37	10.32	-23.11
394	85	70	40	0	0.08387	0.09016	0.14233	36.02	-2.67	-21.65
393	85	55	40	0	0.09896	0.12188	0.17439	41.51	-13.81	-19.97
392	85	40	40	0	0.1156	0.15699	0.20795	46.58	-23.19	-18.43
391	85	30	40	0	0.12703	0.18169	0.23053	49.7	-28.77	-17.47
390	85	20	40	0	0.13798	0.20563	0.25217	52.47	-33.59	-16.66
389	85	10	40	0	0.14942	0.23031	0.27443	55.1	-37.92	-15.97
388	85	0	40	0	0.16176	0.25653	0.29796	57.71	-41.94	-15.34
315	85	100	30	0	0.06331	0.04388	0.10231	24.91	25.36	-29.18
314	85	85	30	0	0.07447	0.06487	0.1336	30.61	12.03	-28.64
313	85	70	30	0	0.08778	0.09181	0.16899	36.33	-0.64	-27.66
312	85	55	30	0	0.10452	0.12491	0.20852	41.99	-11.54	-26.47
311	85	40	30	0	0.12257	0.16123	0.24951	47.14	-20.73	-25.38
310	85	30	30	0	0.13562	0.18737	0.27831	50.38	-26.09	-24.77
309	85	20	30	0	0.1475	0.21218	0.30474	53.19	-30.81	-24.2
308	85	10	30	0	0.15986	0.23748	0.33219	55.83	-34.95	-23.82
307	85	0	30	0	0.17328	0.26438	0.36129	58.45	-38.75	-23.5
831	70	100	20	20	0.06881	0.04438	0.0868	25.07	30.37	-23.6
830	70	70	20	20	0.09387	0.08625	0.14211	35.25	9.1	-22.91
829	70	40	20	20	0.12535	0.14328	0.2063	44.7	-8.35	-21.34
828	70	20	20	20	0.14992	0.18762	0.25352	50.41	-17.38	-20.46
827	70	10	20	20	0.16221	0.21005	0.27567	52.96	-21.2	-19.89
826	70	0	20	20	0.17495	0.23316	0.29887	55.4	-24.68	-19.46
486	100	100	55	0	0.03342	0.02848	0.06402	19.43	10.33	-24.22
485	100	85	55	0	0.03912	0.04447	0.08393	25.1	-5.34	-22.5
484	100	70	55	0	0.0459	0.0634	0.10348	30.25	-18.16	-20.36
483	100	55	55	0	0.05471	0.08692	0.1253	35.38	-29.34	-18.11
482	100	40	55	0	0.0638	0.11207	0.14739	39.93	-38.83	-16.21
481	100	30	55	0	0.07039	0.13016	0.16293	42.79	-44.42	-15.1
480	100	20	55	0	0.07707	0.14855	0.17808	45.44	-49.43	-14.04
479	100	10	55	0	0.08384	0.16715	0.19333	47.9	-53.91	-13.12
478	100	0	55	0	0.09118	0.18642	0.20925	50.27	-57.83	-12.34
405	100	100	40	0	0.03599	0.02904	0.0839	19.65	13.42	-31.87
404	100	85	40	0	0.04288	0.0455	0.10937	25.41	-1.36	-30.57
403	100	70	40	0	0.05151	0.0666	0.13829	31.02	-14.36	-29.19
402	100	55	40	0	0.06187	0.09167	0.16881	36.3	-25.27	-27.67
401	100	40	40	0	0.07305	0.11878	0.19968	41.02	-34.22	-26.32
400	100	30	40	0	0.08063	0.13781	0.22128	43.92	-39.62	-25.66
399	100	20	40	0	0.0884	0.15691	0.24252	46.57	-44.23	-25.1
398	100	10	40	0	0.09637	0.17651	0.26422	49.07	-48.44	-24.63
397	100	0	40	0	0.10453	0.19646	0.28654	51.43	-52.26	-24.31
324	100	100	30	0	0.03787	0.0296	0.09924	19.88	15.28	-36.85
323	100	85	30	0	0.04577	0.04663	0.1294	25.75	1.07	-35.86
322	100	70	30	0	0.0554	0.06842	0.16408	31.44	-11.56	-34.93
321	100	55	30	0	0.06736	0.095	0.20204	36.93	-22.22	-33.86
320	100	40	30	0	0.07975	0.12321	0.23987	41.72	-30.96	-32.96
319	100	30	30	0	0.08871	0.14348	0.26655	44.73	-36.04	-32.52
318	100	20	30	0	0.09732	0.16345	0.2928	47.42	-40.58	-32.24
317	100	10	30	0	0.10629	0.18368	0.31993	49.94	-44.48	-32.15
316	100	0	30	0	0.11541	0.20429	0.34749	52.32	-48.06	-32.12
837	100	100	20	20	0.03063	0.02373	0.08233	17.33	14.68	-35.29
836	100	70	20	20	0.04465	0.05242	0.13468	27.41	-7.58	-34.45
835	100	40	20	20	0.06273	0.09155	0.19517	36.28	-24.25	-33.54
834	100	20	20	20	0.0749	0.11881	0.23433	41.03	-32.46	-33.14
833	100	10	20	20	0.08116	0.13271	0.25457	43.17	-35.91	-33.12
832	100	0	20	20	0.08755	0.1467	0.27545	45.18	-38.97	-33.26
657	0	100	100	0	0.31158	0.16254	0.02239	47.31	70.24	49.05
656	0	85	100	0	0.34467	0.20995	0.02847	52.94	57.68	53.76
655	0	70	100	0	0.38852	0.273	0.03552	59.25	44.95	59.65
654	0	55	100	0	0.44449	0.35552	0.04362	66.18	32.04	66.62
653	0	40	100	0	0.50642	0.4491	0.05187	72.83	20.51	73.64
652	0	30	100	0	0.55209	0.5193	0.05762	77.24	13.3	78.4
651	0	20	100	0	0.60437	0.59804	0.06389	81.73	6.65	83.26
650	0	10	100	0	0.66203	0.68483	0.07052	86.25	0.38	88.19
1327	0	0	100	0	0.7243	0.77921	0.07747	90.74	-5.59	93.14
576	0	100	85	0	0.31229	0.16148	0.03645	47.17	71.09	38.21
575	0	85	85	0	0.35036	0.21558	0.04768	53.55	56.99	42.6
574	0	70	85	0	0.39421	0.27869	0.05907	59.77	44.5	47.6
573	0	55	85	0	0.45007	0.36097	0.07235	66.59	31.85	53.56
572	0	40	85	0	0.51417	0.45771	0.08593	73.4	20.13	60.04
571	0	30	85	0	0.56095	0.52963	0.09571	77.85	12.86	64.28
570	0	20	85	0	0.61068	0.60546	0.10514	82.13	6.4	68.56
569	0	10	85	0	0.66576	0.68888	0.11515	86.45	0.34	72.9
1331	0	0	85	0	0.72724	0.78248	0.12615	90.89	-5.61	77.36
495	0	100	70	0	0.31463	0.16166	0.0543	47.19	71.85	28.21
494	0	85	70	0	0.35291	0.21574	0.0709	53.57	57.78	31.7
493	0	70	70	0	0.4005	0.28446	0.08988	60.29	44.23	36.02
492	0	55	70	0	0.4566	0.36664	0.10971	67.02	31.86	41.07
491	0	40	70	0	0.52129	0.46375	0.13076	73.79	20.3	46.58
490	0	30	70	0	0.56968	0.5379	0.14568	78.34	12.92	50.46
489	0	20	70	0	0.62103	0.616	0.16077	82.7	6.37	54.23
488	0	10	70	0	0.67578	0.69935	0.17572	86.97	0.32	58.1
487	0	0	70	0	0.73461	0.78901	0.19157	91.19	-5.36	61.89
843	0	100	40	20	0.21529	0.11243	0.07073	39.99	62.01	8.35
842	0	70	40	20	0.26902	0.19177	0.1138	50.89	38.38	12
841	0	40	40	20	0.35025	0.31243	0.16811	62.71	17.48	18.03
840	0	20	40	20	0.41147	0.40645	0.20521	69.93	6.06	22.38
839	0	10	40	20	0.44467	0.45789	0.22454	73.41	0.92	24.55
838	0	0	40	20	0.48025	0.51309	0.24492	76.87	-3.94	26.7
666	10	100	100	0	0.26817	0.14179	0.02205	44.49	65.65	44.5
665	10	85	100	0	0.29817	0.18555	0.02814	50.16	52.93	49.22
664	10	70	100	0	0.33969	0.2461	0.03541	56.69	39.8	55.32
663	10	55	100	0	0.39019	0.32206	0.0434	63.51	27.1	62.16
662	10	40	100	0	0.44482	0.40696	0.05143	69.96	15.81	68.91
661	10	30	100	0	0.48609	0.47141	0.05706	74.28	8.8	73.56
660	10	20	100	0	0.532	0.54222	0.06311	78.59	2.37	78.19
659	10	10	100	0	0.58237	0.62005	0.06948	82.92	-3.72	82.89
658	10	0	100	0	0.62859	0.69537	0.07534	86.77	-9.43	87.13
585	10	100	85	0	0.26859	0.14088	0.03592	44.36	66.37	33.72
584	10	85	85	0	0.30297	0.19058	0.04703	50.75	52.19	38.13
583	10	70	85	0	0.34429	0.25091	0.05862	57.16	39.36	43.31
582	10	55	85	0	0.39491	0.32689	0.07172	63.91	26.88	49.18
581	10	40	85	0	0.45166	0.4148	0.08492	70.51	15.42	55.43
580	10	30	85	0	0.49376	0.48058	0.09444	74.86	8.38	59.55
579	10	20	85	0	0.53769	0.549	0.10355	78.98	2.14	63.64
578	10	10	85	0	0.58554	0.62348	0.11311	83.1	-3.73	67.74
577	10	0	85	0	0.63161	0.69855	0.12271	86.93	-9.41	71.5
504	10	100	70	0	0.27436	0.1441	0.05401	44.82	66.73	24.25
503	10	85	70	0	0.30786	0.19294	0.07016	51.03	52.82	27.63
502	10	70	70	0	0.3489	0.25422	0.08816	57.48	39.55	31.8
501	10	55	70	0	0.39968	0.33025	0.10754	64.18	27.2	36.84
500	10	40	70	0	0.45726	0.41883	0.12804	70.79	15.82	42.17
499	10	30	70	0	0.50053	0.48599	0.14234	75.2	8.73	45.91
498	10	20	70	0	0.54586	0.55638	0.15685	79.41	2.39	49.5
497	10	10	70	0	0.5938	0.63081	0.17122	83.49	-3.42	53.12
496	10	0	70	0	0.64114	0.70587	0.18637	87.28	-8.78	56.28
849	10	100	40	20	0.18745	0.1	0.06971	37.84	57.57	5.08
848	10	70	40	20	0.2366	0.17346	0.11209	48.69	34.18	8.73
847	10	40	40	20	0.30953	0.28361	0.16502	60.21	13.85	14.45
846	10	20	40	20	0.36456	0.36923	0.20099	67.22	2.84	18.58
845	10	10	40	20	0.3941	0.4157	0.21967	70.57	-2.1	20.61
844	10	0	40	20	0.4254	0.46542	0.23959	73.9	-6.84	22.56
675	20	100	100	0	0.22744	0.1222	0.0217	41.56	60.81	39.77
674	20	85	100	0	0.2567	0.16492	0.02808	47.61	47.46	44.87
673	20	70	100	0	0.29387	0.22065	0.03532	54.1	34.35	50.89
672	20	55	100	0	0.33888	0.29013	0.04319	60.79	21.85	57.59
671	20	40	100	0	0.38739	0.36753	0.05106	67.09	10.79	64.16
670	20	30	100	0	0.4231	0.42517	0.05649	71.23	3.97	68.58
669	20	20	100	0	0.46227	0.48802	0.06225	75.33	-2.32	72.96
668	20	10	100	0	0.49929	0.55004	0.06768	79.04	-8.16	76.97
667	20	0	100	0	0.53865	0.6163	0.07323	82.72	-13.71	80.99
594	20	100	85	0	0.23097	0.12397	0.03574	41.84	61.21	29.49
593	20	85	85	0	0.25996	0.1679	0.04619	47.99	47.17	33.83
592	20	70	85	0	0.29714	0.22352	0.05766	54.4	34.28	39
591	20	55	85	0	0.34241	0.29334	0.07052	61.07	21.85	44.79
590	20	40	85	0	0.39234	0.37268	0.08326	67.48	10.69	50.82
589	20	30	85	0	0.42891	0.43153	0.09238	71.66	3.84	54.74
588	20	20	85	0	0.46704	0.49267	0.10122	75.62	-2.23	58.59
587	20	10	85	0	0.50453	0.55431	0.11021	79.29	-7.82	62.06
586	20	0	85	0	0.54423	0.62067	0.11943	82.95	-13.3	65.6
513	20	100	70	0	0.23621	0.12695	0.05368	42.3	61.56	20.08
512	20	85	70	0	0.26505	0.17077	0.06907	48.36	47.7	23.48
511	20	70	70	0	0.30115	0.22622	0.08647	54.68	34.58	27.57
510	20	55	70	0	0.34677	0.29629	0.10555	61.33	22.24	32.57
509	20	40	70	0	0.39749	0.3762	0.12526	67.74	11.18	37.69
508	20	30	70	0	0.43549	0.43658	0.13897	72	4.32	41.28
507	20	20	70	0	0.47456	0.49927	0.15307	76.02	-1.89	44.6
506	20	10	70	0	0.51255	0.561	0.16656	79.67	-7.34	47.63
505	20	0	70	0	0.55347	0.62744	0.18119	83.31	-12.51	50.56
855	20	100	40	20	0.16195	0.08823	0.06864	35.64	53.28	1.73
854	20	70	40	20	0.20657	0.15606	0.11034	46.45	29.99	5.41
853	20	40	40	20	0.2718	0.25625	0.16191	57.68	10.25	10.82
852	20	20	40	20	0.32045	0.33373	0.19685	64.46	-0.48	14.69
851	20	10	40	20	0.34601	0.37513	0.21502	67.66	-5.29	16.5
850	20	0	40	20	0.37364	0.41978	0.23432	70.86	-9.85	18.29
684	30	100	100	0	0.19018	0.10478	0.02139	38.69	55.33	35.1
683	30	85	100	0	0.21707	0.14478	0.02789	44.91	41.62	40.36
682	30	70	100	0	0.24963	0.19562	0.0351	51.34	28.42	46.28
681	30	55	100	0	0.2881	0.25765	0.04274	57.81	16.11	52.72
680	30	40	100	0	0.32962	0.32642	0.0503	63.87	5.34	59
679	30	30	100	0	0.36045	0.37803	0.05563	67.87	-1.34	63.22
678	30	20	100	0	0.39016	0.4295	0.06079	71.52	-7.42	67.06
677	30	10	100	0	0.42103	0.48357	0.06594	75.05	-13.13	70.84
676	30	0	100	0	0.456	0.54263	0.07144	78.62	-18.27	74.65
603	30	100	85	0	0.19508	0.10772	0.03541	39.19	55.62	25.14
602	30	85	85	0	0.21972	0.14667	0.04543	45.17	41.71	29.39
601	30	70	85	0	0.25247	0.1977	0.05682	51.58	28.6	34.54
600	30	55	85	0	0.29123	0.25997	0.06923	58.03	16.36	40.09
599	30	40	85	0	0.33405	0.33034	0.0814	64.19	5.53	45.85
598	30	30	85	0	0.36557	0.38285	0.09028	68.23	-1.18	49.57
597	30	20	85	0	0.39606	0.43444	0.09877	71.86	-7.01	52.91
596	30	10	85	0	0.42771	0.48838	0.10741	75.35	-12.43	56.14
595	30	0	85	0	0.46317	0.54776	0.11646	78.91	-17.52	59.51
522	30	100	70	0	0.19962	0.11047	0.05312	39.66	55.87	15.81
521	30	85	70	0	0.225	0.1502	0.06817	45.66	42.04	19.21
520	30	70	70	0	0.25638	0.20013	0.08509	51.85	29.05	23.2
519	30	55	70	0	0.29553	0.26261	0.10347	58.28	16.92	27.97
518	30	40	70	0	0.33938	0.33398	0.1224	64.48	6.12	32.89
517	30	30	70	0	0.37184	0.38748	0.13578	68.57	-0.58	36.21
516	30	20	70	0	0.40309	0.44011	0.14917	72.24	-6.46	39.05
515	30	10	70	0	0.43537	0.49436	0.16222	75.72	-11.77	41.85
514	30	0	70	0	0.47017	0.55225	0.17634	79.17	-16.67	44.52
861	40	100	40	20	0.1163	0.06713	0.0666	31.14	43.83	-5.15
860	40	70	40	20	0.15076	0.12263	0.10677	41.63	20.96	-1.79
859	40	40	40	20	0.2006	0.2034	0.15608	52.22	2.22	2.82
858	40	20	40	20	0.235	0.26332	0.18903	58.35	-8.15	5.82
857	40	10	40	20	0.25399	0.29574	0.20604	61.28	-12.61	7.31
856	40	0	40	20	0.2739	0.32952	0.2237	64.12	-16.67	8.7
693	40	100	100	0	0.15646	0.08948	0.02114	35.88	49.08	30.5
692	40	85	100	0	0.17906	0.12524	0.02761	42.04	35.1	35.62
691	40	70	100	0	0.20644	0.17048	0.03469	48.32	21.87	41.36
690	40	55	100	0	0.23784	0.22397	0.04187	54.45	9.93	47.42
689	40	40	100	0	0.2722	0.28401	0.04918	60.25	-0.66	53.34
688	40	30	100	0	0.29776	0.32888	0.05442	64.07	-7.17	57.25
687	40	20	100	0	0.32213	0.37341	0.05935	67.53	-13.11	60.85
686	40	10	100	0	0.34986	0.42202	0.06452	71.01	-18.42	64.5
685	40	0	100	0	0.38056	0.47435	0.06997	74.47	-23.18	68.11
612	40	100	85	0	0.1609	0.09227	0.03502	36.42	49.34	20.62
611	40	85	85	0	0.1818	0.12703	0.04485	42.31	35.36	24.78
610	40	70	85	0	0.20939	0.17241	0.05599	48.56	22.25	29.74
609	40	55	85	0	0.24138	0.22642	0.06775	54.7	10.37	34.98
608	40	40	85	0	0.27697	0.28796	0.07959	60.6	-0.27	40.35
607	40	30	85	0	0.30278	0.33315	0.08824	64.41	-6.77	43.72
606	40	20	85	0	0.32814	0.37798	0.0964	67.87	-12.43	46.84
605	40	10	85	0	0.35578	0.4259	0.10492	71.28	-17.57	49.91
604	40	0	85	0	0.38648	0.47801	0.11379	74.7	-22.29	53.05
531	40	100	70	0	0.16515	0.09491	0.05249	36.91	49.6	11.39
530	40	85	70	0	0.18681	0.13031	0.06715	42.81	35.83	14.73
529	40	70	70	0	0.21353	0.17474	0.08365	48.85	22.97	18.56
528	40	55	70	0	0.24643	0.22964	0.10119	55.04	11.12	23.11
527	40	40	70	0	0.28297	0.29204	0.11948	60.96	0.54	27.67
526	40	30	70	0	0.30898	0.33741	0.1326	64.76	-5.93	30.5
525	40	20	70	0	0.33497	0.38295	0.14544	68.24	-11.61	33.1
524	40	10	70	0	0.36228	0.43047	0.1582	71.59	-16.73	35.69
523	40	0	70	0	0.39136	0.48035	0.17171	74.85	-21.38	38.12
867	70	100	40	20	0.0652	0.0435	0.06488	24.8	27.85	-15.34
866	70	70	40	20	0.08831	0.08368	0.10267	34.74	6.68	-12.36
865	70	40	40	20	0.11664	0.13866	0.14754	44.04	-11.51	-9.15
864	70	20	40	20	0.13803	0.18039	0.17768	49.54	-20.96	-6.87
863	70	10	40	20	0.14938	0.20207	0.19301	52.07	-24.86	-5.86
862	70	0	40	20	0.16094	0.22421	0.20903	54.47	-28.46	-5.04
702	55	100	100	0	0.11307	0.0699	0.02104	31.78	38.77	23.53
701	55	85	100	0	0.13028	0.10022	0.02755	37.88	24.32	28.5
700	55	70	100	0	0.14964	0.13549	0.03381	43.58	11.89	33.78
699	55	55	100	0	0.17274	0.1789	0.04063	49.36	0.13	39.39
698	55	40	100	0	0.19814	0.22777	0.04777	54.84	-10.3	44.77
697	55	30	100	0	0.2171	0.26398	0.05277	58.41	-16.56	48.32
696	55	20	100	0	0.23712	0.30153	0.05771	61.79	-22.03	51.72
695	55	10	100	0	0.2586	0.34131	0.0627	65.07	-26.98	55.06
694	55	0	100	0	0.27969	0.38089	0.06768	68.09	-31.46	58.08
621	55	100	85	0	0.11732	0.07279	0.03488	32.43	38.99	13.84
620	55	85	85	0	0.13323	0.10179	0.04439	38.16	25.03	17.89
619	55	70	85	0	0.15331	0.13781	0.05443	43.92	12.62	22.5
618	55	55	85	0	0.17712	0.18187	0.0656	49.72	0.94	27.32
617	55	40	85	0	0.2028	0.2311	0.07719	55.19	-9.48	31.94
616	55	30	85	0	0.22208	0.26756	0.08546	58.75	-15.7	34.95
615	55	20	85	0	0.24136	0.304	0.09335	62	-21.08	37.75
614	55	10	85	0	0.26182	0.34216	0.10143	65.13	-25.94	40.44
613	55	0	85	0	0.28297	0.38155	0.10956	68.13	-30.38	43.03
540	55	100	70	0	0.12121	0.07451	0.05163	32.81	40.08	4.76
539	55	85	70	0	0.13786	0.10401	0.06565	38.55	26.31	8.04
538	55	70	70	0	0.15861	0.14109	0.0813	44.39	13.67	11.75
537	55	55	70	0	0.18313	0.18591	0.09807	50.21	2.04	15.82
536	55	40	70	0	0.209	0.23524	0.11573	55.61	-8.31	19.55
535	55	30	70	0	0.22821	0.27171	0.12816	59.13	-14.56	22.03
534	55	20	70	0	0.24759	0.30835	0.14032	62.37	-19.99	24.32
533	55	10	70	0	0.26776	0.34597	0.1523	65.43	-24.8	26.53
532	55	0	70	0	0.28846	0.38463	0.1648	68.36	-29.22	28.55
873	100	100	40	20	0.02731	0.02272	0.06109	16.85	10.8	-27.33
872	100	70	40	20	0.03852	0.04916	0.09695	26.49	-12.24	-24.69
871	100	40	40	20	0.0526	0.08467	0.1374	34.94	-29.92	-22.21
870	100	20	40	20	0.06254	0.1101	0.16406	39.6	-38.76	-20.87
869	100	10	40	20	0.06784	0.12346	0.17815	41.76	-42.55	-20.39
868	100	0	40	20	0.07329	0.13689	0.19285	43.78	-45.89	-20.11
711	70	100	100	0	0.0794	0.05549	0.0217	28.25	26.82	16.81
710	70	85	100	0	0.09061	0.07794	0.0271	33.55	13.73	21.39
709	70	70	100	0	0.10478	0.10634	0.03298	38.96	1.72	26.37
708	70	55	100	0	0.12114	0.14136	0.03968	44.43	-10.04	31.45
707	70	40	100	0	0.13991	0.18114	0.04662	49.63	-20.16	36.42
706	70	30	100	0	0.1542	0.21073	0.05149	53.03	-26.14	39.69
705	70	20	100	0	0.16823	0.24014	0.05619	56.1	-31.39	42.64
704	70	10	100	0	0.18169	0.26876	0.06073	58.86	-36.02	45.26
703	70	0	100	0	0.19566	0.29805	0.06524	61.49	-40.17	47.76
630	70	100	85	0	0.08304	0.05698	0.03481	28.64	28.41	7.34
629	70	85	85	0	0.09472	0.08044	0.04383	34.07	14.86	11.16
628	70	70	85	0	0.10923	0.10933	0.05324	39.47	2.85	15.42
627	70	55	85	0	0.12563	0.14447	0.06404	44.87	-8.88	19.63
626	70	40	85	0	0.14385	0.18383	0.07524	49.96	-19.12	23.7
625	70	30	85	0	0.15823	0.21339	0.08322	53.32	-25.04	26.42
624	70	20	85	0	0.17213	0.24255	0.09069	56.34	-30.28	28.93
623	70	10	85	0	0.18541	0.27097	0.09796	59.06	-34.96	31.13
622	70	0	85	0	0.19955	0.30039	0.10534	61.69	-39.11	33.24
549	70	100	70	0	0.08686	0.05814	0.05088	28.94	30.44	-1.53
548	70	85	70	0	0.09913	0.08213	0.0642	34.42	16.89	1.56
547	70	70	70	0	0.1152	0.11314	0.07966	40.1	4.44	4.98
546	70	55	70	0	0.13185	0.14872	0.09572	45.46	-7.32	8.42
545	70	40	70	0	0.15048	0.18842	0.1127	50.5	-17.45	11.66
544	70	30	70	0	0.16437	0.21744	0.12451	53.75	-23.43	13.79
543	70	20	70	0	0.1781	0.24646	0.13603	56.73	-28.73	15.73
542	70	10	70	0	0.19168	0.27504	0.14699	59.44	-33.35	17.53
541	70	0	70	0	0.20572	0.30431	0.1583	62.02	-37.54	19.18
879	0	100	70	20	0.20683	0.10902	0.03932	39.41	60.45	23.03
878	0	70	70	20	0.26351	0.19046	0.06278	50.74	36.79	30.33
877	0	40	70	20	0.33778	0.30484	0.08894	62.07	15.96	39.42
876	0	20	70	20	0.39699	0.39752	0.10792	69.29	4.33	45.54
875	0	10	70	20	0.42827	0.44714	0.11707	72.7	-0.85	48.63
874	0	0	70	20	0.46127	0.49911	0.12667	76.01	-5.57	51.56
720	85	100	100	0	0.04791	0.03836	0.02107	23.12	15.19	8.56
719	85	85	100	0	0.05512	0.05521	0.026	28.17	2.22	12.99
718	85	70	100	0	0.06362	0.07755	0.03179	33.47	-11.18	17.74
717	85	55	100	0	0.07497	0.10613	0.03867	38.92	-23.32	22.58
716	85	40	100	0	0.08759	0.13751	0.04549	43.87	-33.31	27.12
715	85	30	100	0	0.09604	0.15955	0.0499	46.92	-39.41	29.97
714	85	20	100	0	0.10408	0.18081	0.05409	49.59	-44.67	32.46
713	85	10	100	0	0.11229	0.20225	0.05841	52.09	-49.33	34.67
712	85	0	100	0	0.12027	0.22421	0.06295	54.47	-53.93	36.68
639	85	100	85	0	0.05127	0.03946	0.03353	23.49	17.79	-0.67
638	85	85	85	0	0.05916	0.05774	0.04212	28.83	3.95	3.11
637	85	70	85	0	0.06785	0.08049	0.05123	34.08	-9.46	7.16
636	85	55	85	0	0.07947	0.10937	0.06229	39.47	-21.52	11.12
635	85	40	85	0	0.09159	0.14022	0.07309	44.26	-31.62	14.75
634	85	30	85	0	0.10023	0.16247	0.08039	47.3	-37.74	17.11
633	85	20	85	0	0.10837	0.18378	0.08703	49.95	-42.98	19.22
632	85	10	85	0	0.11664	0.20526	0.09399	52.43	-47.66	21.03
631	85	0	85	0	0.12497	0.22755	0.1014	54.82	-52.22	22.67
558	85	100	70	0	0.05561	0.04254	0.05041	24.49	18.63	-8.95
557	85	85	70	0	0.06416	0.06151	0.06303	29.79	5.23	-5.91
556	85	70	70	0	0.07304	0.08422	0.07677	34.85	-7.6	-2.96
555	85	55	70	0	0.08468	0.11288	0.09247	40.06	-19.39	0.23
554	85	40	70	0	0.0977	0.1445	0.10877	44.87	-29.27	3.17
553	85	30	70	0	0.10711	0.16733	0.12008	47.92	-35.17	5.01
552	85	20	70	0	0.11632	0.18985	0.13101	50.67	-40.31	6.65
551	85	10	70	0	0.12563	0.21236	0.14156	53.21	-44.83	8.19
550	85	0	70	0	0.1366	0.2373	0.15337	55.82	-48.9	9.68
885	10	100	70	20	0.18131	0.09766	0.03916	37.42	56.19	19.69
884	10	70	70	20	0.23155	0.17174	0.06172	48.48	32.86	26.91
883	10	40	70	20	0.29912	0.27757	0.08758	59.67	12.32	35.77
882	10	20	70	20	0.35265	0.36261	0.10618	66.72	1.02	41.65
881	10	10	70	20	0.38035	0.40713	0.11502	69.97	-3.88	44.54
880	10	0	70	20	0.40918	0.45382	0.12444	73.14	-8.5	47.24
729	100	100	100	0	0.02405	0.02354	0.01992	17.24	2.8	-0.48
728	100	85	100	0	0.02778	0.03661	0.02495	22.52	-12.75	4.11
727	100	70	100	0	0.033	0.05401	0.03089	27.85	-26.67	8.7
726	100	55	100	0	0.0399	0.0762	0.03785	33.18	-39.04	13.2
725	100	40	100	0	0.04633	0.09896	0.044	37.66	-49.5	17.23
724	100	30	100	0	0.05084	0.11504	0.04799	40.42	-55.68	19.79
723	100	20	100	0	0.055	0.13078	0.05223	42.88	-61.32	21.82
722	100	10	100	0	0.05908	0.14641	0.05652	45.14	-66.41	23.58
721	100	0	100	0	0.06317	0.162	0.06083	47.24	-71.01	25.17
648	100	100	85	0	0.02772	0.02667	0.03334	18.66	3.79	-8.87
647	100	85	85	0	0.03107	0.03913	0.04067	23.38	-10.64	-5.43
646	100	70	85	0	0.03638	0.05656	0.04961	28.53	-24.23	-1.58
645	100	55	85	0	0.0435	0.07865	0.06022	33.7	-36.24	2.11
644	100	40	85	0	0.05091	0.10241	0.07059	38.27	-46.36	5.45
643	100	30	85	0	0.05591	0.11901	0.07741	41.06	-52.42	7.5
642	100	20	85	0	0.06147	0.13638	0.08433	43.71	-57.62	9.44
641	100	10	85	0	0.06712	0.1539	0.09154	46.16	-62.26	11.08
640	100	0	85	0	0.072	0.17051	0.09866	48.32	-66.71	12.38
567	100	100	70	0	0.03124	0.02894	0.04928	19.61	5.89	-16.77
566	100	85	70	0	0.03526	0.04263	0.06107	24.52	-8.69	-14.1
565	100	70	70	0	0.04091	0.06008	0.07422	29.43	-21.44	-11.28
564	100	55	70	0	0.04829	0.08223	0.08926	34.44	-33.12	-8.32
563	100	40	70	0	0.05629	0.10637	0.10467	38.96	-42.94	-5.73
562	100	30	70	0	0.06203	0.12372	0.11532	41.8	-48.8	-4.13
561	100	20	70	0	0.06816	0.14157	0.12604	44.46	-53.86	-2.67
560	100	10	70	0	0.07463	0.16003	0.13683	46.98	-58.38	-1.29
559	100	0	70	0	0.08168	0.17909	0.14822	49.39	-62.24	-0.11
891	20	100	70	20	0.15707	0.08669	0.03898	35.34	51.78	16.22
890	20	70	70	20	0.20172	0.15421	0.06065	46.21	28.69	23.47
889	20	40	70	20	0.26283	0.25176	0.08624	57.25	8.48	32.08
888	20	20	70	20	0.30985	0.32863	0.10443	64.05	-2.56	37.61
887	20	10	70	20	0.33381	0.36803	0.11295	67.13	-7.23	40.26
886	20	0	70	20	0.35919	0.41006	0.12215	70.18	-11.7	42.79
1050	0	100	100	40	0.12389	0.06724	0.01304	31.17	48.99	31.13
1049	0	70	100	40	0.15058	0.11179	0.01894	39.88	28.4	39.5
1048	0	40	100	40	0.1936	0.17929	0.02609	49.41	10.84	49.53
1047	0	20	100	40	0.22718	0.23231	0.03119	55.31	1.45	55.82
1046	0	0	100	40	0.26329	0.28883	0.03638	60.68	-6.13	61.55
1025	0	100	70	40	0.1247	0.06767	0.02678	31.27	49.1	17.71
1024	0	70	70	40	0.15868	0.1173	0.0411	40.78	29.24	24.32
1023	0	40	70	40	0.20002	0.18322	0.05654	49.88	12	31.76
1022	0	20	70	40	0.23166	0.23432	0.06736	55.51	2.58	36.54
1021	0	0	70	40	0.26443	0.28783	0.07769	60.59	-5.28	41.07
1000	0	100	40	40	0.13064	0.06978	0.04677	31.76	50.96	5.51
999	0	70	40	40	0.16043	0.11662	0.07137	40.67	30.72	9.27
998	0	40	40	40	0.20834	0.18843	0.10327	50.5	13.38	14.62
997	0	20	40	40	0.2409	0.23985	0.12363	56.07	4.25	18.04
996	0	0	40	40	0.27637	0.29638	0.14502	61.34	-3.7	21.32
975	0	100	20	40	0.13393	0.07096	0.06292	32.03	51.94	-2.01
974	0	70	20	40	0.16392	0.11735	0.09823	40.79	32.19	-0.47
973	0	40	20	40	0.21179	0.18863	0.14312	50.53	14.92	3.17
972	0	20	20	40	0.24821	0.24409	0.17455	56.5	5.59	5.83
971	0	0	20	40	0.28495	0.30098	0.20568	61.74	-2.04	8.17
950	0	100	0	40	0.13675	0.07204	0.08027	32.27	52.7	-8.76
949	0	70	0	40	0.16988	0.11978	0.12924	41.18	33.83	-9.22
948	0	40	0	40	0.21793	0.19044	0.19119	50.74	16.9	-7.77
947	0	20	0	40	0.25495	0.24603	0.23487	56.69	7.62	-6.24
1357	0	0	0	40	0.29411	0.30491	0.27857	62.08	0.04	-4.64
1405	100	0	0	70	0.02582	0.03864	0.07732	23.22	-19.44	-23.23
1399	100	85	85	100	0.00539	0.00609	0.00586	5.5	-1.94	-1.57
897	40	100	70	20	0.11131	0.06605	0.03835	30.89	41.34	8.94
896	40	70	70	20	0.14598	0.12126	0.05921	41.42	19.01	15.88
895	40	40	70	20	0.19185	0.19959	0.08364	51.79	-0.31	23.63
894	40	20	70	20	0.22447	0.25774	0.10034	57.82	-10.61	28.2
893	40	10	70	20	0.24211	0.28883	0.10854	60.68	-15.07	30.49
892	40	0	70	20	0.26066	0.32132	0.11725	63.45	-19.17	32.62
1055	20	100	100	40	0.09542	0.05408	0.01278	27.87	42.19	25.77
1054	20	70	100	40	0.11949	0.09381	0.01863	36.71	22.09	34.35
1053	20	40	100	40	0.15654	0.15325	0.02588	46.08	5.19	43.95
1052	20	20	100	40	0.18429	0.19891	0.03088	51.71	-3.85	49.85
1051	20	0	100	40	0.21197	0.24497	0.03542	56.58	-11.09	55.12
1030	20	100	70	40	0.09547	0.0544	0.02649	27.95	41.86	12.22
1029	20	70	70	40	0.12419	0.09678	0.03976	37.26	22.95	19.05
1028	20	40	70	40	0.15958	0.15461	0.05553	46.26	6.16	25.99
1027	20	20	70	40	0.18623	0.19893	0.06641	51.72	-2.86	30.41
1026	20	0	70	40	0.2149	0.24657	0.0769	56.74	-10.39	34.74
1005	20	100	40	40	0.09906	0.05546	0.04517	28.24	43.5	0.33
1004	20	70	40	40	0.1243	0.09581	0.0691	37.08	23.79	4.02
1003	20	40	40	40	0.16431	0.15665	0.10027	46.53	7.67	8.75
1002	20	20	40	40	0.19138	0.20037	0.12014	51.88	-0.92	11.82
1001	20	0	40	40	0.22264	0.25116	0.14197	57.19	-8.72	14.95
980	20	100	20	40	0.10175	0.05613	0.06024	28.42	44.83	-7.01
979	20	70	20	40	0.12803	0.09682	0.09522	37.27	25.49	-5.53
978	20	40	20	40	0.16633	0.15574	0.13796	46.41	9.33	-2.57
977	20	20	20	40	0.19623	0.20172	0.16812	52.03	0.87	-0.39
976	20	0	20	40	0.22906	0.25389	0.20059	57.45	-6.94	1.83
955	20	100	0	40	0.10643	0.05787	0.07831	28.87	46.45	-13.87
954	20	70	0	40	0.13301	0.0989	0.12463	37.64	27.13	-14.02
953	20	40	0	40	0.17445	0.16048	0.18553	47.04	11.08	-12.93
952	20	20	0	40	0.20652	0.20863	0.22881	52.8	2.61	-11.8
951	20	0	0	40	0.23837	0.25769	0.27045	57.82	-4.37	-10.62
1406	0	100	0	70	0.04646	0.02663	0.03027	18.64	32.62	-6.73
1393	100	85	85	80	0.00802	0.0093	0.00927	8.4	-3.8	-2.73
903	70	100	70	20	0.062	0.04326	0.03771	24.72	24.78	-1.29
902	70	70	70	20	0.08258	0.08069	0.05727	34.13	4.34	4.23
901	70	40	70	20	0.10612	0.1322	0.07955	43.09	-15.09	10.18
900	70	20	70	20	0.12513	0.17178	0.09519	48.48	-24.8	13.82
899	70	10	70	20	0.13502	0.19181	0.10245	50.9	-28.71	15.57
898	70	0	70	20	0.14484	0.21199	0.10994	53.17	-32.34	17.1
1060	40	100	100	40	0.06929	0.04243	0.01268	24.46	33.49	20.04
1059	40	70	100	40	0.08965	0.0765	0.01852	33.24	14.26	28.48
1058	40	40	100	40	0.11753	0.12554	0.02557	42.08	-2.44	37.32
1057	40	20	100	40	0.1361	0.15887	0.02987	46.83	-10.47	42.16
1056	40	0	100	40	0.15691	0.19581	0.03417	51.36	-17.37	46.94
1035	40	100	70	40	0.069	0.04246	0.02617	24.47	33.15	6.47
1034	40	70	70	40	0.09199	0.07765	0.03924	33.49	15.15	12.87
1033	40	40	70	40	0.11983	0.12562	0.05473	42.1	-0.9	19.21
1032	40	20	70	40	0.13911	0.16018	0.06469	47	-9.3	23.02
1031	40	0	70	40	0.16103	0.19873	0.07493	51.69	-16.44	26.82
1010	40	100	40	40	0.07296	0.04331	0.04378	24.74	35.9	-4.91
1009	40	70	40	40	0.09212	0.07614	0.06712	33.16	16.66	-1.89
1008	40	40	40	40	0.12337	0.12584	0.09739	42.13	1.39	2.12
1007	40	20	40	40	0.14412	0.16192	0.11705	47.22	-7.17	4.71
1006	40	0	40	40	0.16758	0.20173	0.13748	52.03	-14.21	7.25
985	40	100	20	40	0.07545	0.04404	0.05914	24.97	37.28	-12.44
984	40	70	20	40	0.09617	0.07837	0.0928	33.64	17.9	-10.95
983	40	40	20	40	0.12883	0.12903	0.13591	42.62	2.96	-8.57
982	40	20	20	40	0.14987	0.1643	0.16316	47.53	-5.02	-6.97
981	40	0	20	40	0.17594	0.20669	0.19413	52.59	-12.03	-5.21
960	40	100	0	40	0.07943	0.04553	0.07637	25.42	39.02	-19.05
959	40	70	0	40	0.10078	0.08018	0.12089	34.02	19.92	-19.19
958	40	40	0	40	0.13561	0.1329	0.1813	43.2	4.86	-18.62
957	40	20	0	40	0.15844	0.16929	0.21909	48.17	-2.74	-17.91
956	40	0	0	40	0.18419	0.21014	0.25983	52.96	-9.3	-17.16
1407	0	0	100	70	0.09185	0.1012	0.01647	38.06	-4.65	38.95
1387	100	85	85	60	0.01181	0.014	0.01426	11.96	-5.26	-3.5
909	100	100	70	20	0.02325	0.02164	0.03627	16.33	5.11	-14.85
908	100	70	70	20	0.03068	0.04383	0.05288	24.9	-17.86	-9.51
907	100	40	70	20	0.04115	0.07609	0.07316	33.15	-37.14	-4.43
906	100	20	70	20	0.04939	0.10026	0.0878	37.89	-46.59	-1.86
905	100	10	70	20	0.05382	0.11301	0.09525	40.08	-50.65	-0.69
904	100	0	70	20	0.05849	0.12575	0.10314	42.12	-54.04	0.2
1065	70	100	100	40	0.0384	0.02861	0.01265	19.48	17.82	11.49
1064	70	70	100	40	0.05031	0.0517	0.018	27.21	0.56	18.62
1063	70	40	100	40	0.06563	0.08412	0.02434	34.83	-14.93	25.84
1062	70	20	100	40	0.07649	0.10734	0.02834	39.13	-22.78	30.04
1061	70	0	100	40	0.08591	0.12843	0.0318	42.53	-28.94	33.35
1040	70	100	70	40	0.04107	0.02982	0.02612	19.97	19.57	-1.25
1039	70	70	70	40	0.05447	0.05339	0.0386	27.68	3.58	3.25
1038	70	40	70	40	0.06887	0.08527	0.05245	35.06	-12.62	8.21
1037	70	20	70	40	0.08067	0.10973	0.06205	39.53	-20.69	11.34
1036	70	0	70	40	0.0928	0.13439	0.07088	43.42	-26.97	14.2
1015	70	100	40	40	0.0427	0.02941	0.04299	19.81	22.57	-12.96
1014	70	70	40	40	0.0576	0.055	0.0666	28.12	5.31	-10.37
1013	70	40	40	40	0.074	0.0878	0.09257	35.56	-9.74	-7.57
1012	70	20	40	40	0.08742	0.11366	0.11053	40.19	-17.58	-5.45
1011	70	0	40	40	0.10205	0.1412	0.12952	44.4	-23.85	-3.74
990	70	100	20	40	0.04532	0.03017	0.05721	20.11	24.79	-19.89
989	70	70	20	40	0.06133	0.05689	0.09139	28.61	7.29	-19.12
988	70	40	20	40	0.0792	0.09051	0.12744	36.08	-7.15	-17.51
987	70	20	20	40	0.09345	0.11675	0.15416	40.69	-14.7	-16.58
986	70	0	20	40	0.10955	0.14545	0.18146	45.01	-20.79	-15.54
965	70	100	0	40	0.04858	0.03122	0.07285	20.53	27.22	-26.08
964	70	70	0	40	0.0652	0.05844	0.11804	29.02	9.67	-26.98
963	70	40	0	40	0.08618	0.09455	0.16974	36.85	-4.23	-26.94
962	70	20	0	40	0.10217	0.12212	0.20641	41.55	-11.46	-26.79
961	70	0	0	40	0.11885	0.15049	0.2448	45.7	-17.12	-27
1408	100	100	0	70	0.01191	0.00971	0.02743	8.75	8.92	-21.64
1400	80	65	65	100	0.00719	0.00784	0.00676	7.08	-1.49	-0.56
915	0	100	100	20	0.20454	0.10857	0.01739	39.34	59.67	40.17
914	0	70	100	20	0.25122	0.18144	0.0266	49.67	36.28	49.58
913	0	40	100	20	0.32621	0.29595	0.03794	61.3	15.19	61.64
912	0	20	100	20	0.38533	0.38809	0.0462	68.61	3.58	69.37
911	0	10	100	20	0.41708	0.43757	0.05051	72.07	-1.45	73.02
910	0	0	100	20	0.45064	0.49004	0.05499	75.45	-6.18	76.59
1070	100	100	100	40	0.01443	0.01377	0.01161	11.81	3.36	-0.33
1069	100	70	100	40	0.01831	0.0286	0.01696	19.47	-19.49	6.38
1068	100	40	100	40	0.02416	0.04874	0.02287	26.37	-36.34	12.53
1067	100	20	100	40	0.02832	0.0629	0.02672	30.13	-44.57	15.79
1066	100	0	100	40	0.0324	0.07632	0.03043	33.21	-50.74	18.26
1045	100	100	70	40	0.0165	0.01552	0.02491	12.94	4.13	-12.38
1044	100	70	70	40	0.02143	0.02985	0.03549	19.99	-14.52	-8.03
1043	100	40	70	40	0.02783	0.04996	0.04756	26.72	-30.78	-3.59
1042	100	20	70	40	0.03302	0.06512	0.05667	30.67	-38.79	-1.44
1041	100	0	70	40	0.03879	0.08111	0.06672	34.21	-45.11	0.09
1020	100	100	40	40	0.01915	0.01645	0.04037	13.5	8.25	-22.28
1019	100	70	40	40	0.02641	0.03325	0.06233	21.3	-10.06	-20.23
1018	100	40	40	40	0.03473	0.05508	0.08666	28.14	-25.12	-18.26
1017	100	20	40	40	0.04067	0.0706	0.10177	31.94	-32.61	-16.89
1016	100	0	40	40	0.04718	0.08691	0.11883	35.38	-38.6	-16.24
995	100	100	20	40	0.02136	0.01714	0.05367	13.91	11.51	-28.86
994	100	70	20	40	0.03056	0.03584	0.08677	22.25	-6.62	-28.46
993	100	40	20	40	0.04123	0.05979	0.12198	29.36	-20.67	-27.54
992	100	20	20	40	0.04799	0.07587	0.14394	33.11	-27.74	-27.08
991	100	0	20	40	0.05529	0.09243	0.16686	36.45	-33.25	-26.96
970	100	100	0	40	0.02428	0.01808	0.06877	14.44	15.33	-34.87
969	100	70	0	40	0.03525	0.0383	0.11445	23.1	-2.59	-36.11
968	100	40	0	40	0.0491	0.06527	0.16525	30.71	-15.99	-36.48
967	100	20	0	40	0.05814	0.08359	0.19744	34.72	-22.56	-36.71
966	100	0	0	40	0.06596	0.09971	0.22625	37.79	-27.37	-37.18
1409	100	0	100	70	0.01402	0.029	0.01375	19.64	-31.57	10.37
1394	80	65	65	80	0.01449	0.01603	0.01437	13.25	-2.7	-1.41
921	10	100	100	20	0.1784	0.09634	0.01718	37.18	55.7	36.66
920	10	70	100	20	0.22257	0.16541	0.02644	47.68	32.25	46.27
919	10	40	100	20	0.29083	0.27154	0.0377	59.12	11.54	58.02
918	10	20	100	20	0.34357	0.35546	0.04578	66.17	0.29	65.4
917	10	10	100	20	0.37175	0.40033	0.04995	69.49	-4.59	68.88
916	10	0	100	20	0.401	0.44739	0.0539	72.72	-9.2	72.42
1175	0	100	100	60	0.06629	0.03749	0.0095	22.83	37.48	21.78
1174	0	70	100	60	0.08035	0.06152	0.01279	29.79	21.01	29.08
1173	0	40	100	60	0.10075	0.09493	0.0167	36.92	7.42	36.73
1172	0	20	100	60	0.11766	0.12162	0.0194	41.47	0.27	41.8
1171	0	0	100	60	0.13637	0.15031	0.02202	45.68	-5.34	46.57
1150	0	100	70	60	0.06655	0.03778	0.01694	22.92	37.33	12.34
1149	0	70	70	60	0.08318	0.06339	0.02448	30.25	21.56	17.83
1148	0	40	70	60	0.10305	0.09584	0.03242	37.09	8.46	23.54
1147	0	20	70	60	0.11727	0.11959	0.03766	41.15	1.39	27.06
1146	0	0	70	60	0.13054	0.14249	0.04215	44.59	-4.42	30.25
1125	0	100	40	60	0.06965	0.0389	0.02778	23.31	38.81	3.19
1124	0	70	40	60	0.08406	0.06271	0.04012	30.09	23.06	6.47
1123	0	40	40	60	0.10841	0.09964	0.0563	37.78	9.52	11
1122	0	20	40	60	0.12368	0.12416	0.06607	41.87	2.72	13.57
1121	0	0	40	60	0.13879	0.14919	0.07566	45.52	-3.14	15.89
1100	0	100	20	60	0.07072	0.03919	0.03607	23.4	39.46	-2.52
1099	0	70	20	60	0.08605	0.0634	0.05402	30.26	24.07	-0.85
1098	0	40	20	60	0.10957	0.09914	0.07561	37.69	10.77	2.4
1097	0	20	20	60	0.12724	0.12633	0.09052	42.21	3.67	4.62
1096	0	0	20	60	0.1436	0.15206	0.1047	45.92	-1.85	6.25
1075	0	100	0	60	0.07037	0.03881	0.04417	23.27	39.67	-7.66
1074	0	70	0	60	0.09059	0.06596	0.07101	30.87	25.28	-7.49
1073	0	40	0	60	0.1126	0.10012	0.09918	37.86	12.22	-5.83
1072	0	20	0	60	0.12947	0.1262	0.11856	42.19	5.23	-4.43
1071	0	0	0	60	0.14691	0.15274	0.13753	46.01	-0.22	-3.15
1410	0	100	100	70	0.04548	0.02654	0.00805	18.6	31.51	16.92
1388	80	65	65	60	0.02651	0.02955	0.02662	19.86	-3.68	-1.84
927	20	100	100	20	0.15352	0.0846	0.01697	34.92	51.5	33
926	20	70	100	20	0.1953	0.15006	0.02632	45.64	27.94	42.86
925	20	40	100	20	0.25681	0.24794	0.03749	56.87	7.59	54.28
924	20	20	100	20	0.30301	0.32383	0.04532	63.66	-3.42	61.32
923	20	10	100	20	0.32696	0.36335	0.04903	66.78	-8.13	64.68
922	20	0	100	20	0.35253	0.4056	0.05283	69.87	-12.59	68.04
1180	20	100	100	60	0.05246	0.03121	0.00937	20.52	32.05	18.02
1179	20	70	100	60	0.06457	0.05192	0.01256	27.27	16.52	25.05
1178	20	40	100	60	0.08357	0.08257	0.01663	34.51	3.54	32.66
1177	20	20	100	60	0.09863	0.10707	0.0194	39.08	-3.58	37.67
1176	20	0	100	60	0.11046	0.12795	0.02165	42.45	-9.11	41.35
1155	20	100	70	60	0.05107	0.03066	0.01661	20.31	31.28	8.19
1154	20	70	70	60	0.0672	0.05379	0.0239	27.79	17.02	14.08
1153	20	40	70	60	0.08493	0.0832	0.0323	34.64	4.19	19.4
1152	20	20	70	60	0.09791	0.10513	0.03785	38.75	-2.72	22.8
1151	20	0	70	60	0.11321	0.13014	0.0435	42.78	-8.54	26.36
1130	20	100	40	60	0.05354	0.03156	0.02679	20.66	32.75	-0.6
1129	20	70	40	60	0.06581	0.05212	0.03862	27.33	17.56	2.64
1128	20	40	40	60	0.08735	0.08436	0.05512	34.87	5.28	6.56
1127	20	20	40	60	0.10072	0.10604	0.06503	38.91	-1.18	8.92
1126	20	0	40	60	0.11699	0.13223	0.07609	43.1	-7.2	11.54
1105	20	100	20	60	0.05447	0.03159	0.03431	20.67	33.8	-6.07
1104	20	70	20	60	0.0683	0.05321	0.05239	27.63	18.82	-4.56
1103	20	40	20	60	0.08676	0.08228	0.07263	34.45	6.59	-1.98
1102	20	20	20	60	0.10192	0.10542	0.08744	38.8	0.21	-0.16
1101	20	0	20	60	0.119	0.13234	0.10406	43.11	-5.86	1.63
1080	20	100	0	60	0.05753	0.03285	0.04405	21.15	35.25	-11.25
1079	20	70	0	60	0.07138	0.05467	0.06733	28.02	20.19	-10.84
1078	20	40	0	60	0.09224	0.086	0.09699	35.2	7.97	-9.69
1077	20	20	0	60	0.10837	0.11014	0.118	39.6	1.62	-8.72
1076	20	0	0	60	0.12226	0.13247	0.13529	43.13	-3.69	-7.51
1411	40	40	0	70	0.05183	0.05165	0.06579	27.2	2.49	-11.6
1382	80	65	65	40	0.04405	0.04926	0.04399	26.52	-4.55	-1.95
933	40	100	100	20	0.10818	0.06407	0.01672	30.42	41.09	25.51
932	40	70	100	20	0.14233	0.11969	0.02603	41.17	17.84	35.37
931	40	40	100	20	0.1864	0.19709	0.03658	51.51	-1.87	45.61
930	40	20	100	20	0.21899	0.25491	0.04353	57.55	-11.97	51.8
929	40	10	100	20	0.23686	0.28627	0.04707	60.45	-16.39	54.82
928	40	0	100	20	0.25576	0.31918	0.05069	63.28	-20.44	57.77
1185	40	100	100	60	0.03966	0.02554	0.00932	18.16	25.35	14.03
1184	40	70	100	60	0.0496	0.04289	0.01248	24.61	10.94	20.56
1183	40	40	100	60	0.06531	0.07013	0.01662	31.84	-2.38	28.06
1182	40	20	100	60	0.07375	0.08602	0.01891	35.21	-8.48	31.48
1181	40	0	100	60	0.08289	0.10307	0.02098	38.39	-13.76	34.96
1160	40	100	70	60	0.03817	0.02481	0.01646	17.83	24.58	4.09
1159	40	70	70	60	0.05132	0.04426	0.02379	25.03	11.2	9.42
1158	40	40	70	60	0.06604	0.06967	0.03223	31.73	-1.17	14.44
1157	40	20	70	60	0.07638	0.08786	0.03763	35.57	-7.54	17.46
1156	40	0	70	60	0.08847	0.10869	0.04305	39.36	-13.1	20.72
1135	40	100	40	60	0.04093	0.02559	0.02596	18.18	27.07	-4.2
1134	40	70	40	60	0.04982	0.04208	0.03749	24.35	12.32	-1.8
1133	40	40	40	60	0.06689	0.06873	0.05367	31.52	0.63	1.49
1132	40	20	40	60	0.078	0.08769	0.06403	35.54	-5.89	3.55
1131	40	0	40	60	0.09017	0.10819	0.07444	39.27	-11.3	5.6
1110	40	100	20	60	0.04223	0.02596	0.03415	18.35	28.21	-9.96
1109	40	70	20	60	0.0526	0.04406	0.05119	24.97	13.03	-8.54
1108	40	40	20	60	0.07029	0.07098	0.07362	32.03	1.85	-6.56
1107	40	20	20	60	0.07993	0.08784	0.08568	35.56	-4.25	-5.1
1106	40	0	20	60	0.09412	0.11035	0.10167	39.64	-9.6	-3.59
1085	40	100	0	60	0.04468	0.02698	0.04348	18.79	29.64	-14.99
1084	40	70	0	60	0.05546	0.04522	0.06555	25.33	14.87	-14.72
1083	40	40	0	60	0.07429	0.07353	0.09683	32.6	3.29	-14.13
1082	40	20	0	60	0.08479	0.09095	0.11348	36.17	-2.51	-13.29
1081	40	0	0	60	0.09648	0.11014	0.1308	39.6	-7.55	-12.37
1412	40	0	40	70	0.06202	0.07406	0.05119	32.71	-9.64	4.82
1401	60	45	45	100	0.00866	0.0094	0.0077	8.48	-1.57	0.1
939	70	100	100	20	0.05685	0.04108	0.01682	24.03	22.07	14.38
938	70	70	100	20	0.07572	0.07722	0.02495	33.4	1.2	22.86
937	70	40	100	20	0.10036	0.12938	0.0347	42.67	-17.69	31.61
936	70	20	100	20	0.11888	0.16836	0.04119	48.05	-27.23	36.8
935	70	10	100	20	0.12768	0.1871	0.04423	50.35	-31.12	38.98
934	70	0	100	20	0.13611	0.20544	0.04718	52.45	-34.69	40.96
1190	70	100	100	60	0.02408	0.01861	0.00931	14.74	13.64	8.15
1189	70	70	100	60	0.03008	0.03121	0.01232	20.52	-0.03	13.73
1188	70	40	100	60	0.03768	0.04775	0.01588	26.08	-11.71	18.96
1187	70	20	100	60	0.04287	0.05925	0.01798	29.22	-17.78	22.11
1186	70	0	100	60	0.04701	0.06918	0.0196	31.62	-22.6	24.62
1165	70	100	70	60	0.02491	0.01894	0.01667	14.92	14.53	-1.16
1164	70	70	70	60	0.0322	0.03199	0.02381	20.82	2.29	2.15
1163	70	40	70	60	0.03963	0.04857	0.03116	26.32	-9.88	5.87
1162	70	20	70	60	0.04569	0.06122	0.03614	29.72	-16.13	8.33
1161	70	0	70	60	0.0514	0.07334	0.0403	32.56	-21.12	10.61
1140	70	100	40	60	0.02569	0.01853	0.0258	14.7	17.03	-10.08
1139	70	70	40	60	0.03404	0.03286	0.03895	21.16	3.86	-8.22
1138	70	40	40	60	0.04171	0.04923	0.05112	26.51	-7.73	-5.83
1137	70	20	40	60	0.04904	0.06303	0.06038	30.16	-13.74	-4.06
1136	70	0	40	60	0.05661	0.07723	0.06975	33.4	-18.59	-2.6
1115	70	100	20	60	0.02705	0.01894	0.03343	14.92	18.64	-15.38
1114	70	70	20	60	0.0362	0.0341	0.05224	21.62	5.28	-14.85
1113	70	40	20	60	0.04449	0.05075	0.06872	26.95	-5.78	-13.29
1112	70	20	20	60	0.05148	0.06399	0.08128	30.4	-11.71	-12.37
1111	70	0	20	60	0.06019	0.07922	0.09499	33.82	-16.39	-11.4
1090	70	100	0	60	0.02862	0.01946	0.04183	15.2	20.32	-20.22
1089	70	70	0	60	0.03809	0.03475	0.06602	21.86	7.12	-20.91
1088	70	40	0	60	0.04815	0.05299	0.09028	27.57	-3.69	-20.53
1087	70	20	0	60	0.05591	0.06681	0.10704	31.07	-9.36	-20.09
1086	70	0	0	60	0.06443	0.08155	0.12551	34.3	-13.93	-20.03
1413	0	40	40	70	0.07279	0.06764	0.03898	31.26	7.6	9.19
1395	60	45	45	80	0.02248	0.02463	0.0216	17.75	-2.64	-1.19
945	100	100	100	20	0.01941	0.01844	0.01531	14.65	3.91	-0.11
944	100	70	100	20	0.02561	0.0412	0.02355	24.07	-23.52	7.96
943	100	40	100	20	0.03496	0.07318	0.03286	32.52	-43.65	15.36
942	100	20	100	20	0.04162	0.09616	0.039	37.14	-53.67	19.32
941	100	10	100	20	0.04496	0.10754	0.0421	39.16	-57.8	20.93
940	100	0	100	20	0.04833	0.11886	0.04523	41.03	-61.49	22.36
1195	100	100	100	60	0.01016	0.01005	0.00875	9.04	1.71	-0.77
1194	100	70	100	60	0.01229	0.01807	0.01162	14.44	-14.43	4.19
1193	100	40	100	60	0.0154	0.02875	0.01482	19.54	-27.26	8.9
1192	100	20	100	60	0.01745	0.03587	0.01675	22.26	-33.63	11.4
1191	100	0	100	60	0.01923	0.0421	0.01849	24.36	-38.35	13.19
1170	100	100	70	60	0.01133	0.01089	0.01581	9.71	2.83	-9.19
1169	100	70	70	60	0.01406	0.01894	0.02205	14.92	-11.13	-6.48
1168	100	40	70	60	0.01738	0.02953	0.02795	19.86	-23.45	-2.89
1167	100	20	70	60	0.02021	0.03767	0.0328	22.89	-29.74	-1.21
1166	100	0	70	60	0.02356	0.04668	0.03872	25.77	-34.94	-0.13
1145	100	100	40	60	0.01258	0.01126	0.02373	10	5.65	-16.45
1144	100	70	40	60	0.0165	0.02035	0.03528	15.67	-7.67	-15.33
1143	100	40	40	60	0.02087	0.03205	0.04805	20.85	-19.49	-13.99
1142	100	20	40	60	0.02398	0.04018	0.05528	23.73	-25.3	-12.73
1141	100	0	40	60	0.02729	0.04844	0.06351	26.29	-29.88	-12.17
1120	100	100	20	60	0.01379	0.01161	0.03074	10.27	8.15	-21.5
1119	100	70	20	60	0.01902	0.02216	0.04889	16.58	-5.36	-21.79
1118	100	40	20	60	0.02426	0.03449	0.06537	21.76	-16.25	-20.79
1117	100	20	20	60	0.02761	0.04286	0.07639	24.59	-22.01	-20.48
1116	100	0	20	60	0.03126	0.05116	0.087	27.06	-26.19	-20.24
1095	100	100	0	60	0.01547	0.01214	0.03904	10.66	11.21	-26.37
1094	100	70	0	60	0.02203	0.02412	0.06569	17.52	-2.59	-28.25
1093	100	40	0	60	0.02879	0.03799	0.0884	23	-12.97	-27.75
1092	100	20	0	60	0.03308	0.04725	0.10304	25.94	-18.29	-27.66
1091	100	0	0	60	0.03667	0.05527	0.1167	28.19	-22.32	-28.02
1	0	0	0	0	0.83729	0.86234	0.7866	94.41	1.11	-6.47
1389	60	45	45	60	0.04712	0.05174	0.04616	27.22	-3.51	-1.96
1390	40	27	27	60	0.07502	0.0809	0.07336	34.17	-2.79	-2.76
1397	20	12	12	80	0.04585	0.04873	0.04197	26.37	-1.48	-1.05
1381	10	6	6	20	0.43331	0.45053	0.41288	72.93	-0.32	-5.45
1262	0	100	0	100	0.00877	0.00721	0.00664	6.52	7.32	-1.3
1261	0	40	0	100	0.01421	0.01382	0.01089	11.84	2.58	0.74
1260	0	0	0	100	0.01716	0.01799	0.01271	14.39	-0.46	2.64
1215	0	100	40	80	0.03039	0.01891	0.01431	14.9	24.73	1.52
1214	0	70	40	80	0.03594	0.02809	0.01903	19.26	15.02	3.87
1213	0	40	40	80	0.04564	0.04286	0.02529	24.59	5.89	7.4
1212	0	0	40	80	0.05644	0.0605	0.03212	29.54	-2.16	10.73
1199	0	100	0	80	0.02905	0.01793	0.01978	14.36	24.73	-5.32
1198	0	70	0	80	0.03993	0.03094	0.03197	20.42	16.02	-4.89
1197	0	40	0	80	0.0475	0.04343	0.04077	24.78	7.54	-3.08
1196	0	0	0	80	0.06004	0.06262	0.0536	30.06	-0.38	-0.97
1479	3	40	3	40	0.20936	0.18483	0.18229	50.08	15.71	-6.98
1480	40	40	3	40	0.13452	0.1323	0.17406	43.11	4.55	-17.14
1481	3	0	40	40	0.26816	0.2896	0.14461	60.75	-4.43	20.4
1482	0	3	40	40	0.27087	0.28756	0.14175	60.57	-2.56	20.83
1483	3	3	40	40	0.26231	0.2803	0.14112	59.92	-3.24	19.88
1484	40	3	40	40	0.164	0.19564	0.13441	51.34	-13.23	6.88
1485	3	40	40	40	0.20137	0.18347	0.10284	49.91	12.54	13.75
1425	7	7	0	0	0.72137	0.73587	0.71627	88.73	2.5	-10.22
1426	7	0	7	0	0.75006	0.7889	0.68572	91.18	-2.16	-3.23
1427	0	7	7	0	0.77292	0.78134	0.65422	90.84	3.95	-0.9
1428	7	7	7	0	0.70994	0.72822	0.64169	88.36	1.65	-3.98
1429	7	0	0	7	0.65342	0.684	0.65882	86.21	-1.36	-9.32
1430	0	7	0	7	0.67135	0.67408	0.62503	85.71	4.76	-6.95
1431	7	7	0	7	0.61746	0.63071	0.61476	83.48	2.18	-9.79
1432	0	0	7	7	0.70112	0.72815	0.60087	88.36	-0.21	0
1433	7	0	7	7	0.64177	0.67617	0.58838	85.81	-2.3	-3.13
1434	0	7	7	7	0.66096	0.66923	0.56115	85.46	3.51	-0.93
1435	7	7	7	7	0.60756	0.62412	0.55102	83.13	1.36	-3.89
1383	60	45	45	40	0.0841	0.0923	0.08231	36.42	-4.22	-2.37
1384	40	27	27	40	0.13987	0.15023	0.13744	45.67	-3.08	-3.72
1391	20	12	12	60	0.10949	0.11569	0.10437	40.52	-1.51	-2.94
1377	10	6	6	10	0.55104	0.57195	0.52363	80.29	-0.11	-5.85
1265	40	100	0	100	0.0074	0.00659	0.00666	5.95	4.21	-2.31
1264	40	40	0	100	0.01098	0.01149	0.01086	10.17	-0.31	-2.1
1263	40	0	0	100	0.0121	0.01363	0.01164	11.71	-3.26	-0.55
1219	40	100	40	80	0.01959	0.01376	0.01352	11.8	16.63	-2.87
1218	40	70	40	80	0.02256	0.01988	0.01751	15.42	7.57	-1.19
1217	40	40	40	80	0.02999	0.03111	0.0243	20.48	-0.02	1.14
1216	40	0	40	80	0.0387	0.04587	0.03191	25.52	-7.79	3.96
1203	40	100	0	80	0.02089	0.01428	0.02013	12.14	18.07	-9.48
1202	40	70	0	80	0.02573	0.02203	0.02858	16.52	9.25	-9.12
1201	40	40	0	80	0.03372	0.03396	0.04098	21.56	1.6	-8.75
1200	40	0	0	80	0.04083	0.04653	0.05058	25.72	-5.57	-6.92
1461	0	3	40	3	0.69825	0.73515	0.34945	88.69	-2.26	30.32
1462	3	3	40	3	0.67289	0.71343	0.34664	87.65	-3.27	28.92
1463	40	3	40	3	0.38109	0.45326	0.31035	73.11	-17.14	9.27
1464	0	40	40	3	0.50783	0.44835	0.23937	72.78	21.1	20.68
1465	3	40	40	3	0.48903	0.43514	0.23791	71.9	19.85	19.43
1466	40	40	40	3	0.28434	0.28704	0.21927	60.52	2.98	3.35
1467	3	0	0	40	0.28515	0.29743	0.27722	61.43	-0.64	-5.53
1468	0	3	0	40	0.28803	0.29574	0.27187	61.28	1.12	-4.88
1469	3	3	0	40	0.27939	0.28854	0.27067	60.65	0.46	-5.77
1470	40	3	0	40	0.18022	0.20383	0.25355	52.27	-8.38	-17.26
1471	3	40	0	40	0.21087	0.18565	0.19022	50.17	16.01	-8.53
1472	0	0	3	40	0.29262	0.30428	0.26675	62.02	-0.3	-2.74
1473	3	0	3	40	0.28367	0.29697	0.26569	61.39	-1.04	-3.64
1474	40	0	3	40	0.18287	0.2096	0.24927	52.91	-9.73	-15.39
1475	0	3	3	40	0.28663	0.2952	0.26025	61.24	0.78	-2.97
1476	3	3	3	40	0.27709	0.28697	0.25858	60.51	0.15	-3.92
1477	40	3	3	40	0.17855	0.20282	0.24296	52.15	-8.78	-15.54
1478	0	40	3	40	0.21685	0.19005	0.18336	50.69	16.59	-6.15
1378	60	45	45	20	0.13314	0.1459	0.12992	45.07	-4.79	-2.71
1379	40	27	27	20	0.22956	0.24569	0.22519	56.65	-3.27	-4.46
1385	20	12	12	40	0.21181	0.22281	0.20404	54.32	-1.43	-4.28
1368	100	85	85	0	0.03107	0.03913	0.04067	23.38	-10.64	-5.43
1268	100	100	0	100	0.00534	0.00557	0.00635	5.04	-0.13	-3.31
1267	100	40	0	100	0.00601	0.0071	0.00831	6.41	-3.36	-4.55
1266	100	0	0	100	0.00649	0.00823	0.00885	7.44	-5.84	-3.7
1223	70	100	40	80	0.01395	0.01101	0.01354	9.81	10.58	-6.32
1222	70	70	40	80	0.01766	0.01738	0.0193	14.05	2.28	-5.39
1221	70	40	40	80	0.02023	0.02354	0.02324	17.24	-5.38	-3.53
1220	70	0	40	80	0.02559	0.03362	0.0293	21.44	-12.23	-1.19
1207	70	100	0	80	0.0147	0.01126	0.01956	10	11.91	-12.63
1206	70	70	0	80	0.01942	0.0184	0.02986	14.62	4.04	-13.35
1205	70	40	0	80	0.02273	0.02507	0.03763	17.95	-2.99	-12.91
1204	70	0	0	80	0.02858	0.03568	0.04851	22.19	-9.86	-11.92
1419	0	3	0	3	0.76211	0.77644	0.71315	90.62	2.74	-6.68
1420	3	3	0	3	0.73546	0.75489	0.70803	89.62	1.58	-7.94
1449	40	3	0	3	0.43585	0.49283	0.63298	75.63	-11.21	-25.1
1450	0	40	0	3	0.54407	0.46197	0.46108	73.67	26.65	-10.12
1451	3	40	0	3	0.52432	0.44899	0.45815	72.83	25.24	-11.23
1452	40	40	0	3	0.31213	0.30254	0.42165	61.87	7.65	-25.63
1421	0	0	3	3	0.77652	0.80262	0.70174	91.8	0.52	-3.62
1422	3	0	3	3	0.7475	0.77719	0.69515	90.65	-0.39	-5
1453	40	0	3	3	0.44178	0.50633	0.6216	76.46	-13.06	-22.57
1423	0	3	3	3	0.75695	0.77401	0.68167	90.51	2.17	-4.03
1424	3	3	3	3	0.73055	0.75159	0.67633	89.47	1.22	-5.33
1454	40	3	3	3	0.43154	0.49016	0.6052	75.46	-11.77	-22.67
1455	0	40	3	3	0.54071	0.46076	0.44159	73.59	26.13	-7.9
1456	3	40	3	3	0.52138	0.44754	0.43865	72.73	24.89	-9.03
1457	40	40	3	3	0.30975	0.3013	0.40411	61.77	7.24	-23.56
1458	0	0	40	3	0.71585	0.76196	0.35907	89.95	-3.94	31.12
1459	3	0	40	3	0.6887	0.73795	0.35602	88.83	-4.89	29.61
1460	40	0	40	3	0.38963	0.4678	0.31812	74.05	-18.49	9.7
1402	40	27	27	100	0.01042	0.01127	0.00889	10	-1.54	0.66
1375	40	27	27	10	0.28464	0.30429	0.27889	62.02	-3.38	-4.79
1380	20	12	12	20	0.35986	0.37716	0.34702	67.81	-1.26	-5.34
1369	80	65	65	0	0.09243	0.10454	0.09323	38.65	-6.71	-2.47
1271	0	100	40	100	0.00963	0.00774	0.00606	6.99	8.56	0.62
1270	0	40	40	100	0.01333	0.01292	0.00814	11.22	2.67	4.04
1269	0	0	40	100	0.01621	0.01708	0.00964	13.87	-0.67	6.13
1227	100	100	40	80	0.00823	0.0078	0.01262	7.05	2.85	-9.9
1226	100	70	40	80	0.00942	0.01123	0.0164	9.98	-5.08	-9.39
1225	100	40	40	80	0.01161	0.01653	0.02202	13.55	-12.77	-8.81
1224	100	0	40	80	0.01408	0.02258	0.02702	16.79	-19.1	-7.45
1211	100	100	0	80	0.00931	0.00804	0.01833	7.26	6.18	-16.11
1210	100	70	0	80	0.0124	0.01362	0.02997	11.71	-2.29	-18.46
1209	100	40	0	80	0.01466	0.01866	0.0358	14.77	-8.77	-17.23
1208	100	0	0	80	0.01741	0.02523	0.04528	18.02	-15.46	-17.34
1414	3	3	0	0	0.78619	0.80649	0.75596	91.98	1.7	-8.08
1436	40	3	0	0	0.46316	0.52365	0.67367	77.5	-11.43	-25.72
1437	3	40	0	0	0.55816	0.477	0.48624	74.64	26.04	-11.4
1415	3	0	3	0	0.79912	0.83033	0.74223	93.03	-0.29	-5.08
1438	40	0	3	0	0.46947	0.53799	0.66155	78.34	-13.31	-23.13
1416	0	3	3	0	0.8093	0.82704	0.72789	92.88	2.31	-4.07
1417	3	3	3	0	0.78095	0.80298	0.72201	91.82	1.34	-5.4
1439	40	3	3	0	0.45851	0.52075	0.64385	77.33	-12	-23.21
1440	0	40	3	0	0.57572	0.48959	0.46871	75.43	26.96	-8
1441	3	40	3	0	0.55507	0.47545	0.4655	74.54	25.69	-9.15
1442	40	40	3	0	0.32796	0.31878	0.42781	63.24	7.46	-24.04
1443	3	0	40	0	0.73487	0.78677	0.37901	91.09	-4.87	30.33
1444	0	3	40	0	0.74518	0.78393	0.37204	90.96	-2.19	31.05
1445	3	3	40	0	0.71792	0.76057	0.36896	89.89	-3.22	29.63
1446	40	3	40	0	0.40366	0.47982	0.32869	74.81	-17.4	9.42
1447	3	40	40	0	0.5196	0.46151	0.25212	73.64	20.49	19.85
1418	3	0	0	3	0.7533	0.78121	0.72945	90.84	0.01	-7.74
1448	40	0	0	3	0.44721	0.51029	0.65195	76.7	-12.52	-25.07
1396	40	27	27	80	0.03288	0.03556	0.0312	22.14	-2.28	-1.36
1403	20	12	12	100	0.01338	0.01434	0.01064	12.18	-1.32	1.69
1376	20	12	12	10	0.4537	0.47475	0.43669	74.49	-1.16	-5.75
1370	60	45	45	0	0.19381	0.21216	0.18954	53.18	-5.32	-3.2
1274	40	100	40	100	0.00748	0.0066	0.00587	5.96	4.49	-0.81
1273	40	40	40	100	0.0101	0.01063	0.00806	9.51	-0.54	1.22
1272	40	0	40	100	0.01043	0.01188	0.00835	10.47	-3.49	2.38
1247	0	100	100	80	0.02902	0.01814	0.00693	14.48	24.15	11.89
1246	0	70	100	80	0.03498	0.02808	0.00838	19.26	13.53	17.49
1245	0	40	100	80	0.04207	0.04016	0.01011	23.72	4.8	22.37
1244	0	0	100	80	0.05525	0.0606	0.01214	29.56	-3.63	29.55
1231	0	100	70	80	0.02949	0.01846	0.00997	14.66	24.21	6.97
1230	0	70	70	80	0.03501	0.02811	0.01291	19.27	13.53	10.8
1229	0	40	70	80	0.04251	0.04027	0.01603	23.76	5.26	14.78
1228	0	0	70	80	0.05015	0.05442	0.019	27.96	-2.83	18.9
1347	0	0	0	100	0.01716	0.01799	0.01271	14.39	-0.46	2.64
1348	0	0	0	98	0.01996	0.02091	0.01523	15.96	-0.45	2.25
1349	0	0	0	95	0.02469	0.02585	0.01959	18.3	-0.46	1.65
1350	0	0	0	90	0.0342	0.03575	0.02853	22.21	-0.44	0.73
1351	0	0	0	85	0.04589	0.04792	0.03979	26.14	-0.42	-0.15
1352	0	0	0	80	0.06004	0.06262	0.0536	30.06	-0.38	-0.97
1353	0	0	0	75	0.0769	0.08012	0.07016	34.01	-0.33	-1.72
1354	0	0	0	70	0.09687	0.10086	0.0895	38	-0.3	-2.28
1355	0	0	0	60	0.14691	0.15274	0.13753	46.01	-0.22	-3.15
1356	0	0	0	50	0.21191	0.21999	0.19987	54.03	-0.1	-3.93
946	0	0	0	40	0.29411	0.30491	0.27857	62.08	0.04	-4.64
1358	0	0	0	30	0.39555	0.40938	0.37521	70.13	0.25	-5.29
1359	0	0	0	25	0.45392	0.46942	0.43038	74.15	0.37	-5.55
1360	0	0	0	20	0.51841	0.53574	0.49085	78.21	0.48	-5.76
1361	0	0	0	15	0.58845	0.60765	0.5562	82.25	0.61	-5.95
1486	0	0	0	10	0.66492	0.68607	0.62727	86.31	0.75	-6.13
1363	0	0	0	7	0.7138	0.73613	0.67259	88.74	0.85	-6.24
1364	0	0	0	5	0.74774	0.77084	0.70397	90.36	0.92	-6.3
1365	0	0	0	3	0.7827	0.80657	0.73625	91.98	0.99	-6.37
1366	0	0	0	2	0.8006	0.82485	0.75277	92.79	1.03	-6.4
1404	10	6	6	100	0.01512	0.01606	0.01162	13.26	-0.98	2.15
1371	40	27	27	0	0.34757	0.37106	0.3403	67.36	-3.45	-5.15
1277	100	100	40	100	0.0054	0.00564	0.00608	5.1	-0.17	-2.69
1276	100	40	40	100	0.00588	0.00736	0.00744	6.65	-4.91	-2.57
1275	100	0	40	100	0.00627	0.00809	0.00771	7.31	-6.21	-1.93
1251	40	100	100	80	0.01924	0.01388	0.00692	11.88	15.46	7.41
1250	40	70	100	80	0.02291	0.02019	0.00811	15.59	7.6	11.62
1249	40	40	100	80	0.02982	0.03196	0.01014	20.81	-1.75	17.32
1248	40	0	100	80	0.03439	0.04205	0.01175	24.34	-9.28	21.07
1235	40	100	70	80	0.01811	0.0131	0.00958	11.35	15.03	1.87
1234	40	70	70	80	0.0239	0.02141	0.01284	16.21	6.95	5.61
1233	40	40	70	80	0.03004	0.03179	0.01626	20.75	-1.06	9.34
1232	40	0	70	80	0.03977	0.04789	0.0207	26.13	-8.83	14.08
649	0	0	100	0	0.7243	0.77921	0.07747	90.74	-5.59	93.14
1328	0	0	98	0	0.72448	0.77954	0.08307	90.76	-5.61	91.03
1329	0	0	95	0	0.72475	0.78003	0.09196	90.78	-5.65	87.86
1330	0	0	90	0	0.72578	0.78115	0.10817	90.83	-5.66	82.6
568	0	0	85	0	0.72724	0.78248	0.12615	90.89	-5.61	77.36
1332	0	0	80	0	0.72912	0.78405	0.14602	90.96	-5.53	72.14
1333	0	0	75	0	0.73152	0.78611	0.16783	91.06	-5.43	66.97
1334	0	0	70	0	0.73461	0.78901	0.19157	91.19	-5.36	61.89
1335	0	0	60	0	0.74242	0.79595	0.24581	91.5	-5.1	51.78
1336	0	0	50	0	0.75202	0.80377	0.30924	91.85	-4.64	41.76
1337	0	0	40	0	0.76422	0.81281	0.3824	92.26	-3.9	31.88
244	0	0	30	0	0.7785	0.82308	0.46616	92.71	-3	22.1
1339	0	0	25	0	0.78647	0.82865	0.5123	92.96	-2.47	17.24
163	0	0	20	0	0.79558	0.83485	0.56111	93.23	-1.84	12.45
1341	0	0	15	0	0.80522	0.84133	0.61288	93.51	-1.17	7.69
82	0	0	10	0	0.81536	0.84806	0.66767	93.8	-0.45	2.95
1343	0	0	7	0	0.82163	0.85219	0.70203	93.98	-0.01	0.11
1344	0	0	5	0	0.82605	0.85506	0.72558	94.1	0.3	-1.77
1345	0	0	3	0	0.83053	0.85797	0.74961	94.23	0.62	-3.65
1346	0	0	2	0	0.83279	0.85943	0.76183	94.29	0.78	-4.59
1398	10	6	6	80	0.05247	0.05527	0.04738	28.19	-0.99	-0.97
1372	20	12	12	0	0.56274	0.58787	0.54092	81.17	-1.01	-6.19
1280	0	100	100	100	0.00888	0.00726	0.00525	6.56	7.57	1.41
1279	0	40	100	100	0.01189	0.0114	0.00589	10.11	2.99	6.31
1278	0	0	100	100	0.01272	0.01345	0.00614	11.59	-0.78	8.39
1255	70	100	100	80	0.0137	0.01139	0.00691	10.1	8.59	4.37
1254	70	70	100	80	0.01604	0.01678	0.00818	13.7	-0.37	8.23
1253	70	40	100	80	0.01848	0.02262	0.00968	16.81	-7.61	11.12
1252	70	0	100	80	0.02137	0.02979	0.011	19.96	-14.56	14.58
1239	70	100	70	80	0.01381	0.01136	0.00986	10.08	9.01	-0.76
1238	70	70	70	80	0.01694	0.01718	0.01327	13.93	0.97	1.13
1237	70	40	70	80	0.01965	0.02337	0.01597	17.16	-6.37	3.48
1236	70	0	70	80	0.02336	0.03175	0.01872	20.73	-13.65	6.71
9	0	100	0	0	0.33972	0.17113	0.17217	48.4	75.55	-7.58
1308	0	98	0	0	0.34527	0.17806	0.18028	49.26	73.77	-7.94
1309	0	95	0	0	0.35368	0.1887	0.19281	50.53	71.13	-8.47
1310	0	90	0	0	0.3688	0.20775	0.21452	52.7	66.81	-9.19
1311	0	85	0	0	0.38498	0.22828	0.23732	54.89	62.6	-9.78
1312	0	80	0	0	0.40212	0.25025	0.26121	57.1	58.48	-10.27
1313	0	75	0	0	0.4203	0.27389	0.2862	59.33	54.4	-10.63
1314	0	70	0	0	0.43957	0.29929	0.31225	61.59	50.36	-10.88
1315	0	60	0	0	0.48158	0.35529	0.36758	66.16	42.57	-11.09
1316	0	50	0	0	0.52811	0.41868	0.42663	70.78	35.04	-10.9
1317	0	40	0	0	0.57936	0.49091	0.48943	75.51	27.49	-10.26
4	0	30	0	0	0.63539	0.57109	0.55656	80.24	20.27	-9.46
1319	0	25	0	0	0.66551	0.61416	0.59178	82.6	16.86	-9.01
3	0	20	0	0	0.69706	0.65939	0.6282	84.97	13.55	-8.54
1321	0	15	0	0	0.73011	0.70685	0.66584	87.33	10.34	-8.04
2	0	10	0	0	0.76451	0.75654	0.70483	89.7	7.18	-7.52
1323	0	7	0	0	0.78558	0.78722	0.72874	91.11	5.32	-7.21
1324	0	5	0	0	0.80018	0.8083	0.74504	92.06	4.11	-7
1325	0	3	0	0	0.81492	0.82968	0.76154	93	2.9	-6.79
1326	0	2	0	0	0.82234	0.84048	0.76983	93.47	2.3	-6.68
1392	10	6	6	60	0.12696	0.13305	0.11979	43.22	-0.88	-3.01
1373	10	6	6	0	0.68915	0.71397	0.6528	87.68	0.16	-6.22
1283	40	100	100	100	0.00727	0.00664	0.00529	5.99	3.53	0.35
1282	40	40	100	100	0.00997	0.0105	0.00584	9.4	-0.56	5.19
1281	40	0	100	100	0.00937	0.01081	0.006	9.65	-3.87	5.31
1259	100	100	100	80	0.00724	0.00744	0.00671	6.72	0.25	-1.07
1258	100	70	100	80	0.00809	0.01073	0.00785	9.59	-8.64	1.74
1257	100	40	100	80	0.00952	0.01519	0.00927	12.73	-16.58	4.74
1256	100	0	100	80	0.01067	0.01977	0.01042	15.36	-23.79	7.51
1243	100	100	70	80	0.00766	0.00764	0.00938	6.9	1.19	-5.5
1242	100	70	70	80	0.00896	0.0114	0.01247	10.11	-7.41	-4.43
1241	100	40	70	80	0.01015	0.01544	0.01431	12.89	-14.92	-1.96
1240	100	0	70	80	0.01298	0.02269	0.019	16.84	-22.62	-0.28
1287	100	0	0	0	0.15425	0.22998	0.56866	55.07	-34.91	-54.12
1288	98	0	0	0	0.16154	0.23752	0.57225	55.84	-34.01	-53.17
1289	95	0	0	0	0.17286	0.2491	0.57766	56.99	-32.67	-51.74
1290	90	0	0	0	0.19284	0.26942	0.58685	58.92	-30.53	-49.35
64	85	0	0	0	0.21423	0.29092	0.59617	60.86	-28.47	-46.94
1292	80	0	0	0	0.23701	0.31362	0.60568	62.81	-26.5	-44.53
1293	75	0	0	0	0.26111	0.33752	0.61565	64.77	-24.64	-42.14
1294	70	0	0	0	0.28669	0.3628	0.62645	66.73	-22.89	-39.8
1295	60	0	0	0	0.34243	0.41753	0.64973	70.7	-19.63	-35.2
1296	50	0	0	0	0.40465	0.47757	0.6732	74.67	-16.48	-30.55
37	40	0	0	0	0.47543	0.54245	0.69417	78.6	-12.77	-25.69
1298	30	0	0	0	0.55385	0.61291	0.71506	82.54	-9.09	-20.79
1299	25	0	0	0	0.59618	0.65061	0.72598	84.52	-7.29	-18.34
19	20	0	0	0	0.64014	0.68984	0.73778	86.5	-5.61	-15.95
1301	15	0	0	0	0.68617	0.7306	0.74975	88.48	-3.93	-13.58
1302	10	0	0	0	0.73427	0.77288	0.76184	90.45	-2.26	-11.2
1303	7	0	0	0	0.76422	0.79904	0.76918	91.64	-1.25	-9.78
1304	5	0	0	0	0.78465	0.8168	0.77412	92.43	-0.58	-8.83
1305	3	0	0	0	0.80543	0.83482	0.77909	93.22	0.09	-7.88
1306	2	0	0	0	0.81595	0.84392	0.78159	93.62	0.43	-7.41
1386	10	6	6	40	0.25006	0.26095	0.2383	58.13	-0.66	-4.39
1374	5	3	3	0	0.7606	0.78543	0.71728	91.03	0.66	-6.34
1286	100	100	100	100	0.0054	0.00574	0.00533	5.18	-0.55	-1.12
1285	100	40	100	100	0.00578	0.00717	0.00577	6.48	-4.59	0.29
1284	100	0	100	100	0.00612	0.00799	0.00579	7.22	-6.39	1.52
1362	0	0	0	10	0.66492	0.68607	0.62727	86.31	0.75	-6.13
1487	0	0	10	10	0.64863	0.67589	0.53355	85.8	-0.69	2.58
1488	0	0	20	10	0.63411	0.66663	0.4495	85.33	-1.97	11.38
1489	0	0	40	10	0.61115	0.65162	0.30845	84.57	-3.98	29.32
1490	0	0	70	10	0.58734	0.63333	0.15685	83.62	-5.54	56.76
1491	0	10	0	10	0.61001	0.60567	0.56565	82.15	6.19	-7.13
1492	0	10	10	10	0.59721	0.59981	0.48483	81.83	4.54	1.16
1493	0	10	20	10	0.58424	0.59189	0.40931	81.4	3.29	9.61
1494	0	10	40	10	0.56355	0.57877	0.28179	80.67	1.36	26.88
1495	0	10	70	10	0.54274	0.56431	0.14438	79.86	-0.35	53.41
1496	0	20	0	10	0.55901	0.53149	0.50755	77.96	11.91	-8.08
1497	0	20	10	10	0.54788	0.52691	0.43606	77.69	10.29	-0.16
1498	0	20	20	10	0.53768	0.52253	0.37101	77.43	8.82	7.87
1499	0	20	40	10	0.51936	0.51128	0.25647	76.76	7.01	24.45
1500	0	20	70	10	0.50104	0.49929	0.13266	76.03	5.32	49.92
1501	0	40	0	10	0.46746	0.39905	0.39928	69.4	24.68	-9.77
1502	0	40	10	10	0.45859	0.396	0.34487	69.18	23.12	-2.66
1503	0	40	20	10	0.45096	0.3935	0.29516	69	21.71	4.59
1504	0	40	40	10	0.43843	0.38874	0.20801	68.66	19.57	19.63
1505	0	40	70	10	0.42335	0.37936	0.10854	67.97	18.07	43.07
1506	0	70	0	10	0.35622	0.24413	0.25759	56.5	46.28	-10.67
1507	0	70	10	10	0.35025	0.24205	0.22505	56.29	45.15	-5.06
1508	0	70	20	10	0.34486	0.24023	0.19467	56.11	44.09	0.75
1509	0	70	40	10	0.33609	0.23751	0.13946	55.84	42.24	13.28
1510	0	70	70	10	0.32759	0.23462	0.07554	55.54	40.51	33.22
1511	10	0	0	10	0.58675	0.61852	0.60973	82.83	-2.31	-10.41
1512	10	0	10	10	0.57187	0.60872	0.51861	82.31	-3.66	-1.81
1513	10	0	20	10	0.5583	0.59999	0.43701	81.84	-4.97	6.88
1514	10	0	40	10	0.53789	0.58706	0.30042	81.13	-7.06	24.66
1515	10	0	70	10	0.51659	0.57099	0.15331	80.24	-8.71	51.8
1516	10	10	0	10	0.54157	0.55124	0.55286	79.11	2.57	-11.02
1517	10	10	10	10	0.52915	0.54298	0.47289	78.64	1.45	-2.96
1518	10	10	20	10	0.51711	0.53568	0.39946	78.21	0.16	5.39
1519	10	10	40	10	0.49764	0.52367	0.2749	77.5	-1.95	22.56
1520	10	10	70	10	0.47916	0.51099	0.14122	76.74	-3.7	48.86
1521	10	20	0	10	0.49606	0.48414	0.49665	75.08	8.03	-11.82
1522	10	20	10	10	0.48521	0.47724	0.42584	74.65	6.96	-4.13
1523	10	20	20	10	0.47581	0.47315	0.36266	74.39	5.5	3.79
1524	10	20	40	10	0.45851	0.46296	0.25052	73.74	3.47	20.3
1525	10	20	70	10	0.4425	0.45301	0.12995	73.09	1.66	45.6
1526	10	40	0	10	0.41349	0.36312	0.39123	66.76	20.34	-13.26
1527	10	40	10	10	0.4055	0.35915	0.33769	66.45	19.2	-6.32
1528	10	40	20	10	0.3985	0.35684	0.28922	66.28	17.79	0.85
1529	10	40	40	10	0.38636	0.35193	0.20389	65.9	15.61	15.71
1530	10	40	70	10	0.37305	0.34397	0.10658	65.28	14.01	39.04
1531	10	70	0	10	0.31247	0.21989	0.25304	54.02	41.65	-14.15
1532	10	70	10	10	0.30778	0.21815	0.22084	53.83	40.72	-8.49
1533	10	70	20	10	0.30297	0.21653	0.19118	53.66	39.68	-2.74
1534	10	70	40	10	0.29488	0.21422	0.13719	53.41	37.69	9.7
1535	10	70	70	10	0.2866	0.21064	0.07419	53.02	36.19	29.4
1536	20	0	0	10	0.51511	0.55554	0.59255	79.36	-5.32	-14.68
1537	20	0	10	10	0.50089	0.54614	0.50404	78.82	-6.76	-6.21
1538	20	0	20	10	0.48825	0.53761	0.4247	78.32	-8.03	2.35
1539	20	0	40	10	0.46928	0.52584	0.29236	77.63	-10.27	19.91
1540	20	0	70	10	0.44974	0.51181	0.14978	76.79	-12.19	46.74
1541	20	10	0	10	0.47519	0.49545	0.53777	75.79	-0.7	-15.14
1542	20	10	10	10	0.46329	0.48754	0.45993	75.3	-1.91	-7.18
1543	20	10	20	10	0.45198	0.48017	0.38847	74.84	-3.13	1.03
1544	20	10	40	10	0.43402	0.46934	0.26774	74.15	-5.38	18
1545	20	10	70	10	0.41722	0.45842	0.13807	73.44	-7.35	44
1546	20	20	0	10	0.4378	0.43933	0.48588	72.18	4.2	-15.59
1547	20	20	10	10	0.42749	0.43277	0.4168	71.74	3.06	-8
1548	20	20	20	10	0.41798	0.42642	0.3539	71.31	2.07	-0.29
1549	20	20	40	10	0.40153	0.41706	0.24465	70.67	-0.19	16.07
1550	20	20	70	10	0.38662	0.40843	0.1273	70.07	-2.27	41.13
1551	20	40	0	10	0.36449	0.32986	0.38377	64.15	16.06	-16.76
1552	20	40	10	10	0.35684	0.32601	0.33145	63.84	14.86	-9.92
1553	20	40	20	10	0.34994	0.32205	0.28326	63.51	13.93	-2.95
1554	20	40	40	10	0.33829	0.31725	0.19973	63.11	11.64	11.76
1555	20	40	70	10	0.32602	0.31044	0.1046	62.54	9.78	34.96
1556	20	70	0	10	0.27296	0.19763	0.24871	51.57	37.06	-17.6
1557	20	70	10	10	0.26854	0.19598	0.21716	51.38	36.1	-11.99
1558	20	70	20	10	0.26453	0.1944	0.18769	51.2	35.25	-6.22
1559	20	70	40	10	0.25689	0.19224	0.13495	50.95	33.16	6.06
1560	20	70	70	10	0.24855	0.1883	0.07283	50.49	31.63	25.59
1561	40	0	0	10	0.38577	0.44013	0.56009	72.24	-11.9	-23.63
1562	40	0	10	10	0.37191	0.43059	0.47762	71.59	-13.6	-15.65
1563	40	0	20	10	0.35973	0.42219	0.40309	71.02	-15.15	-7.47
1564	40	0	40	10	0.33898	0.40742	0.2767	69.99	-17.78	9.32
1565	40	0	70	10	0.32193	0.39616	0.14283	69.19	-20.35	35.43
1566	40	10	0	10	0.35438	0.39163	0.50803	68.87	-7.66	-23.81
1567	40	10	10	10	0.34351	0.38508	0.43647	68.39	-9.31	-16.24
1568	40	10	20	10	0.33265	0.37784	0.36915	67.86	-10.79	-8.37
1569	40	10	40	10	0.31423	0.36544	0.25445	66.93	-13.39	7.87
1570	40	10	70	10	0.29849	0.35551	0.13188	66.18	-15.97	33.15
1571	40	20	0	10	0.32518	0.34639	0.45899	65.47	-3.11	-24.02
1572	40	20	10	10	0.31573	0.34099	0.3953	65.04	-4.69	-16.76
1573	40	20	20	10	0.30699	0.33562	0.33656	64.61	-6.06	-9.33
1574	40	20	40	10	0.29068	0.32522	0.23308	63.77	-8.59	6.31
1575	40	20	70	10	0.27635	0.31668	0.12161	63.07	-11.15	30.68
1576	40	40	0	10	0.27184	0.26393	0.3671	58.41	7.13	-24.39
1577	40	40	10	10	0.26525	0.26047	0.31769	58.08	5.87	-17.77
1578	40	40	20	10	0.25888	0.25688	0.2721	57.74	4.72	-11.03
1579	40	40	40	10	0.24767	0.25048	0.19161	57.12	2.65	3.15
1580	40	40	70	10	0.23492	0.24346	0.10062	56.43	0.08	25.71
1581	40	70	0	10	0.20106	0.15633	0.23898	46.49	27.14	-24.58
1582	40	70	10	10	0.19683	0.15465	0.20948	46.26	26.02	-19.28
1583	40	70	20	10	0.19302	0.15311	0.18153	46.06	25	-13.74
1584	40	70	40	10	0.18619	0.15023	0.13025	45.67	23.2	-1.76
1585	40	70	70	10	0.178	0.14675	0.07081	45.19	20.97	17.28
1586	70	0	0	10	0.23686	0.29967	0.51064	61.63	-21.45	-36.59
1587	70	0	10	10	0.22532	0.29261	0.43697	61.01	-23.97	-29.03
1588	70	0	20	10	0.21417	0.28561	0.37053	60.39	-26.47	-21.44
1589	70	0	40	10	0.19568	0.27309	0.25721	59.26	-30.56	-5.85
1590	70	0	70	10	0.1743	0.25641	0.13286	57.69	-34.94	18.26
1591	70	10	0	10	0.21916	0.26994	0.46695	58.97	-18	-36.17
1592	70	10	10	10	0.20855	0.26346	0.40141	58.36	-20.4	-29.08
1593	70	10	20	10	0.19868	0.25746	0.34138	57.79	-22.76	-21.79
1594	70	10	40	10	0.18166	0.24616	0.23725	56.7	-26.72	-6.66
1595	70	10	70	10	0.16241	0.23183	0.12355	55.26	-31.03	16.67
1596	70	20	0	10	0.20185	0.24071	0.4246	56.16	-14.15	-35.85
1597	70	20	10	10	0.19234	0.23517	0.36642	55.6	-16.48	-29.13
1598	70	20	20	10	0.18369	0.23006	0.31355	55.08	-18.67	-22.31
1599	70	20	40	10	0.16793	0.21983	0.21815	54.01	-22.54	-7.65
1600	70	20	70	10	0.15049	0.20751	0.11459	52.68	-26.81	14.84
1601	70	40	0	10	0.16651	0.18183	0.34029	49.72	-4.83	-35.56
1602	70	40	10	10	0.15942	0.1781	0.29491	49.26	-6.89	-29.4
1603	70	40	20	10	0.15265	0.17446	0.25342	48.82	-8.9	-23.18
1604	70	40	40	10	0.14169	0.16854	0.18025	48.08	-12.34	-9.97
1605	70	40	70	10	0.12748	0.15922	0.09534	46.87	-16.28	10.99
1606	70	70	0	10	0.12098	0.10678	0.22577	39.03	13.1	-34.95
1607	70	70	10	10	0.1167	0.10494	0.19808	38.72	11.48	-29.96
1608	70	70	20	10	0.11278	0.10324	0.17197	38.42	9.96	-24.75
1609	70	70	40	10	0.10622	0.10037	0.12397	37.91	7.33	-13.37
1610	70	70	70	10	0.09841	0.09633	0.06797	37.18	4.46	4.66
1611	50	40	40	0	0.24911	0.26425	0.22618	58.44	-2.4	-1.57
1612	100	0	0	10	0.12866	0.19254	0.46686	50.98	-33.22	-49.92
1613	0	100	0	10	0.28038	0.14255	0.14788	44.6	70.06	-8.28
1614	0	0	100	10	0.57565	0.62286	0.06566	83.07	-5.99	84.78
1615	0	100	100	10	0.25457	0.13392	0.01979	43.35	64.95	44.65
1616	100	0	100	10	0.05594	0.14053	0.05293	44.31	-66.39	23.92
1617	100	100	0	10	0.04054	0.02821	0.12353	19.31	21.65	-45.31
END_DATA										