ECI2002     
# 1485 patches, random layout
ORIGINATOR      "System Brunner AG, www.systembrunner.ch, Copyright 2004 System Brunner AG"
DESCRIPTOR      "EUROSB104S"
CREATED	"7/5/2004"  # Time: 19:20
INSTRUMENTATION "GretagMacbeth SpectroScanT, Illumination=D50, ObserverAngle=2 degree, Geometry 45/0, WhiteBase=Absolute, Filter=No, White backing"
PRINT_CONDITIONS        "Offset printing, according to Eurostandard System Brunner specification, within ISO 12647-2:2004 tolerances, paper type coated/semi-matte, 115 g/m2, TVI 15%, screen ruling 60 L/cm, for further information see documentation"
KEYWORD	"SampleID"
KEYWORD	"SAMPLE_NAME"
NUMBER_OF_FIELDS	8
BEGIN_DATA_FORMAT
SampleID	SAMPLE_NAME	XYZ_X	XYZ_Y	XYZ_Z	LAB_L	LAB_A	LAB_B
END_DATA_FORMAT
NUMBER_OF_SETS	1485						
BEGIN_DATA							
810	A1	39.55	38.65	30.11	68.50	7.27	2.75
1369	A2	9.40	9.97	8.32	37.78	-1.67	-0.39
1393	A3	1.69	1.81	1.48	14.44	-1.38	0.14
1427	A4	77.41	77.96	64.38	90.76	4.53	-0.07
1387	A5	2.14	2.34	2.02	17.16	-2.49	-0.91
1377	A6	57.67	59.89	54.50	81.78	-0.20	-5.61
558	A7	6.21	5.00	5.22	26.74	16.19	-6.02
1381	A8	48.49	50.36	46.05	76.29	-0.18	-5.56
1394	A9	2.37	2.47	2.02	17.78	-0.19	0.17
1434	A10	69.30	69.82	57.90	86.91	4.31	-0.31
1388	A11	3.56	3.74	3.08	22.80	-0.77	0.06
1392	A12	17.43	18.09	16.65	49.60	-0.07	-4.21
1382	A13	5.19	5.48	4.55	28.07	-1.16	-0.14
93	A14	58.98	57.29	50.31	80.34	9.19	-3.50
230	A15	13.11	15.86	27.12	46.79	-13.56	-29.77
1430	A16	70.42	70.58	63.40	87.28	5.11	-5.13
1395	A17	3.42	3.52	3.06	22.02	0.41	-1.14
1376	A18	46.82	48.31	43.52	75.02	0.67	-4.68
1389	A19	5.94	6.14	5.43	29.77	0.24	-1.86
1380	A20	39.14	40.47	36.81	69.80	0.39	-4.90
1424	A21	75.11	77.39	68.05	90.50	1.01	-3.95
1385	A22	26.00	26.87	24.67	58.85	0.38	-4.70
1378	A23	13.90	14.46	12.69	44.89	-0.28	-2.19
1391	A24	14.51	15.00	13.87	45.64	0.26	-4.12
1420	A25	75.60	77.74	70.41	90.66	1.32	-5.82
1397	A26	6.85	7.08	6.52	31.98	0.31	-3.10
210	A27	27.73	31.61	36.15	63.02	-10.56	-15.67
101	A28	56.44	58.82	54.18	81.19	-0.66	-6.28
1432	A29	73.38	76.09	61.82	89.90	0.03	0.92
1375	A30	28.52	29.53	27.27	61.25	0.17	-5.10
1384	A31	16.30	16.87	15.90	48.09	0.19	-5.02
1379	A32	24.52	25.33	23.42	57.40	0.38	-4.89
1	A33	83.27	85.90	75.39	94.27	0.84	-3.97
970	B1	3.77	2.91	8.71	19.67	15.94	-33.02
1049	B2	17.44	12.50	2.44	42.00	32.79	38.13
968	B3	6.07	7.38	17.57	32.65	-10.77	-35.56
336	B4	54.53	53.81	29.98	78.35	6.81	19.94
479	B5	9.62	17.88	17.34	49.35	-49.75	-6.24
560	B6	8.77	17.21	11.55	48.52	-53.25	7.39
328	B7	57.66	52.55	27.52	77.61	17.77	22.69
564	B8	5.98	8.81	7.96	35.62	-24.55	-2.74
974	B9	20.03	14.14	11.49	44.44	35.59	0.53
1045	B10	2.86	2.79	3.33	19.17	3.27	-7.98
234	B11	7.70	5.45	12.92	27.99	25.75	-31.96
999	B12	19.17	13.62	8.40	43.68	34.59	9.51
1018	B13	4.66	6.61	9.41	30.91	-20.13	-16.13
997	B14	28.26	27.34	15.13	59.29	7.59	16.18
641	B15	7.92	16.36	7.56	47.44	-56.11	19.22
849	B16	20.66	11.44	7.54	40.31	56.46	7.00
433	B17	46.43	54.15	24.00	78.55	-15.64	30.50
279	B18	21.83	12.21	11.49	41.55	56.66	-4.45
469	B19	15.30	25.41	19.76	57.47	-46.00	2.46
315	B20	7.47	5.47	11.40	28.04	23.30	-27.48
1046	B21	29.63	31.67	3.87	63.07	-3.40	64.21
955	B22	13.08	7.37	9.18	32.64	47.23	-12.33
1056	B23	17.25	21.26	3.76	53.23	-16.66	47.90
965	B24	6.40	4.24	9.18	24.44	28.13	-26.47
1066	B25	4.62	9.52	3.56	36.96	-46.68	21.18
422	B26	30.76	18.95	9.23	50.63	54.43	18.51
887	B27	33.55	36.28	11.47	66.73	-4.90	39.03
458	B28	14.11	10.27	8.64	38.33	29.32	-0.62
899	B29	13.56	19.09	9.55	50.79	-27.84	17.69
740	B30	27.05	18.85	21.09	50.51	40.65	-12.27
911	B31	42.55	43.29	4.84	71.75	2.43	73.56
1265	B32	1.93	1.58	1.35	13.10	10.25	-0.65
905	B33	6.74	12.89	8.98	42.60	-46.65	5.54
1061	C1	9.36	13.98	3.63	44.21	-29.76	33.23
952	C2	24.63	24.30	26.08	56.39	5.24	-11.44
1063	C3	7.27	8.83	2.89	35.66	-11.44	23.63
358	C4	26.28	19.43	15.02	51.19	34.58	2.48
720	C5	5.85	4.87	3.19	26.37	13.79	5.45
135	C6	14.47	8.57	14.97	35.15	45.23	-25.03
350	C7	27.17	16.87	12.00	48.09	51.56	5.30
384	C8	14.37	14.48	16.61	44.92	2.51	-12.18
1027	C9	20.65	21.37	7.24	53.35	0.25	30.67
986	C10	13.11	17.38	21.03	48.73	-21.91	-15.22
389	C11	15.35	23.08	25.72	55.15	-35.72	-12.95
1002	C12	22.16	22.58	14.33	54.64	1.79	10.19
1013	C13	8.66	9.79	10.18	37.46	-6.54	-7.41
1004	C14	14.83	10.99	8.01	39.57	28.34	3.88
216	C15	14.11	8.47	13.02	34.94	43.92	-20.26
728	C16	4.16	4.90	3.49	26.46	-7.60	3.51
471	C17	12.79	19.11	16.05	50.81	-32.97	-0.70
457	C18	16.07	13.38	10.28	43.33	19.45	2.41
435	C19	39.07	41.12	19.62	70.26	-1.82	24.80
421	C20	34.01	23.66	11.31	55.75	44.01	20.57
400	C21	9.05	14.17	20.23	44.48	-33.49	-20.92
186	C22	36.39	28.87	26.22	60.67	30.87	-4.31
616	C23	20.54	23.86	7.16	55.95	-11.51	35.50
222	C24	15.33	14.92	23.24	45.52	5.68	-25.04
580	C25	45.22	42.63	7.97	71.30	12.18	58.74
1267	C26	1.53	1.55	1.85	12.91	0.98	-6.54
935	C27	12.54	17.99	4.43	49.48	-28.94	37.43
1261	C28	2.40	2.17	1.82	16.38	6.44	-0.28
918	C29	34.04	34.14	4.38	65.07	3.94	64.60
474	C30	9.15	10.99	11.40	39.56	-11.46	-7.60
452	C31	26.29	33.12	19.64	64.26	-21.74	14.43
438	C32	28.99	24.48	13.20	56.57	22.18	16.54
416	C33	57.01	59.56	23.23	81.60	-1.04	37.18
960	D1	9.71	5.68	8.66	28.60	40.38	-17.46
1059	D2	10.13	8.30	2.47	34.61	17.79	25.12
958	D3	16.49	15.50	20.37	46.31	8.96	-18.05
372	D4	26.22	30.71	25.85	62.26	-13.40	-0.92
370	D5	31.54	40.74	31.62	69.99	-26.12	2.98
362	D6	37.83	43.17	30.09	71.67	-11.86	8.26
364	D7	31.93	32.88	24.24	64.06	0.84	5.06
366	D8	25.34	21.84	17.80	53.86	19.15	0.49
984	D9	12.28	9.49	10.68	36.91	23.50	-9.94
1035	D10	9.13	5.83	3.40	28.99	33.97	8.50
198	D11	21.98	12.15	13.02	41.46	57.75	-9.01
1009	D12	11.43	9.03	7.77	36.04	21.32	-1.28
1008	D13	14.40	14.13	11.15	44.42	4.85	1.53
1007	D14	16.77	18.16	13.53	49.69	-4.07	3.77
371	D15	28.44	35.00	28.26	65.75	-19.55	1.00
419	D16	44.03	38.90	16.70	68.68	20.02	28.56
437	D17	32.97	31.01	15.95	62.52	11.19	19.73
455	D18	20.94	22.20	14.79	54.24	-2.21	8.33
473	D19	10.78	14.41	13.50	44.81	-21.23	-4.55
150	D20	12.08	12.53	26.26	42.05	-0.01	-36.48
1048	D21	21.72	19.17	2.93	50.88	15.95	49.59
953	D22	21.13	18.81	21.35	50.46	15.00	-12.88
1058	D23	12.50	12.60	2.85	42.16	2.36	35.10
963	D24	10.15	10.51	18.82	38.75	0.10	-27.81
1068	D25	3.54	5.90	2.90	29.15	-28.43	12.29
418	D26	47.66	44.78	18.93	72.75	12.79	30.58
436	D27	35.90	36.04	17.88	66.55	3.88	22.19
454	D28	22.49	25.53	16.24	57.59	-9.40	10.52
76	D29	12.31	16.13	39.84	47.14	-20.39	-48.06
738	D30	42.54	41.05	41.28	70.21	9.03	-10.15
1278	D31	2.39	2.60	1.31	18.35	-2.25	8.97
1263	D32	2.12	2.27	2.31	16.84	-1.56	-4.07
1284	D33	1.45	1.93	1.31	15.10	-10.62	3.33
1051	E1	22.07	25.24	3.79	57.31	-10.14	54.74
962	E2	12.28	14.16	22.93	44.46	-9.02	-26.29
1053	E3	16.82	15.81	2.97	46.72	9.03	42.08
394	E4	8.86	8.80	13.36	35.59	3.28	-20.07
684	E5	19.99	11.62	3.06	40.61	51.90	30.90
99	E6	29.40	15.45	14.74	46.25	68.20	-5.33
386	E7	11.00	8.30	11.15	34.59	24.47	-15.41
348	E8	34.83	28.07	19.00	59.95	28.72	8.35
1037	E9	9.08	11.98	6.37	41.18	-18.95	13.41
976	E10	28.26	31.06	24.85	62.56	-6.48	1.37
353	E11	44.21	48.63	30.96	75.22	-7.62	13.01
1012	E12	10.19	12.79	12.48	42.45	-15.54	-5.79
1003	E13	18.93	17.46	11.77	48.84	11.10	7.29
1014	E14	6.68	6.03	7.24	29.50	9.20	-10.43
180	E15	29.23	15.53	13.07	46.35	67.12	-0.71
1042	E16	4.54	7.91	5.95	33.80	-34.08	2.60
989	E17	7.16	6.19	9.69	29.88	12.44	-18.85
1032	E18	15.11	16.71	6.67	47.89	-5.83	23.69
979	E19	15.36	11.23	10.77	39.96	29.84	-4.98
1022	E20	26.34	25.73	7.83	57.78	6.42	35.98
465	E21	13.30	13.84	12.05	44.00	-0.27	-1.89
443	E22	35.93	41.52	21.44	70.54	-13.22	21.57
429	E23	33.73	27.17	13.42	59.13	28.46	20.36
407	E24	65.93	66.58	23.98	85.29	3.91	42.15
847	E25	32.32	28.66	17.46	60.48	17.68	12.68
791	E26	18.11	22.62	33.11	54.68	-18.33	-25.67
1282	E27	1.84	1.96	1.21	15.28	-1.26	4.98
779	E28	40.08	41.78	38.79	70.72	-0.65	-6.01
920	E29	23.18	16.69	3.05	47.87	35.58	43.50
470	E30	13.84	21.86	17.91	53.88	-39.39	0.28
456	E31	18.14	17.26	12.42	48.59	8.08	4.96
434	E32	42.79	47.46	21.91	74.48	-8.61	27.43
420	E33	38.77	30.74	14.17	62.29	31.58	23.81
950	F1	16.04	8.63	8.64	35.26	54.03	-5.90
1069	F2	2.93	3.78	2.48	22.94	-11.89	4.92
948	F3	26.97	23.09	22.47	55.17	20.21	-6.94
481	F4	8.17	13.71	14.58	43.81	-38.23	-9.11
334	F5	65.02	70.62	36.95	87.30	-6.79	25.08
326	F6	68.42	68.85	34.26	86.43	4.46	27.39
562	F7	7.49	13.18	10.23	43.04	-41.14	2.06
330	F8	45.57	34.62	19.52	65.45	38.38	16.72
994	F9	4.27	4.46	9.64	25.14	-0.42	-26.85
1025	F10	15.45	8.83	3.37	35.65	48.95	20.15
813	F11	21.03	11.39	9.91	40.23	58.59	-1.75
1019	F12	3.73	4.17	6.97	24.23	-4.24	-18.38
998	F13	24.73	21.62	12.55	53.62	17.61	13.26
1017	F14	5.37	8.48	11.23	34.96	-28.76	-15.03
335	F15	59.23	61.32	33.09	82.55	0.25	22.41
971	F16	35.12	36.75	25.74	67.09	-1.07	7.60
1030	F17	11.59	6.95	3.20	31.70	41.13	14.52
981	F18	21.57	25.09	23.14	57.16	-11.80	-4.79
1040	F19	5.21	3.88	3.28	23.28	19.72	-0.55
991	F20	7.18	11.57	18.84	40.53	-33.28	-24.79
848	F21	25.42	17.99	11.78	49.48	38.36	8.37
851	F22	37.55	39.97	24.04	69.45	-3.20	14.73
431	F23	26.41	16.40	8.69	47.49	51.04	14.99
863	F24	15.81	21.03	20.01	52.98	-23.68	-5.81
467	F25	10.28	8.04	8.39	34.06	21.30	-7.05
875	F26	44.80	45.58	12.26	73.27	2.47	47.97
440	F27	22.54	14.53	8.83	44.99	45.11	10.19
893	F28	24.84	28.98	10.71	60.76	-12.73	31.06
476	F29	7.06	6.34	8.28	30.25	9.84	-13.22
731	F30	53.25	52.62	47.80	77.65	6.56	-5.27
1280	F31	2.16	1.92	1.18	15.07	7.09	5.02
749	F32	31.66	34.40	42.35	65.28	-5.41	-20.01
1286	F33	1.44	1.48	1.10	12.47	0.35	1.60
91	G1	70.30	75.14	62.41	89.46	-4.54	-0.41
151	G2	10.21	9.24	21.18	36.44	10.54	-36.71
127	G3	36.02	44.33	54.23	72.45	-21.14	-21.40
115	G4	27.80	19.99	23.57	51.83	37.95	-14.79
74	G5	15.07	21.53	49.33	53.53	-30.35	-48.62
799	G6	8.02	10.24	22.62	38.27	-15.65	-36.37
901	G7	11.01	13.16	7.33	43.00	-11.74	12.46
787	G8	23.64	22.43	26.39	54.48	9.13	-15.27
889	G9	26.65	24.63	8.58	56.71	12.30	31.30
769	G10	40.12	34.31	29.42	65.21	23.24	-1.82
92	G11	64.31	65.50	56.19	84.74	2.63	-2.28
152	G12	8.83	6.87	17.28	31.50	20.65	-36.89
128	G13	32.07	37.67	47.99	67.78	-14.68	-22.51
116	G14	24.46	15.17	18.40	45.87	49.85	-14.62
236	G15	12.59	19.95	35.25	51.78	-38.46	-33.78
323	G16	5.77	5.35	12.76	27.70	7.17	-32.02
587	G17	46.13	49.76	9.26	75.92	-5.15	62.01
214	G18	17.74	14.05	19.25	44.30	24.48	-19.17
623	G19	17.76	25.50	8.40	57.56	-32.56	33.45
178	G20	36.35	25.11	21.37	57.18	45.77	-1.33
164	G21	71.97	71.80	49.75	87.87	5.85	10.11
224	G22	11.51	8.36	15.19	34.72	27.59	-26.33
200	G23	40.99	45.70	43.41	73.35	-9.17	-7.42
188	G24	28.07	17.18	16.40	48.49	53.39	-5.55
398	G25	10.65	18.54	24.42	50.15	-45.25	-19.24
1277	G26	1.52	1.43	1.22	12.15	4.10	-0.50
815	G27	38.69	40.68	33.35	69.95	-1.68	0.30
1271	G28	2.23	1.86	1.24	14.73	10.07	3.60
827	G29	17.56	22.31	28.38	54.35	-19.84	-18.85
233	G30	8.46	6.87	15.30	31.50	17.48	-32.17
596	G31	39.61	44.44	9.07	72.52	-9.85	56.81
197	G32	24.17	15.22	16.27	45.94	48.30	-9.62
632	G33	12.23	20.52	8.22	52.42	-43.70	25.25
873	H1	3.94	3.39	7.12	21.56	10.38	-23.63
826	H2	18.94	25.36	31.15	57.42	-25.83	-17.98
861	H3	13.17	7.76	7.30	33.47	44.24	-3.84
814	H4	42.18	46.52	36.88	73.88	-7.86	2.03
843	H5	23.29	12.51	7.35	42.02	61.31	10.70
87	H6	47.95	35.93	31.36	66.47	40.66	-2.69
139	H7	20.42	23.17	36.72	55.25	-9.07	-29.87
123	H8	27.12	22.64	28.53	54.70	22.86	-18.49
103	H9	47.16	44.51	43.09	72.57	12.19	-8.36
159	H10	8.75	10.07	25.37	37.96	-7.89	-41.96
734	H11	30.74	20.93	21.11	52.87	44.72	-8.23
924	H12	29.14	30.15	4.26	61.78	0.27	59.64
752	H13	17.96	13.34	19.42	43.27	30.05	-21.31
936	H14	11.37	15.66	4.18	46.53	-24.37	33.81
764	H15	6.06	5.85	17.25	29.02	4.78	-41.09
176	H16	47.49	41.32	33.27	70.40	22.44	1.20
228	H17	15.52	20.95	33.19	52.89	-24.97	-28.88
212	H18	23.46	23.72	29.16	55.81	2.60	-17.61
192	H19	43.12	44.33	39.86	72.45	1.12	-4.44
321	H20	7.55	9.44	18.45	36.81	-13.74	-30.36
967	H21	6.84	9.20	20.57	36.36	-18.72	-35.61
1064	H22	5.65	5.49	2.44	28.09	4.17	14.20
957	H23	19.26	19.98	25.18	51.82	-0.03	-17.74
1054	H24	13.58	10.37	2.46	38.49	25.27	31.92
947	H25	31.50	29.82	27.87	61.50	10.30	-5.68
177	H26	40.92	31.61	26.48	63.02	35.13	-0.70
211	H27	25.43	27.45	32.72	59.39	-4.30	-16.96
213	H28	19.88	17.95	23.74	49.44	13.32	-19.21
175	H29	52.01	48.23	37.89	74.97	14.90	2.53
775	H30	34.57	30.17	28.17	61.80	19.86	-5.66
1272	H31	2.00	2.23	1.79	16.67	-3.43	0.57
1273	H32	1.94	1.94	1.54	15.19	1.60	0.67
774	H33	41.52	40.47	35.99	69.80	7.73	-3.76
95	I1	47.97	41.25	38.06	70.35	24.00	-5.66
147	I2	16.65	21.64	39.08	53.64	-21.75	-35.84
131	I3	24.39	24.33	34.25	56.42	4.06	-24.35
111	I4	44.43	45.33	46.84	73.11	2.11	-11.98
78	I5	9.30	10.20	28.88	38.20	-4.29	-47.51
800	I6	5.77	5.79	15.30	28.87	2.19	-36.69
900	I7	12.53	16.83	8.54	48.04	-22.78	16.49
788	I8	17.40	13.06	16.95	42.85	28.87	-16.55
888	I9	30.84	31.82	10.13	63.19	0.60	37.13
770	I10	30.24	20.69	18.61	52.61	43.98	-3.47
96	I11	41.69	32.11	30.72	63.43	35.72	-6.95
148	I12	14.88	18.51	35.05	50.11	-16.76	-36.37
132	I13	20.72	18.45	27.62	50.04	14.85	-25.01
112	I14	40.29	39.09	41.51	68.82	8.19	-12.84
240	I15	7.83	9.41	21.19	36.76	-10.88	-36.17
319	I16	9.41	14.19	24.02	44.51	-30.61	-28.23
591	I17	31.26	25.32	5.82	57.39	27.16	43.89
1396	I18	4.86	5.00	4.55	26.74	0.48	-2.46
627	I19	11.73	12.73	5.58	42.35	-3.73	19.12
174	I20	56.93	55.43	42.51	79.29	8.74	3.95
168	I21	47.20	35.61	27.14	66.22	39.67	3.69
220	I22	19.02	22.12	31.03	54.15	-11.33	-23.43
204	I23	26.53	22.44	24.61	54.49	21.39	-12.10
184	I24	46.08	43.72	37.11	72.04	11.43	-1.46
402	I25	6.83	8.98	15.04	35.95	-17.06	-23.85
1275	I26	1.45	1.78	1.73	14.28	-7.12	-2.95
1270	I27	2.26	2.14	1.51	16.21	4.19	2.85
1269	I28	2.39	2.50	1.75	17.92	-0.42	3.11
1276	I29	1.48	1.60	1.50	13.20	-1.67	-2.24
229	I30	14.12	18.15	30.15	49.68	-19.55	-29.76
600	I31	26.72	22.55	5.84	54.61	21.61	38.99
193	I32	39.62	38.87	36.03	68.66	6.81	-5.78
636	I33	8.08	10.28	5.66	38.34	-15.45	11.82
944	J1	3.50	4.75	3.05	26.00	-15.55	5.77
756	J2	17.27	20.14	34.14	52.00	-11.25	-31.80
932	J3	14.55	11.68	3.02	40.70	21.81	31.38
744	J4	37.44	36.99	39.94	67.27	5.84	-13.48
914	J5	26.57	18.50	2.96	50.10	40.45	47.97
83	J6	73.98	73.45	58.22	88.66	6.62	2.38
143	J7	11.65	8.33	17.37	34.66	28.82	-31.65
119	J8	41.68	46.11	50.67	73.62	-8.24	-15.49
107	J9	28.02	16.92	18.47	48.16	54.62	-10.83
155	J10	13.42	20.30	41.71	52.18	-34.77	-41.78
805	J11	38.78	33.32	25.19	64.42	22.44	3.97
853	J12	28.18	25.82	16.90	57.87	13.42	9.45
823	J13	22.32	21.46	22.50	53.45	7.64	-9.96
865	J14	11.73	13.45	14.26	43.43	-8.38	-8.95
835	J15	6.91	9.27	18.65	36.50	-18.62	-31.32
172	J16	68.26	73.42	53.23	88.65	-5.45	7.60
232	J17	9.38	8.89	18.20	35.78	6.73	-31.57
208	J18	33.29	41.98	45.27	70.86	-23.63	-13.98
196	J19	27.26	19.73	20.34	51.53	37.08	-8.99
317	J20	11.34	18.92	29.61	50.59	-42.04	-27.33
404	J21	5.18	5.09	10.69	27.00	3.27	-27.08
182	J22	55.04	57.80	46.65	80.63	-1.74	1.21
620	J23	12.74	9.35	4.24	36.65	27.71	16.41
218	J24	22.78	29.37	38.41	61.11	-23.29	-22.07
584	J25	29.54	18.19	4.36	49.73	53.75	38.28
173	J26	62.31	63.93	48.01	83.93	1.54	5.31
215	J27	15.03	10.28	15.40	38.34	34.86	-20.61
209	J28	30.23	36.20	40.88	66.67	-16.66	-15.74
179	J29	31.87	19.13	16.44	50.84	57.62	-1.58
803	J30	50.47	50.48	35.61	76.36	4.85	8.09
1274	J31	1.86	1.64	1.22	13.50	7.02	1.80
821	J32	28.70	32.14	31.01	63.46	-8.64	-7.35
776	J33	26.57	18.70	18.47	50.34	39.44	-7.07
1120	K1	2.46	2.09	4.17	15.97	9.43	-18.82
1161	K2	5.95	8.49	4.42	34.99	-22.16	12.53
1110	K3	5.75	3.68	4.25	22.57	29.09	-7.93
1151	K4	12.82	14.56	5.08	45.02	-7.85	26.23
1100	K5	8.90	5.16	4.22	27.19	39.78	0.22
721	K6	8.12	18.20	6.11	49.74	-64.23	29.37
63	K7	10.80	6.67	16.43	31.05	38.22	-35.68
685	K8	34.67	43.13	6.34	71.64	-22.22	66.05
27	K9	25.83	13.69	16.54	43.78	64.63	-13.98
649	K10	66.76	70.52	6.78	87.25	-2.71	91.07
397	K11	11.40	21.11	26.50	53.07	-52.28	-17.89
387	K12	9.53	6.38	9.32	30.35	31.41	-16.78
361	K13	40.38	48.74	32.70	75.29	-19.40	10.47
351	K14	24.59	13.47	9.44	43.46	60.80	5.40
325	K15	74.85	78.84	37.59	91.16	-2.36	30.86
73	K16	15.99	24.11	54.40	56.20	-36.51	-49.60
711	K17	8.37	6.04	3.19	29.51	25.24	10.80
37	K18	47.68	54.55	66.39	78.78	-13.14	-22.62
675	K19	23.38	13.21	3.03	43.08	57.12	35.38
1367	K20	83.51	86.13	75.57	94.37	0.88	-3.95
1170	K21	2.07	2.05	2.29	15.74	2.06	-5.83
1111	K22	7.23	9.47	11.45	36.87	-17.01	-12.40
1160	K23	5.36	3.69	2.28	22.63	24.31	6.15
1101	K24	15.20	16.71	13.61	47.89	-5.30	0.47
1150	K25	8.67	5.32	2.34	27.62	36.01	14.25
1268	K26	1.59	1.39	1.34	11.91	6.92	-2.51
929	K27	22.47	26.60	4.58	58.60	-13.88	52.33
1262	K28	2.23	1.76	1.26	14.18	12.44	2.47
916	K29	39.59	43.67	5.20	72.01	-7.72	72.15
54	K30	14.25	8.36	16.74	34.72	45.73	-30.07
614	K31	23.25	30.33	8.46	61.94	-24.74	40.76
18	K32	29.86	15.67	17.06	46.54	68.71	-10.44
578	K33	53.34	55.92	9.63	79.57	-1.48	67.04
3	L1	68.75	64.32	59.38	84.13	15.10	-6.61
673	L2	27.87	20.06	3.69	51.91	37.86	46.11
39	L3	39.10	40.61	52.37	69.90	-0.17	-23.79
709	L4	10.03	9.61	3.68	37.13	6.15	20.64
75	L5	13.05	17.93	43.71	49.41	-25.24	-49.07
1149	L6	10.22	7.54	2.88	33.00	25.44	19.09
1102	L7	13.13	13.26	11.29	43.15	2.30	-1.08
1159	L8	6.31	5.29	2.80	27.55	13.73	10.35
1112	L9	6.56	7.86	9.87	33.70	-10.10	-12.87
1169	L10	2.27	2.72	2.71	18.87	-6.97	-3.94
327	L11	62.47	59.78	30.41	81.72	11.45	25.07
349	L12	30.34	21.70	14.96	53.71	39.61	6.98
363	L13	33.89	36.92	26.63	67.22	-5.86	6.28
385	L14	11.60	10.34	13.28	38.44	12.20	-14.93
399	L15	9.17	15.45	21.49	46.24	-40.07	-20.42
1099	L16	10.89	7.88	6.41	33.73	27.30	0.39
1152	L17	11.03	11.50	4.28	40.41	-0.39	22.65
1109	L18	6.93	5.49	5.99	28.08	17.88	-7.46
1162	L19	5.20	6.80	3.90	31.34	-15.12	9.31
1119	L20	2.81	2.90	5.62	19.62	0.27	-20.28
651	L21	56.57	54.25	5.76	78.61	10.77	80.74
25	L22	33.04	23.07	27.59	55.14	43.25	-16.17
687	L23	28.85	32.39	5.41	63.66	-8.95	56.70
61	L24	13.84	11.50	24.99	40.41	18.67	-37.07
723	L25	6.46	13.39	5.36	43.35	-52.70	21.93
170	L26	36.94	21.59	16.58	53.59	63.18	2.82
598	L27	32.90	33.33	7.67	64.43	2.71	48.08
206	L28	20.10	13.08	16.02	42.88	42.69	-14.30
634	L29	9.55	14.84	6.96	45.42	-33.43	18.17
739	L30	35.62	30.92	32.50	62.44	20.68	-11.38
923	L31	31.60	34.33	4.71	65.22	-5.35	63.03
1264	L32	1.94	1.84	1.78	14.64	3.88	-2.81
941	L33	5.62	11.73	4.70	40.78	-50.90	20.95
725	M1	5.44	9.95	4.72	37.76	-39.97	15.63
59	M2	18.95	19.85	37.62	51.67	-0.96	-37.27
689	M3	24.91	24.79	4.66	56.87	4.37	48.91
23	M4	44.12	38.83	43.87	68.63	20.52	-16.13
653	M5	47.85	40.81	4.74	70.04	24.99	71.18
401	M6	7.79	11.68	18.04	40.71	-28.29	-22.71
383	M7	15.61	17.91	19.53	49.39	-9.32	-10.98
365	M8	28.72	27.90	21.74	59.80	7.19	2.47
347	M9	39.56	35.69	23.05	66.28	16.88	11.10
329	M10	52.81	45.07	24.64	72.94	25.74	19.65
1118	M11	3.26	4.11	7.43	24.03	-10.93	-20.64
1163	M12	4.71	5.63	3.42	28.47	-8.90	7.43
1108	M13	8.82	8.60	8.76	35.20	4.60	-6.42
1153	M14	9.89	9.42	3.77	36.78	6.56	19.47
1098	M15	13.94	12.24	9.54	41.60	14.14	1.87
77	M16	10.50	12.95	34.67	42.69	-14.23	-48.62
707	M17	12.79	15.75	4.58	46.64	-15.03	31.70
41	M18	32.70	30.33	41.10	61.94	12.75	-24.17
671	M19	35.25	32.15	4.70	63.47	14.97	60.08
5	M20	57.32	48.01	46.04	74.83	28.90	-8.06
1168	M21	2.56	3.76	3.22	22.87	-18.45	-0.83
1113	M22	5.45	5.94	7.98	29.25	-3.21	-13.78
1158	M23	7.67	7.83	3.61	33.62	1.20	15.08
1103	M24	11.35	10.44	9.34	38.62	9.58	-2.58
1148	M25	12.67	11.39	3.99	40.23	11.82	24.05
1266	M26	1.45	1.68	2.19	13.71	-4.76	-8.40
1281	M27	1.84	2.17	1.28	16.34	-5.78	5.81
1260	M28	2.45	2.48	2.13	17.84	1.13	-0.81
919	M29	28.84	25.91	3.83	57.95	15.64	55.64
231	M30	10.54	11.40	22.01	40.25	-3.39	-31.77
618	M31	16.06	15.63	5.70	46.48	5.80	25.63
195	M32	30.93	25.41	25.54	57.47	25.60	-8.63
582	M33	36.48	28.79	6.15	60.60	31.47	47.91
7	N1	42.83	28.37	28.14	60.22	52.98	-8.33
669	N2	41.22	42.23	5.47	71.03	1.52	69.08
43	N3	24.29	17.90	26.54	49.37	34.00	-24.34
705	N4	15.11	20.99	5.21	52.94	-27.61	39.19
79	N5	7.66	7.50	23.69	32.91	4.10	-47.63
1147	N6	14.62	14.38	4.60	44.78	4.62	28.41
1104	N7	9.11	6.94	6.52	31.66	22.31	-3.67
1157	N8	8.82	9.91	4.19	37.68	-6.05	18.47
1114	N9	4.59	4.12	5.93	24.08	8.40	-14.04
1167	N10	2.90	4.79	3.79	26.14	-26.20	1.01
331	N11	40.61	27.54	15.80	59.47	49.49	14.84
345	N12	46.87	47.57	28.95	74.55	2.85	15.05
367	N13	21.86	16.69	14.23	47.87	29.57	-1.22
381	N14	18.33	23.67	23.72	55.76	-21.83	-8.28
403	N15	5.69	6.65	12.58	31.00	-7.95	-25.81
1097	N16	15.83	15.24	11.44	45.96	6.71	3.29
1154	N17	7.96	6.27	2.82	30.09	19.04	14.56
1107	N18	10.00	10.66	10.52	39.00	-2.13	-5.83
1164	N19	3.84	3.74	2.73	22.79	3.53	2.64
1117	N20	3.74	5.28	9.08	27.53	-18.36	-20.81
655	N21	38.08	25.99	3.67	58.03	47.74	56.74
21	N22	53.21	52.30	56.31	77.46	7.27	-14.96
691	N23	19.33	15.22	3.56	45.94	25.66	36.64
57	N24	22.46	26.32	47.13	58.34	-12.79	-37.79
727	N25	4.14	6.03	3.81	29.48	-21.00	6.67
166	N26	60.35	54.43	39.52	78.71	19.46	6.80
602	N27	21.49	14.09	4.44	44.36	42.99	28.54
202	N28	32.97	33.42	34.40	64.50	2.65	-10.63
638	N29	6.04	5.89	4.45	29.13	4.08	2.25
767	N30	52.05	51.80	41.78	77.16	5.57	1.20
1279	N31	2.16	2.16	1.24	16.33	1.58	6.41
785	N32	29.79	32.95	36.30	64.12	-7.31	-13.99
1285	N33	1.34	1.58	1.17	13.12	-5.28	1.82
1116	O1	4.18	6.54	10.38	30.73	-25.80	-19.66
1165	O2	3.30	2.65	2.23	18.59	13.32	-0.43
1106	O3	11.66	13.54	12.80	43.56	-9.49	-4.77
1155	O4	6.88	4.39	2.25	24.93	30.93	10.40
1096	O5	19.21	20.11	14.44	51.96	-0.90	5.29
729	O6	3.41	3.60	3.13	22.31	-0.98	-1.16
55	O7	27.56	35.58	59.30	66.20	-24.95	-37.44
693	O8	16.25	9.80	3.05	37.49	45.65	25.61
19	O9	64.10	69.40	71.16	86.70	-6.29	-13.32
657	O10	32.04	17.35	3.00	48.70	67.44	45.32
1166	O11	3.20	5.92	4.29	29.22	-34.15	3.33
1115	O12	3.78	2.75	4.29	19.02	18.95	-14.27
1156	O13	9.69	11.86	4.80	40.99	-13.20	20.75
1105	O14	7.22	4.40	4.26	24.95	34.25	-3.87
1146	O15	16.69	17.87	5.43	49.34	-2.99	31.90
405	O16	4.57	4.01	9.36	23.72	9.77	-28.35
379	O17	22.42	31.89	29.45	63.25	-34.12	-5.25
369	O18	17.53	10.18	9.61	38.16	49.79	-4.29
343	O19	56.57	63.20	35.96	83.55	-10.52	19.99
333	O20	33.12	17.45	9.77	48.82	70.79	13.55
81	O21	5.89	4.44	16.78	25.08	19.84	-46.79
703	O22	17.29	26.98	5.99	58.96	-41.13	45.81
45	O23	18.84	10.50	16.69	38.73	54.26	-23.04
667	O24	49.20	55.77	6.35	79.48	-12.00	79.55
9	O25	34.51	17.80	17.03	49.25	73.76	-5.70
755	O26	18.05	22.19	37.58	54.23	-16.71	-32.80
1283	O27	1.67	1.60	1.07	13.20	3.48	3.39
743	O28	40.71	42.14	44.68	70.97	0.22	-13.08
921	O29	19.44	11.17	2.56	39.86	52.43	33.45
227	O30	16.19	23.19	36.61	55.27	-31.36	-29.67
702	O31	11.65	7.74	3.09	33.43	34.14	18.34
191	O32	46.95	50.77	44.71	76.54	-5.53	-3.51
666	O33	27.38	15.25	3.04	45.98	61.49	40.30
72	P1	7.91	5.35	16.61	27.72	28.82	-41.85
340	P2	35.02	24.43	15.45	56.52	44.14	10.60
483	P3	5.91	8.42	11.06	34.85	-22.06	-14.70
1047	P4	24.93	24.31	3.24	56.40	6.48	56.83
966	P5	7.93	11.85	25.13	40.97	-28.15	-36.35
1041	P6	4.86	9.69	6.61	37.28	-45.00	5.62
972	P7	29.93	28.69	21.18	60.51	8.77	4.80
1043	P8	3.64	5.85	5.05	29.03	-26.39	-1.18
332	P9	36.29	21.53	12.50	53.52	61.34	13.23
153	P10	7.65	5.39	15.18	27.83	25.96	-38.20
1020	P11	2.96	2.69	5.30	18.76	6.73	-20.17
341	P12	31.09	18.92	12.14	50.59	55.83	9.22
645	P13	4.86	7.82	5.28	33.61	-29.13	5.54
337	P14	49.35	46.18	26.18	73.66	13.50	18.17
1016	P15	5.72	10.21	12.61	38.21	-38.61	-13.48
975	P16	15.97	8.80	7.13	35.60	52.15	0.53
1026	P17	23.34	26.52	8.46	58.53	-9.65	34.88
985	P18	9.43	5.72	7.02	28.69	37.72	-10.92
1036	P19	9.75	14.41	7.18	44.81	-29.20	16.22
995	P20	3.29	2.77	7.01	19.11	10.84	-27.40
839	P21	48.22	48.65	25.25	75.23	3.65	22.50
413	P22	35.71	21.38	9.14	53.36	60.10	23.53
857	P23	27.45	31.41	22.50	62.85	-10.93	6.25
449	P24	18.68	12.58	8.61	42.13	38.75	6.06
869	P25	7.51	13.11	17.47	42.93	-40.44	-17.60
504	P26	27.70	15.30	5.42	46.04	62.51	26.24
1403	P27	2.13	2.17	1.91	16.35	0.83	-1.23
540	P28	12.07	7.88	5.29	33.73	35.77	5.68
137	P29	23.31	29.52	45.10	61.24	-21.47	-30.37
585	P30	27.54	15.38	3.93	46.15	61.40	34.68
190	P31	51.58	58.56	49.95	81.05	-12.44	-1.87
621	P32	11.96	7.92	3.97	33.82	34.65	13.12
226	P33	18.04	27.05	40.60	59.02	-37.40	-28.56
388	Q1	15.94	25.67	27.80	57.72	-43.35	-12.08
354	Q2	39.89	41.94	27.61	70.83	-1.70	10.85
392	Q3	11.15	14.51	18.85	44.96	-19.16	-17.16
954	Q4	16.28	11.90	14.14	41.06	30.38	-12.73
1065	Q5	4.65	3.64	2.10	22.43	16.41	7.41
990	Q6	5.66	3.89	7.03	23.31	24.84	-20.23
1029	Q7	14.20	10.91	4.37	39.43	25.11	20.44
988	Q8	9.40	10.43	14.34	38.60	-5.19	-17.49
346	Q9	43.21	41.59	26.09	70.59	9.40	13.02
380	Q10	20.43	27.65	26.64	59.57	-27.65	-6.93
1011	Q11	11.29	15.72	14.59	46.61	-25.28	-4.31
355	Q12	36.90	36.88	25.02	67.19	4.45	9.06
393	Q13	9.31	10.86	15.42	39.35	-9.17	-18.92
359	Q14	23.02	14.85	11.92	45.43	45.41	0.96
1015	Q15	5.25	3.81	5.20	23.02	21.32	-12.33
1044	Q16	2.94	3.72	3.82	22.74	-10.85	-5.00
987	Q17	10.49	12.85	16.84	42.54	-13.60	-16.84
1034	Q18	10.43	8.54	4.25	35.08	18.04	13.66
977	Q19	23.45	23.69	20.02	55.78	2.72	-0.99
1024	Q20	18.35	13.28	4.61	43.18	32.54	25.59
461	Q21	18.64	26.22	18.69	58.25	-30.92	6.09
447	Q22	23.92	20.99	12.78	52.94	17.03	11.45
425	Q23	49.67	53.35	22.68	78.08	-4.69	32.16
411	Q24	44.64	34.16	14.09	65.09	37.29	28.85
844	Q25	45.39	49.37	26.81	75.68	-6.21	20.56
637	Q26	6.71	7.74	4.97	33.44	-7.40	6.83
129	Q27	28.43	32.00	42.95	63.34	-9.20	-24.11
601	Q28	23.79	18.08	5.09	49.59	30.88	34.06
1398	Q29	8.20	8.50	7.82	35.00	0.07	-3.26
629	Q30	9.19	7.70	4.46	33.36	15.63	9.46
130	Q31	26.21	28.01	38.56	59.90	-3.25	-24.36
593	Q32	25.57	16.29	4.35	47.35	48.17	34.20
94	Q33	53.81	49.74	44.93	75.91	15.49	-4.87
36	R1	22.21	12.08	16.94	41.35	59.29	-19.11
376	R2	16.32	13.45	14.13	43.43	20.42	-8.60
374	R3	21.55	22.66	20.83	54.72	-1.39	-4.49
1057	R4	14.35	16.27	3.17	47.33	-8.02	41.67
956	R5	22.56	25.71	30.69	57.76	-9.83	-16.67
1031	R6	17.48	21.49	8.01	53.48	-16.52	27.86
982	R7	18.33	19.68	19.35	51.47	-3.31	-7.01
1033	R8	13.39	13.71	5.84	43.82	1.11	20.42
368	R9	19.49	12.97	12.00	42.72	40.35	-3.94
603	R10	20.10	11.82	4.10	40.93	51.06	24.61
1010	R11	9.00	5.61	5.35	28.40	35.46	-3.79
377	R12	14.29	10.21	11.51	38.22	30.91	-10.24
375	R13	18.36	17.22	16.80	48.54	9.45	-6.39
373	R14	23.07	25.86	22.84	57.90	-8.11	-2.95
1006	R15	19.12	22.88	16.14	54.95	-14.24	6.23
973	R16	25.02	21.74	16.67	53.75	18.27	2.89
1028	R17	17.49	16.50	5.87	47.63	8.77	26.85
983	R18	15.55	15.08	15.58	45.74	6.02	-8.30
1038	R19	7.65	9.28	5.38	36.52	-11.53	10.05
993	R20	4.98	6.62	12.92	30.93	-16.04	-26.89
846	R21	38.71	38.39	22.05	68.31	5.46	16.52
409	R22	56.28	51.66	19.89	77.08	16.65	36.00
427	R23	42.01	40.75	18.41	70.00	8.36	26.97
445	R24	29.88	31.31	17.18	62.77	-1.17	17.26
463	R25	15.65	19.85	15.44	51.67	-18.95	2.27
581	R26	41.63	36.99	7.36	67.27	18.97	54.18
105	R27	36.64	29.11	30.62	60.88	30.78	-11.19
617	R28	18.14	20.11	6.46	51.96	-6.45	31.60
141	R29	15.41	14.87	27.06	45.46	6.45	-31.97
573	R30	42.84	32.72	6.13	63.93	37.01	53.72
194	R31	35.83	33.13	31.92	64.27	13.47	-7.35
609	R32	22.24	19.82	5.73	51.63	15.11	34.40
1401	R33	1.71	1.76	1.47	14.18	0.18	-0.22
352	S1	47.86	55.52	33.83	79.34	-15.07	15.79
390	S2	13.44	19.49	23.11	51.26	-30.66	-14.91
356	S3	34.24	32.19	22.72	63.50	11.40	6.94
964	S4	7.83	6.75	12.99	31.23	12.97	-26.58
1055	S5	11.25	6.86	2.05	31.49	39.63	23.53
980	S6	12.35	7.08	7.14	31.98	45.25	-5.73
1039	S7	6.05	5.92	4.01	29.22	3.73	4.97
978	S8	20.23	18.62	16.35	50.24	11.58	-2.40
382	S9	16.98	20.85	21.80	52.78	-16.21	-9.76
344	S10	51.10	54.48	31.90	78.74	-3.73	17.64
1001	S11	25.61	28.64	17.23	60.46	-8.16	13.17
391	S12	12.03	16.69	20.46	47.87	-25.45	-15.54
357	S13	29.34	24.58	18.06	56.66	23.12	4.73
395	S14	7.28	6.41	11.03	30.42	11.27	-22.23
1005	S15	11.92	7.04	5.42	31.89	42.68	1.88
724	S16	5.91	11.67	4.93	40.69	-47.19	19.54
475	S17	7.62	8.17	9.86	34.34	-2.38	-11.71
453	S18	23.61	28.49	17.74	60.33	-16.19	11.77
439	S19	25.47	19.17	11.04	50.88	32.55	13.02
417	S20	52.01	51.58	21.22	77.03	6.03	33.20
969	S21	4.42	4.36	12.10	24.84	2.94	-35.06
1062	S22	8.11	11.21	3.20	39.93	-21.97	28.74
959	S23	12.81	9.89	14.14	37.65	23.89	-18.61
1052	S24	19.78	20.68	3.26	52.60	-0.79	50.14
949	S25	20.71	14.53	14.84	44.99	36.57	-7.74
633	S26	10.21	16.87	7.38	48.10	-39.72	21.06
133	S27	17.94	14.41	23.14	44.81	23.35	-26.07
597	S28	35.70	38.26	8.20	68.21	-3.95	52.54
97	S29	37.15	25.80	25.32	57.85	45.52	-7.58
625	S30	14.04	18.58	7.09	50.19	-22.26	25.84
134	S31	15.74	10.83	18.60	39.29	34.94	-26.41
589	S32	39.17	38.27	7.84	68.22	7.28	53.94
98	S33	33.20	20.20	20.16	52.06	57.09	-7.69
741	T1	21.43	11.49	12.98	40.39	59.79	-10.76
485	T2	4.76	5.12	8.38	27.08	-2.33	-19.03
338	T3	45.92	40.58	23.97	69.88	20.29	15.59
1067	T4	3.86	7.36	3.29	32.62	-38.46	15.50
946	T5	37.73	38.98	34.68	68.74	0.45	-3.73
1021	T6	31.12	33.21	9.27	64.33	-3.28	42.00
992	T7	5.82	8.63	15.47	35.26	-24.77	-26.10
1023	T8	23.07	20.43	6.52	52.32	15.92	31.96
566	T9	4.40	5.03	6.27	26.81	-5.85	-10.90
777	T10	21.26	11.59	11.82	40.56	58.25	-7.15
1000	T11	15.63	8.81	5.61	35.62	50.12	7.38
647	T12	4.00	4.79	4.54	26.13	-8.48	-3.42
339	T13	39.59	31.23	19.35	62.70	32.41	12.35
643	T14	6.21	11.95	6.67	41.13	-45.87	12.01
996	T15	33.16	35.05	18.20	65.79	-2.22	20.16
415	T16	61.87	67.71	25.49	85.86	-7.78	40.41
261	T17	28.93	15.60	11.65	46.45	65.56	3.51
451	T18	28.47	37.90	21.82	67.95	-28.89	16.35
297	T19	13.55	8.39	11.61	34.79	41.00	-16.45
146	T20	17.78	24.52	43.45	56.60	-28.34	-36.35
1050	T21	15.19	8.86	2.12	35.72	47.12	30.12
951	T22	30.36	32.81	33.54	64.01	-4.71	-10.22
1060	T23	8.70	5.74	2.12	28.74	31.45	18.08
961	T24	13.87	17.71	28.08	49.14	-18.82	-27.34
1070	T25	2.35	2.58	2.18	18.26	-2.61	-0.53
577	T26	57.92	63.64	10.58	83.78	-8.21	71.18
522	T27	20.24	11.87	5.49	41.01	51.40	17.25
613	T28	25.64	35.08	9.33	65.81	-31.09	44.32
1400	T29	1.53	1.59	1.26	13.15	0.03	0.67
569	T30	62.53	63.19	10.10	83.54	3.74	72.32
117	T31	22.34	12.42	15.72	41.87	57.64	-15.32
605	T32	32.43	38.28	8.76	68.23	-15.35	50.52
80	T33	6.90	5.99	20.53	29.38	11.96	-47.56
772	U1	49.73	53.14	44.76	77.96	-4.02	-1.13
773	U2	45.28	46.27	40.16	73.72	1.92	-2.64
1399	U3	1.31	1.37	1.05	11.75	-0.16	1.16
737	U4	46.79	47.44	46.52	74.47	2.97	-9.25
1408	U5	2.28	1.89	4.16	14.90	10.30	-20.62
1409	U6	2.47	4.52	2.13	25.33	-30.82	12.14
1410	U7	6.50	4.23	1.49	24.41	29.28	17.15
1411	U8	7.51	7.25	8.73	32.38	4.96	-11.20
1412	U9	8.30	9.76	7.17	37.41	-9.48	3.48
1413	U10	10.20	9.18	5.69	36.33	10.95	8.19
940	U11	6.10	13.33	4.79	43.25	-56.20	24.69
759	U12	8.40	5.42	12.88	27.89	32.44	-32.03
928	U13	24.14	30.13	4.83	61.77	-20.10	56.41
747	U14	18.72	10.25	12.88	38.28	55.57	-14.11
910	U15	45.53	48.39	5.11	75.07	-3.18	77.86
917	U16	36.02	37.86	4.66	67.92	-1.61	67.96
881	U17	37.98	39.92	11.49	69.41	-1.61	43.57
1211	U18	2.03	1.73	3.09	14.01	8.79	-15.21
672	U19	31.25	25.53	4.21	57.59	26.24	52.67
26	U20	29.14	17.87	22.11	49.34	53.91	-16.30
717	U21	7.62	10.07	4.36	37.97	-18.02	18.02
1227	U22	1.78	1.68	2.15	13.68	4.16	-8.09
510	U23	32.73	26.80	9.29	58.79	26.43	32.38
269	U24	27.70	17.30	14.42	48.63	51.33	-0.39
555	U25	8.18	10.45	7.92	38.63	-15.78	2.59
396	U26	6.75	5.26	9.88	27.45	18.79	-23.66
290	U27	29.11	35.43	34.30	66.08	-18.38	-7.76
360	U28	21.21	12.10	9.95	41.37	54.53	0.08
254	U29	60.81	62.79	40.78	83.33	0.64	13.12
477	U30	6.36	5.14	7.38	27.12	16.19	-15.12
47	U31	33.03	38.11	55.85	68.10	-12.66	-30.62
441	U32	20.97	12.12	7.52	41.40	53.29	8.95
11	U33	66.12	66.85	65.55	85.43	3.72	-10.37
1429	V1	68.24	71.67	66.52	87.81	-1.88	-7.17
1404	V2	2.37	2.41	2.12	17.52	0.98	-1.25
1431	V3	64.33	65.58	61.89	84.78	2.50	-7.98
1390	V4	10.08	10.61	9.46	38.91	-1.17	-2.50
1433	V5	66.75	70.50	60.33	87.24	-2.68	-2.19
1386	V6	31.46	32.74	30.03	63.95	-0.39	-4.96
1435	V7	62.92	64.51	56.39	84.23	1.66	-3.37
1405	V8	3.78	5.38	10.23	27.78	-18.86	-24.27
1406	V9	7.26	4.33	4.28	24.73	35.62	-4.39
1407	V10	11.80	12.69	2.26	42.30	-3.07	40.26
732	V11	48.66	46.04	42.69	73.57	12.00	-6.14
926	V12	20.09	15.14	3.02	45.82	29.94	40.15
750	V13	28.54	29.89	37.68	61.56	-1.10	-20.31
938	V14	7.77	7.69	3.06	33.32	3.34	18.30
762	V15	9.60	13.18	31.12	43.04	-22.78	-42.72
736	V16	50.70	53.69	51.36	78.28	-2.82	-8.23
811	V17	34.36	30.51	24.76	62.09	17.90	0.73
14	V18	50.27	43.47	45.37	71.87	23.67	-12.36
688	V19	27.08	28.81	5.09	60.61	-2.79	53.04
1206	V20	3.21	2.86	4.22	19.49	7.87	-13.03
1245	V21	6.27	5.85	1.65	29.02	7.04	23.38
257	V22	47.38	41.88	29.19	70.79	20.46	8.17
526	V23	28.83	30.57	11.70	62.14	-2.45	30.41
1222	V24	2.85	2.75	2.74	19.00	3.65	-3.93
1229	V25	6.62	6.13	2.46	29.73	7.63	16.85
503	V26	30.06	18.75	6.51	50.39	52.87	28.67
274	V27	38.08	37.71	30.44	67.81	5.59	1.05
1239	V28	2.33	2.04	1.65	15.69	8.06	0.35
1225	V29	2.11	2.64	3.25	18.56	-9.10	-8.46
665	V30	29.28	18.19	3.27	49.72	52.79	45.14
31	V31	42.34	40.74	48.75	69.99	9.40	-19.58
1255	V32	2.20	1.99	1.32	15.42	6.33	3.75
1209	V33	2.43	2.75	5.17	19.02	-4.40	-19.09
1480	W1	16.99	16.32	20.26	47.39	7.10	-15.96
1481	W2	33.18	35.35	18.85	66.02	-3.16	19.15
1482	W3	33.26	34.77	18.44	65.57	-0.94	19.25
1483	W4	32.32	34.06	18.46	65.01	-1.87	18.25
1484	W5	19.38	22.86	16.13	54.93	-12.83	6.21
1485	W6	24.14	21.45	12.69	53.44	15.83	12.57
1425	W7	71.74	73.09	69.04	88.49	2.69	-8.32
1426	W8	74.92	79.08	67.45	91.27	-2.71	-2.07
1368	W9	4.13	4.88	4.56	26.38	-7.68	-3.11
1428	W10	70.52	72.25	62.91	88.09	1.82	-3.26
943	W11	4.46	7.92	3.74	33.82	-35.27	14.61
757	W12	14.75	15.72	28.00	46.60	-2.39	-31.59
931	W13	18.28	18.62	3.68	50.24	1.71	43.29
745	W14	32.15	28.92	32.23	60.71	16.07	-13.96
913	W15	33.52	29.19	3.83	60.95	19.88	60.82
882	W16	35.51	35.60	10.81	66.21	4.05	40.16
880	W17	41.91	46.07	13.09	73.59	-7.40	46.18
67	W18	15.88	19.10	40.84	50.80	-13.88	-43.05
1248	W19	5.02	6.11	1.86	29.69	-10.25	22.30
30	W20	46.31	46.80	54.69	74.06	3.39	-19.12
713	W21	11.23	19.44	5.75	51.20	-45.51	33.54
310	W22	12.98	17.37	25.23	48.72	-22.70	-23.17
1232	W23	5.24	6.28	2.88	30.10	-9.37	14.11
273	W24	41.88	43.57	33.81	71.94	-0.39	3.06
551	W25	12.03	20.19	12.01	52.05	-43.45	12.12
1226	W26	1.97	2.10	2.66	16.01	-1.27	-8.43
517	W27	34.10	34.53	12.24	65.38	2.82	34.44
276	W28	30.18	25.15	21.89	57.22	23.90	-2.28
1241	W29	1.93	2.59	2.17	18.33	-12.18	-0.29
1210	W30	2.20	2.11	3.94	16.05	3.57	-17.32
679	W31	32.47	33.00	5.09	64.16	2.36	59.17
33	W32	33.01	26.92	34.59	58.90	26.95	-20.56
1257	W33	1.80	2.52	1.59	18.03	-14.06	5.08
1418	X1	76.71	79.79	71.69	91.59	-0.45	-5.36
1471	X2	26.90	23.38	23.08	55.46	18.69	-7.61
1416	X3	81.20	82.99	71.08	93.01	2.30	-2.37
1473	X4	36.76	38.34	33.84	68.27	-0.68	-3.31
1474	X5	22.89	26.15	30.15	58.18	-10.16	-15.10
1450	X6	55.60	47.14	45.17	74.28	27.03	-7.97
1402	X7	1.93	1.97	1.70	15.33	0.68	-0.84
1451	X8	53.55	45.71	44.89	73.36	25.83	-9.21
1478	X9	27.13	23.53	22.15	55.61	18.96	-5.56
1479	X10	26.46	23.11	22.16	55.19	18.05	-6.31
238	X11	10.20	14.82	28.85	45.39	-28.17	-35.07
114	X12	31.98	26.30	30.02	58.32	25.75	-14.65
607	X13	27.34	29.17	7.43	60.93	-3.12	42.97
726	X14	4.91	7.97	4.28	33.92	-29.88	11.48
571	X15	52.86	48.28	8.10	75.00	16.97	64.63
797	X16	9.83	14.79	29.70	45.35	-30.90	-36.51
885	X17	19.90	11.27	4.36	40.03	53.97	21.53
10	X18	73.05	77.26	73.32	90.44	-2.97	-8.78
296	X19	14.98	10.57	13.78	38.85	32.37	-15.57
38	X20	43.30	47.27	59.20	74.36	-6.58	-23.27
259	X21	36.29	25.60	19.06	57.66	43.51	4.28
496	X22	60.19	65.85	17.43	84.92	-7.68	54.87
701	X23	12.81	9.61	3.38	37.14	26.08	22.64
524	X24	33.90	39.73	13.88	69.28	-14.68	36.63
664	X25	32.42	23.09	3.70	55.17	40.93	51.64
499	X26	46.43	44.06	12.70	72.27	11.43	45.01
278	X27	23.70	15.23	14.30	45.95	46.16	-4.70
535	X28	20.89	24.29	11.02	56.38	-11.66	22.55
314	X29	7.76	6.59	13.13	30.86	13.90	-27.59
661	X30	44.21	41.75	5.11	70.70	11.86	70.34
35	X31	25.15	15.72	21.60	46.61	49.61	-20.01
697	X32	19.65	23.15	4.99	55.23	-12.77	44.32
71	X33	9.07	7.11	20.29	32.05	20.27	-42.46
1455	Y1	54.87	46.36	43.19	73.78	27.36	-6.40
1461	Y2	69.90	72.80	35.19	88.35	-0.61	29.36
1448	Y3	46.08	52.67	63.54	77.68	-12.87	-21.82
1449	Y4	44.65	50.48	61.68	76.36	-11.28	-22.29
1464	Y5	50.72	43.72	23.61	72.04	24.13	19.99
1465	Y6	48.67	42.30	23.56	71.08	22.76	18.43
1419	Y7	78.00	79.52	70.43	91.47	2.66	-4.44
1467	Y8	36.59	38.07	34.54	68.07	-0.37	-4.68
1468	Y9	37.37	38.19	34.25	68.16	1.79	-4.10
1469	Y10	36.27	37.32	34.10	67.52	0.94	-4.99
945	Y11	3.03	3.19	2.70	20.79	-0.74	-0.52
754	Y12	20.86	26.66	42.47	58.66	-21.63	-31.57
933	Y13	12.07	7.57	2.58	33.07	38.62	21.63
742	Y14	45.27	48.95	50.00	75.42	-5.43	-11.64
915	Y15	22.53	12.61	2.56	42.17	57.23	37.43
884	Y16	24.03	17.47	5.98	48.85	35.11	28.42
833	Y17	9.27	14.63	25.53	45.12	-34.36	-29.91
1259	Y18	1.60	1.66	1.31	13.61	0.00	0.80
1200	Y19	6.70	7.49	8.48	32.89	-5.22	-9.38
674	Y20	25.36	16.23	3.41	47.28	47.59	39.94
65	Y21	19.49	25.76	51.04	57.81	-24.70	-43.17
1243	Y22	1.67	1.67	1.60	13.65	1.46	-2.67
1216	Y23	5.88	6.86	4.98	31.49	-7.86	3.44
512	Y24	26.14	16.72	6.25	47.91	48.12	25.58
308	Y25	15.63	23.07	30.19	55.14	-33.99	-20.41
1224	Y26	2.51	3.84	4.39	23.15	-20.61	-7.74
521	Y27	22.12	14.55	6.35	45.01	43.11	20.10
272	Y28	45.26	49.45	37.28	75.73	-6.80	4.68
557	Y29	6.61	6.27	5.97	30.08	6.00	-3.91
1208	Y30	2.92	4.03	7.25	23.78	-15.62	-20.35
683	Y31	21.63	14.38	3.37	44.77	41.85	35.89
29	Y32	50.67	53.65	61.11	78.26	-2.81	-18.45
719	Y33	6.06	5.97	3.56	29.33	3.36	7.97
730	Z1	59.12	61.02	53.85	82.39	0.67	-3.86
927	Z2	17.03	9.93	2.59	37.71	49.02	29.53
748	Z3	34.63	39.51	47.27	69.12	-11.49	-19.36
939	Z4	6.52	4.85	2.61	26.31	21.32	9.67
760	Z5	11.86	17.85	38.53	49.31	-32.86	-42.57
879	Z6	23.01	12.73	4.32	42.35	58.61	25.77
778	Z7	43.98	48.10	43.46	74.89	-6.89	-4.83
897	Z8	12.59	7.76	4.33	33.47	40.41	10.40
790	Z9	19.75	25.94	36.44	57.98	-24.13	-24.77
909	Z10	3.40	3.37	4.42	21.47	2.49	-10.80
802	Z11	55.22	57.71	39.29	80.58	-1.08	10.33
855	Z12	17.82	10.09	7.52	38.01	52.00	3.10
820	Z13	31.38	36.80	34.11	67.13	-14.40	-5.68
867	Z14	7.46	5.16	7.28	27.19	26.86	-14.59
832	Z15	10.07	16.68	27.83	47.85	-39.72	-29.14
808	Z16	47.99	51.61	37.92	77.05	-4.83	6.08
809	Z17	44.22	45.41	34.45	73.16	1.27	4.23
662	Z18	40.87	36.21	4.76	66.68	19.21	65.28
40	Z19	36.52	36.18	47.25	66.66	5.48	-23.58
1254	Z20	2.63	2.71	1.47	18.83	0.44	7.79
1197	Z21	7.98	7.07	6.69	31.96	11.13	-3.86
500	Z22	43.01	38.38	11.36	68.30	18.66	42.07
283	Z23	32.93	33.82	29.32	64.82	1.15	-2.33
1238	Z24	2.74	2.76	1.91	19.06	1.43	3.40
1213	Z25	7.15	6.49	4.03	30.61	9.18	7.24
494	Z26	35.08	21.21	6.44	53.18	58.76	33.79
1220	Z27	3.99	5.23	4.70	27.37	-14.03	-2.18
530	Z28	18.55	12.67	6.29	42.26	37.53	15.63
245	Z29	70.17	70.33	41.50	87.16	5.08	18.80
656	Z30	34.40	20.88	3.25	52.82	57.98	50.61
1204	Z31	4.53	5.55	7.94	28.25	-10.38	-15.36
692	Z32	17.82	12.34	3.30	41.75	35.91	31.15
2	Z33	76.46	75.55	67.96	89.65	7.42	-5.34
942	2A1	5.43	10.63	4.36	38.95	-45.25	19.71
758	2A2	11.29	9.56	19.12	37.05	15.98	-31.40
930	2A3	21.59	24.40	4.27	56.49	-8.84	50.42
746	2A4	24.26	17.52	20.86	48.91	35.88	-14.57
912	2A5	39.39	38.20	4.50	68.17	8.21	69.27
157	2A6	11.37	15.68	34.33	46.55	-24.42	-41.47
599	2A7	30.52	29.25	6.94	61.00	8.86	45.12
121	2A8	35.03	35.25	40.74	65.94	3.57	-16.82
635	2A9	9.50	13.64	6.57	43.71	-26.43	16.89
85	2A10	62.17	56.17	46.29	79.71	19.42	0.05
870	2A11	7.39	12.10	16.24	41.37	-34.86	-17.43
830	2A12	10.33	9.19	14.55	36.35	11.80	-21.91
858	2A13	25.31	27.65	19.74	59.57	-5.60	6.13
818	2A14	23.51	17.30	16.03	48.63	33.77	-4.41
840	2A15	43.78	42.11	22.33	70.95	9.52	20.54
883	2A16	30.26	27.33	8.48	59.28	15.31	36.11
761	2A17	10.83	15.51	34.67	46.33	-27.41	-42.35
715	2A18	9.76	15.11	5.08	45.79	-33.29	27.57
24	2A19	38.29	30.38	35.53	61.98	31.40	-16.59
678	2A20	35.15	37.61	5.54	67.73	-3.74	63.09
69	2A21	12.63	12.91	30.47	42.63	1.22	-42.42
553	2A22	10.61	15.86	9.95	46.79	-31.07	9.44
267	2A23	35.82	28.99	22.63	60.77	28.52	2.40
516	2A24	37.25	39.69	12.98	69.25	-3.29	39.00
312	2A25	10.34	11.63	18.83	40.63	-6.58	-24.59
303	2A26	14.63	14.70	19.74	45.22	2.78	-18.62
508	2A27	40.23	39.23	12.36	68.92	7.60	40.18
1218	2A28	4.24	3.66	2.93	22.51	10.49	0.65
544	2A29	15.51	19.90	10.35	51.72	-19.98	16.64
60	2A30	16.80	15.87	31.37	46.80	8.60	-36.63
670	2A31	38.43	37.47	5.12	67.63	7.49	65.00
1202	2A32	4.53	3.75	4.47	22.82	13.06	-8.77
706	2A33	14.17	18.76	5.13	50.41	-22.38	35.26
733	2B1	41.23	35.05	33.87	65.79	24.15	-7.64
925	2B2	25.50	23.82	3.77	55.91	11.00	52.48
751	2B3	24.93	23.64	30.85	55.73	9.36	-20.43
937	2B4	10.26	12.77	3.73	42.42	-14.88	29.50
763	2B5	8.29	10.25	25.73	38.29	-13.36	-42.03
877	2B6	35.24	30.88	9.15	62.41	19.52	39.10
781	2B7	31.61	28.69	28.43	60.51	14.97	-8.31
895	2B8	19.90	20.06	8.21	51.91	2.76	24.41
793	2B9	14.66	15.97	24.85	46.93	-4.39	-25.57
907	2B10	5.25	8.64	7.09	35.29	-31.55	0.17
242	2B11	6.11	5.67	15.27	28.56	7.24	-37.16
110	2B12	48.74	52.25	52.29	77.43	-4.42	-10.72
611	2B13	18.20	12.47	4.47	41.95	37.04	24.24
722	2B14	7.53	15.92	5.79	46.87	-57.27	25.88
575	2B15	34.66	20.99	4.54	52.94	58.35	42.81
845	2B16	41.59	43.20	24.13	71.69	-0.19	18.43
812	2B17	26.63	19.17	16.46	50.88	37.32	-1.56
658	2B18	57.06	62.50	6.57	83.18	-7.71	84.93
539	2B19	13.94	10.30	6.35	38.38	28.03	8.67
686	2B20	32.04	37.73	5.89	67.82	-14.96	61.53
502	2B21	33.77	24.09	7.89	56.18	41.33	32.98
253	2B22	66.66	71.96	44.43	87.95	-5.94	16.50
53	2B23	16.40	11.17	21.14	39.86	36.26	-30.73
281	2B24	38.74	43.85	35.75	72.13	-10.91	0.59
16	2B25	38.08	26.45	29.08	58.46	45.88	-12.90
490	2B26	54.24	49.71	12.94	75.89	16.67	50.56
285	2B27	26.03	22.44	21.24	54.49	19.33	-5.71
1237	2B28	3.11	3.62	2.25	22.39	-6.28	6.03
249	2B29	46.72	35.67	23.44	66.27	38.11	10.36
652	2B30	51.99	47.38	5.15	74.43	17.17	76.59
42	2B31	28.59	24.06	33.98	56.15	22.43	-24.41
1253	2B32	2.86	3.42	1.55	21.67	-7.62	11.80
6	2B33	49.89	37.77	37.18	67.85	39.98	-8.78
639	2C1	5.92	4.91	4.12	26.48	14.20	-0.39
109	2C2	53.77	60.48	58.54	82.10	-11.29	-9.26
619	2C3	14.75	12.60	5.04	42.16	16.70	21.51
145	2C4	20.16	29.04	48.49	60.82	-34.37	-35.09
583	2C5	33.11	23.60	5.32	55.69	41.12	43.39
798	2C6	9.25	13.27	27.24	43.16	-26.15	-36.24
902	2C7	8.56	8.28	5.46	34.56	5.15	6.28
786	2C8	28.07	29.79	32.89	61.47	-2.53	-13.64
890	2C9	21.16	15.97	6.13	46.94	30.31	24.45
768	2C10	47.36	45.12	36.95	72.97	11.02	0.37
872	2C11	4.75	5.51	9.60	28.13	-6.95	-21.57
828	2C12	16.04	19.66	25.38	51.45	-15.76	-18.73
860	2C13	16.71	13.29	11.19	43.20	23.61	-0.69
816	2C14	35.59	35.84	29.67	66.40	3.48	-0.17
842	2C15	28.57	19.93	11.76	51.76	41.27	12.34
868	2C16	8.65	15.62	19.14	46.47	-45.47	-15.19
831	2C17	8.11	5.39	9.96	27.81	30.20	-23.31
856	2C18	29.91	35.66	23.98	66.26	-16.09	9.33
819	2C19	18.46	10.33	10.21	38.42	53.60	-5.85
838	2C20	51.91	54.74	27.44	78.89	-2.26	25.03
801	2C21	4.74	3.77	11.55	22.89	15.59	-36.81
898	2C22	14.72	21.82	10.24	53.84	-33.80	20.64
789	2C23	14.14	8.19	11.60	34.38	46.49	-17.14
886	2C24	36.97	41.93	12.20	70.82	-10.99	43.92
771	2C25	24.46	13.06	11.81	42.85	62.87	-3.15
299	2C26	21.77	28.76	31.93	60.57	-25.57	-13.74
1235	2C27	3.32	2.55	1.63	18.13	15.52	4.82
263	2C28	52.88	55.96	38.35	79.59	-2.75	9.87
548	2C29	9.80	8.02	5.93	34.02	17.71	3.07
56	2C30	25.85	31.59	53.13	63.00	-18.13	-36.51
1251	2C31	3.10	2.46	1.33	17.72	13.63	7.62
20	2C32	58.33	60.26	63.12	81.98	0.54	-14.00
710	2C33	9.37	7.85	3.47	33.67	15.75	16.05
735	2D1	24.47	12.91	12.93	42.62	63.90	-6.78
922	2D2	34.37	39.14	4.94	68.85	-11.21	68.03
753	2D3	14.13	8.05	12.77	34.08	47.76	-21.04
934	2D4	13.43	20.41	4.65	52.30	-35.23	41.09
765	2D5	4.89	3.74	12.80	22.78	17.94	-40.61
874	2D6	48.45	51.50	13.05	76.98	-3.27	52.13
783	2D7	18.69	10.30	11.57	38.38	54.96	-10.15
892	2D8	26.45	32.54	11.45	63.79	-19.03	34.03
795	2D9	8.43	5.51	11.57	28.13	31.72	-27.82
904	2D10	7.21	14.55	9.56	45.01	-52.30	7.68
807	2D11	23.90	12.87	10.23	42.56	61.66	1.24
850	2D12	39.45	44.12	25.59	72.31	-9.46	16.87
825	2D13	13.63	7.92	9.82	33.82	45.69	-12.48
862	2D14	17.40	24.07	21.28	56.16	-28.47	-2.91
837	2D15	4.42	3.62	9.87	22.38	13.50	-32.37
804	2D16	45.77	43.67	31.53	72.01	10.69	6.59
854	2D17	22.34	16.54	11.59	47.67	32.64	5.79
822	2D18	27.39	29.27	28.30	61.02	-3.28	-7.21
866	2D19	9.72	8.89	10.46	35.78	9.54	-11.21
834	2D20	8.49	12.73	22.99	42.36	-29.12	-30.02
878	2D21	28.04	19.83	6.25	51.65	39.67	31.99
780	2D22	37.64	37.70	35.58	67.80	4.22	-6.63
896	2D23	15.72	12.77	5.69	42.41	21.36	18.70
792	2D24	17.10	20.51	30.24	52.41	-13.93	-25.19
908	2D25	3.97	5.17	5.20	27.21	-13.62	-5.11
1231	2D26	4.88	3.33	1.67	21.31	24.15	9.85
289	2D27	32.24	41.11	37.69	70.25	-24.74	-5.33
538	2D28	15.40	13.14	7.03	42.97	17.09	13.67
1212	2D29	9.02	9.53	5.53	36.98	-1.38	10.09
1247	2D30	4.61	3.23	1.35	20.93	22.24	12.93
46	2D31	37.09	44.75	62.65	72.73	-18.82	-29.49
700	2D32	14.49	12.59	3.61	42.14	15.22	29.79
1196	2D33	9.47	9.76	8.70	37.40	0.53	-2.41
495	2E1	32.09	17.22	5.14	48.53	68.37	31.96
241	2E2	6.89	7.28	17.84	32.44	-1.28	-36.53
491	2E3	49.72	42.70	11.58	71.35	24.45	46.66
237	2E4	11.36	17.25	31.78	48.57	-33.19	-34.20
487	2E5	69.94	73.99	17.29	88.92	-2.99	62.10
162	2E6	5.82	4.50	15.05	25.26	18.28	-42.30
622	2E7	18.64	28.58	8.75	60.41	-40.26	37.05
126	2E8	18.64	10.47	14.86	38.68	53.42	-18.68
586	2E9	50.41	57.18	10.02	80.28	-12.21	66.94
90	2E10	34.17	17.82	15.35	49.28	72.44	-1.64
1175	2E11	8.54	5.30	1.61	27.57	35.10	21.22
1094	2E12	3.14	3.04	7.11	20.22	3.49	-25.91
1173	2E13	11.76	10.60	1.97	38.90	11.29	37.08
1092	2E14	4.19	5.50	11.39	28.12	-14.34	-27.30
1171	2E15	15.57	16.72	2.50	47.90	-3.13	47.85
871	2E16	6.18	9.02	13.38	36.03	-24.17	-19.36
829	2E17	13.87	15.27	20.80	46.00	-5.28	-19.46
859	2E18	21.88	21.58	16.17	53.58	5.06	3.79
817	2E19	30.67	28.00	24.13	59.89	14.19	-1.92
841	2E20	37.09	32.24	18.08	63.54	20.79	16.56
161	2E21	6.58	5.85	17.77	29.02	10.25	-42.28
595	2E22	42.78	50.46	9.50	76.35	-16.70	61.93
125	2E23	20.94	13.52	18.64	43.54	43.92	-19.16
631	2E24	12.69	22.77	8.13	54.83	-50.99	29.75
89	2E25	37.76	22.24	19.56	54.28	62.87	-2.62
311	2E26	11.92	15.02	22.17	45.66	-16.70	-22.76
1233	2E27	4.45	4.64	2.25	25.69	-0.32	11.64
275	2E28	34.90	32.45	26.41	63.71	12.76	0.61
552	2E29	11.40	17.99	10.30	49.49	-36.91	12.96
68	2E30	14.66	16.65	36.67	47.82	-8.22	-42.60
1249	2E31	4.10	4.36	1.51	24.82	-1.44	17.72
32	2E32	38.46	34.87	42.76	65.65	16.11	-19.88
714	2E33	10.32	16.95	5.09	48.20	-39.30	31.67
181	2F1	60.18	66.40	51.44	85.20	-8.91	3.61
543	2F2	16.84	22.67	11.11	54.73	-25.36	19.43
185	2F3	41.81	37.47	32.59	67.63	17.99	-2.57
547	2F4	10.80	10.06	6.75	37.95	8.47	6.17
189	2F5	25.13	13.51	12.73	43.52	62.82	-4.67
574	2F6	38.24	26.16	5.10	58.19	47.56	48.84
102	2F7	51.43	51.22	48.45	76.81	5.44	-7.47
610	2F8	20.10	15.74	4.88	46.63	26.50	30.07
138	2F9	22.57	27.06	41.08	59.03	-15.24	-29.16
646	2F10	4.69	6.34	4.68	30.25	-16.90	2.89
1076	2F11	15.80	17.03	17.27	48.30	-3.56	-7.90
1187	2F12	5.08	6.78	2.15	31.29	-16.42	22.27
1078	2F13	12.01	11.04	11.80	39.64	9.87	-8.68
1189	2F14	3.82	3.82	1.72	23.07	1.98	12.34
1080	2F15	7.36	4.40	5.19	24.95	35.58	-8.92
806	2F16	29.15	20.00	15.77	51.84	43.15	1.75
852	2F17	33.31	34.00	20.63	64.96	1.88	13.57
824	2F18	17.63	13.62	15.17	43.69	26.48	-10.81
864	2F19	14.92	18.94	18.12	50.62	-18.72	-5.82
836	2F20	5.41	5.73	13.28	28.71	-1.33	-31.72
876	2F21	41.29	40.13	10.78	69.56	8.07	46.01
782	2F22	24.19	17.67	18.56	49.09	34.77	-9.43
894	2F23	23.17	25.97	9.23	58.01	-8.16	31.23
794	2F24	10.63	9.20	16.49	36.36	14.09	-26.66
906	2F25	5.77	10.76	7.54	39.17	-42.28	5.04
498	2F26	50.06	49.82	13.36	75.96	5.49	49.53
293	2F27	22.70	23.50	24.52	55.58	0.21	-10.06
534	2F28	22.93	27.90	11.37	59.80	-16.94	27.39
1214	2F29	5.52	4.29	2.81	24.60	17.69	5.18
660	2F30	47.90	47.55	5.27	74.54	5.73	76.14
50	2F31	25.68	25.33	39.85	57.40	5.33	-30.38
696	2F32	21.38	26.41	5.02	58.42	-18.16	49.66
1198	2F33	5.87	4.41	4.22	24.98	20.06	-3.60
531	2G1	16.86	9.96	5.09	37.77	47.81	13.67
205	2G2	23.31	17.53	20.04	48.92	31.65	-12.87
527	2G3	26.57	26.45	10.30	58.46	4.44	28.40
201	2G4	37.01	39.47	38.65	69.09	-3.39	-8.63
523	2G5	37.30	45.93	14.44	73.50	-21.45	42.44
158	2G6	10.22	13.29	30.62	43.19	-18.49	-41.69
626	2G7	13.44	16.61	6.07	47.77	-15.64	26.13
122	2G8	31.93	30.32	36.13	61.93	10.02	-17.52
590	2G9	36.06	33.16	7.00	64.29	14.16	50.56
86	2G10	56.45	47.99	40.41	74.82	26.82	-1.08
1185	2G11	5.09	3.56	1.56	22.17	23.09	12.56
1084	2G12	7.72	6.15	7.99	29.78	18.20	-12.92
1183	2G13	7.38	7.69	1.94	33.32	-0.34	27.71
1082	2G14	11.28	11.81	13.91	40.92	-0.80	-12.36
1181	2G15	9.23	11.35	2.40	40.16	-13.36	35.28
472	2G16	11.19	16.21	14.18	47.25	-28.77	-2.15
113	2G17	37.20	34.10	36.94	65.04	14.69	-13.29
615	2G18	22.46	27.51	7.72	59.44	-17.53	39.28
149	2G19	14.00	16.51	32.06	47.64	-11.53	-36.23
579	2G20	49.02	48.81	8.63	75.33	5.41	63.23
796	2G21	10.95	17.26	32.84	48.59	-36.25	-35.77
903	2G22	6.88	4.97	4.01	26.64	23.59	0.50
784	2G23	33.62	38.87	40.99	68.66	-12.99	-12.45
891	2G24	17.23	9.97	4.06	37.79	49.75	19.43
766	2G25	55.97	58.24	45.34	80.87	-0.44	3.19
307	2G26	17.23	26.73	33.30	58.72	-40.43	-18.98
520	2G27	24.67	18.55	7.07	50.16	32.26	25.88
271	2G28	50.13	57.43	41.24	80.42	-13.56	7.51
556	2G29	7.39	8.05	6.36	34.09	-3.56	1.26
64	2G30	21.65	29.86	56.82	61.53	-30.30	-42.96
682	2G31	23.68	17.93	3.49	49.41	31.18	43.08
28	2G32	55.70	61.79	68.52	82.80	-9.44	-17.66
718	2G33	6.79	7.72	3.67	33.39	-6.44	14.28
217	2H1	25.42	34.47	42.78	65.33	-29.96	-20.46
507	2H2	43.40	44.54	13.06	72.59	1.33	44.54
221	2H3	17.85	19.62	28.09	51.40	-5.54	-23.46
511	2H4	28.41	20.53	7.28	52.43	37.76	28.95
225	2H5	10.20	6.49	12.58	30.62	35.52	-26.47
570	2H6	57.49	55.42	8.70	79.28	10.15	69.77
106	2H7	32.31	22.90	24.30	54.97	41.40	-10.71
606	2H8	30.07	33.76	7.76	64.77	-9.08	48.29
142	2H9	13.91	11.76	21.98	40.84	17.26	-30.70
642	2H10	7.21	14.26	6.93	44.61	-50.61	16.89
1086	2H11	7.94	9.95	14.92	37.75	-14.18	-20.43
1177	2H12	10.46	11.05	2.11	39.67	-1.47	37.05
1088	2H13	6.45	6.82	10.66	31.39	-1.29	-19.42
1179	2H14	7.70	6.18	1.69	29.86	17.65	24.29
1090	2H15	4.10	2.83	5.26	19.37	22.07	-18.93
1441	2H16	54.98	46.75	44.60	74.03	26.56	-7.71
1442	2H17	32.82	30.78	40.28	62.32	11.51	-22.46
1445	2H18	70.34	73.95	36.16	88.90	-2.05	28.93
1452	2H19	32.19	30.25	40.47	61.87	11.21	-23.48
1475	2H20	35.69	36.57	32.01	66.95	1.46	-2.86
1460	2H21	39.46	47.41	31.39	74.45	-18.65	11.02
1439	2H22	46.25	52.43	62.12	77.54	-11.78	-20.68
1470	2H23	22.60	25.39	30.24	57.45	-8.31	-16.50
1458	2H24	71.39	75.25	35.52	89.51	-2.45	30.89
1459	2H25	68.34	72.75	35.12	88.33	-3.89	29.42
17	2H26	32.97	19.60	21.77	51.38	59.21	-12.11
695	2H27	23.23	30.17	5.34	61.80	-24.21	53.85
1207	2H28	2.65	2.01	2.96	15.53	15.08	-11.61
659	2H29	52.24	54.60	5.66	78.81	-1.04	81.60
260	2H30	31.44	19.05	14.05	50.75	56.44	4.22
533	2H31	24.91	31.97	12.59	63.32	-23.43	29.88
1223	2H32	2.38	1.97	2.07	15.32	10.58	-4.51
497	2H33	54.61	57.21	14.72	80.30	-1.41	53.43
567	2I1	3.84	3.75	4.91	22.83	3.44	-11.15
169	2I2	41.38	27.85	21.37	59.75	50.64	3.10
563	2I3	6.37	10.86	8.66	39.35	-36.40	1.09
165	2I4	65.67	62.50	43.77	83.18	12.41	9.09
559	2I5	9.21	19.40	12.08	51.15	-60.87	10.35
154	2I6	15.01	23.85	46.40	55.94	-41.14	-41.06
630	2I7	8.54	6.07	3.70	29.60	26.29	7.55
118	2I8	46.31	53.77	56.68	78.33	-15.02	-13.85
594	2I9	23.56	13.29	3.76	43.19	57.46	30.61
82	2I10	81.19	84.39	64.62	93.62	-0.35	4.63
1195	2I11	1.82	1.90	1.50	14.93	-0.27	0.77
1074	2I12	11.24	8.06	8.12	34.10	28.33	-5.95
1193	2I13	2.35	3.65	1.92	22.47	-20.75	9.23
1072	2I14	16.77	15.97	14.91	46.93	7.85	-4.57
1191	2I15	2.93	5.62	2.33	28.42	-35.36	15.68
1456	2I16	52.54	44.72	42.68	72.71	26.02	-7.61
1457	2I17	31.76	29.74	38.61	61.43	11.57	-21.79
1462	2I18	67.02	70.48	34.83	87.23	-2.05	27.94
1466	2I19	28.35	27.75	20.94	59.66	6.37	3.81
1476	2I20	34.58	35.67	31.81	66.27	0.63	-3.73
1463	2I21	38.94	46.07	31.10	73.59	-16.57	9.98
1454	2I22	44.38	50.28	59.42	76.24	-11.53	-20.25
1477	2I23	22.33	25.22	29.30	57.29	-8.84	-15.27
1383	2I24	10.10	10.80	8.81	39.25	-2.43	0.37
1421	2I25	79.15	81.83	69.63	92.50	0.49	-1.95
1258	2I26	1.59	1.88	1.32	14.82	-5.68	2.78
51	2I27	21.72	19.11	32.08	50.81	16.24	-30.80
681	2I28	25.98	22.02	3.75	54.05	21.00	49.38
15	2I29	43.28	33.51	36.19	64.57	35.55	-13.05
1242	2I30	1.74	1.96	1.71	15.25	-3.67	-1.07
294	2I31	19.36	17.95	20.02	49.43	10.74	-11.95
519	2I32	27.38	23.20	8.51	55.28	21.42	29.10
258	2I33	40.59	31.95	22.89	63.30	32.91	6.27
244	2J1	76.88	80.68	45.79	91.99	-1.82	21.82
432	2J2	23.90	13.20	6.93	43.06	59.52	14.25
280	2J3	43.05	51.10	40.59	76.74	-17.60	2.00
468	2J4	9.14	6.20	6.84	29.91	30.10	-8.04
316	2J5	12.63	22.19	32.43	54.23	-48.76	-25.43
1141	2J6	3.90	6.51	7.63	30.67	-29.54	-9.99
1122	2J7	15.60	15.23	8.77	45.95	5.45	12.06
1143	2J8	2.99	4.05	5.41	23.82	-14.56	-12.00
1124	2J9	10.63	7.81	4.92	33.58	26.01	7.34
1145	2J10	2.27	2.06	3.28	15.81	6.20	-13.44
406	2J11	72.01	76.20	25.64	89.95	-3.04	47.19
270	2J12	24.73	13.42	10.92	43.39	61.67	0.48
442	2J13	39.11	47.64	22.47	74.60	-20.41	26.56
306	2J14	9.99	6.47	10.64	30.57	34.12	-20.75
478	2J15	10.10	20.11	18.11	51.96	-57.23	-3.49
1316	2J16	51.97	40.69	39.76	69.96	36.38	-8.60
1317	2J17	57.77	48.76	46.70	75.30	27.98	-8.04
1336	2J18	73.11	77.28	29.65	90.45	-2.90	41.34
1337	2J19	75.04	79.06	37.54	91.26	-2.42	31.09
1356	2J20	28.20	29.13	26.04	60.90	0.41	-3.59
1357	2J21	37.96	39.22	34.94	68.91	0.46	-3.80
1296	2J22	40.69	48.15	64.19	74.92	-16.85	-27.20
1297	2J23	48.22	55.05	66.49	79.07	-12.92	-22.22
1423	2J24	77.39	79.08	67.89	91.27	2.29	-2.48
1446	2J25	39.68	47.17	31.24	74.30	-17.31	10.99
13	2J26	54.79	50.21	51.47	76.20	16.72	-11.94
699	2J27	16.22	15.78	3.82	46.69	5.81	36.24
49	2J28	27.83	29.11	44.74	60.88	-0.96	-30.55
663	2J29	35.75	28.18	3.83	60.05	31.40	59.25
256	2J30	50.86	47.55	31.85	74.54	13.73	10.47
537	2J31	16.99	16.47	8.02	47.59	6.24	17.66
292	2J32	24.85	27.35	27.63	59.30	-6.36	-9.07
501	2J33	37.45	29.73	8.86	61.42	31.10	38.40
480	2K1	8.38	15.08	15.02	45.75	-44.66	-6.89
304	2K2	12.34	10.75	15.59	39.15	14.27	-19.69
444	2K3	32.51	35.92	19.02	66.46	-7.42	19.54
268	2K4	30.51	21.66	17.47	53.66	40.45	0.88
408	2K5	60.71	58.54	21.43	81.04	10.28	39.69
1140	2K6	3.63	2.72	3.31	18.89	17.14	-8.35
1129	2K7	8.62	6.75	4.83	31.23	19.98	3.76
1138	2K8	5.42	6.19	6.00	29.89	-6.21	-4.38
1127	2K9	12.69	13.09	8.39	42.90	0.48	8.20
1136	2K10	6.78	9.21	8.34	36.39	-19.42	-2.84
318	2K11	10.29	16.47	26.10	47.59	-36.91	-26.64
466	2K12	11.37	10.33	9.30	38.43	10.55	-2.78
282	2K13	35.28	38.05	32.01	68.06	-4.72	-0.94
430	2K14	29.39	21.11	10.62	53.07	38.79	18.10
246	2K15	64.35	61.60	37.02	82.70	11.52	17.05
1335	2K16	71.50	75.68	22.99	89.71	-3.08	51.61
1338	2K17	76.85	80.66	45.78	91.98	-1.84	21.82
1071	2K18	20.58	21.26	19.04	53.23	0.39	-3.32
1358	2K19	47.17	48.73	43.24	75.28	0.54	-3.88
1295	2K20	34.52	42.38	62.09	71.13	-20.54	-31.71
1298	2K21	56.23	62.31	68.91	83.08	-9.34	-17.53
1315	2K22	47.40	34.53	34.22	65.38	43.85	-8.85
4	2K23	64.00	57.57	54.01	80.50	20.20	-7.29
1443	2K24	71.85	76.43	36.67	90.06	-3.86	30.22
1444	2K25	73.09	76.11	35.99	89.91	-0.62	30.92
1256	2K26	1.98	3.33	1.69	21.33	-23.98	9.64
459	2K27	12.78	8.10	7.00	34.18	38.61	-1.37
677	2K28	38.23	42.93	5.50	71.51	-9.86	69.78
423	2K29	28.07	15.41	7.23	46.19	63.34	18.40
1240	2K30	2.14	3.44	2.50	21.72	-22.02	2.67
378	2K31	13.29	8.31	9.61	34.63	40.05	-10.40
515	2K32	40.29	45.16	13.96	73.00	-9.82	42.83
342	2K33	28.76	15.64	9.92	46.50	64.69	9.03
248	2L1	53.23	45.21	28.56	73.03	26.43	13.07
428	2L2	37.94	34.53	16.00	65.38	15.61	24.53
284	2L3	29.84	28.78	25.83	60.59	8.08	-3.76
464	2L4	15.01	17.77	13.77	49.22	-12.13	2.33
320	2L5	8.55	12.26	21.51	41.63	-25.40	-28.42
1131	2L6	10.93	12.94	9.21	42.68	-10.95	4.86
1132	2L7	9.74	10.69	7.81	39.05	-4.39	3.74
1133	2L8	8.71	8.76	6.64	35.52	2.30	2.49
1134	2L9	6.86	5.69	4.66	28.61	14.85	0.15
1135	2L10	5.55	3.66	3.31	22.53	26.99	-2.06
410	2L11	50.93	43.69	17.15	72.02	24.77	33.28
266	2L12	40.46	36.49	27.12	66.89	17.04	4.87
446	2L13	27.73	27.28	15.15	59.23	5.79	16.02
302	2L14	16.94	19.01	23.56	50.70	-7.45	-16.72
482	2L15	7.06	11.35	12.83	40.16	-32.89	-10.72
1334	2L16	69.98	74.10	17.13	88.97	-3.13	62.55
1339	2L17	77.97	81.65	50.52	92.42	-1.51	17.09
1354	2L18	14.55	15.02	13.46	45.66	0.39	-2.98
1359	2L19	52.04	53.74	47.61	78.31	0.58	-3.91
1294	2L20	28.91	36.99	59.93	67.27	-24.26	-36.23
1299	2L21	60.07	65.77	69.99	84.88	-7.80	-15.41
1314	2L22	43.26	29.08	28.89	60.85	51.52	-8.47
1319	2L23	66.69	61.38	57.05	82.58	17.27	-6.90
1422	2L24	75.95	79.17	68.87	91.31	-0.77	-3.31
1453	2L25	45.05	51.78	60.69	77.15	-13.52	-19.95
8	2L26	37.91	22.02	21.88	54.05	64.35	-7.73
1252	2L27	3.05	4.25	1.65	24.49	-16.35	15.49
44	2L28	21.35	13.60	21.04	43.65	45.36	-24.00
650	2L29	61.26	61.67	5.72	82.74	4.24	88.06
251	2L30	36.63	21.74	14.47	53.75	61.48	8.31
1236	2L31	3.29	4.50	2.55	25.25	-15.68	8.35
287	2L32	19.90	13.09	13.66	42.90	41.61	-8.28
488	2L33	64.17	64.93	15.67	84.45	3.56	58.23
484	2M1	5.26	6.52	9.06	30.68	-11.62	-15.30
300	2M2	20.01	25.11	29.20	57.18	-19.42	-15.31
448	2M3	20.94	16.13	10.29	47.15	28.35	8.96
264	2M4	48.28	48.65	34.32	75.23	3.82	7.99
412	2M5	39.55	27.10	11.25	59.07	47.94	26.49
1130	2M6	6.94	4.31	3.28	24.67	32.65	1.88
1139	2M7	4.22	3.94	4.28	23.48	6.07	-6.51
1128	2M8	10.96	10.35	6.94	38.47	7.41	6.27
1137	2M9	6.08	7.59	7.12	33.12	-12.68	-3.68
1126	2M10	14.27	15.91	9.82	46.85	-6.44	9.96
322	2M11	6.33	7.02	14.98	31.86	-4.64	-30.73
462	2M12	17.60	23.32	16.30	55.40	-24.12	6.61
286	2M13	22.49	17.06	16.83	48.33	30.50	-6.83
426	2M14	45.10	46.11	19.94	73.62	1.84	29.93
250	2M15	41.09	27.91	18.47	59.81	49.50	9.27
1333	2M16	69.39	73.49	14.89	88.68	-3.13	67.45
163	2M17	78.82	82.37	54.46	92.74	-1.20	13.33
1353	2M18	12.05	12.44	11.14	41.90	0.44	-2.79
1360	2M19	57.93	59.80	52.87	81.73	0.66	-3.94
1293	2M20	26.48	34.64	59.01	65.47	-26.16	-38.40
1300	2M21	64.32	69.58	71.26	86.79	-6.18	-13.25
1313	2M22	41.48	26.72	26.64	58.71	55.41	-8.40
1320	2M23	69.67	65.64	60.42	84.81	14.15	-6.47
1447	2M24	50.41	43.60	23.57	71.96	23.66	19.93
1440	2M25	57.07	48.10	44.80	74.89	28.05	-6.47
708	2M26	11.43	12.59	3.84	42.14	-5.00	28.32
22	2M27	48.32	45.32	50.05	73.10	13.09	-15.70
1250	2M28	3.53	3.22	1.39	20.89	6.94	12.35
58	2M29	21.22	23.66	42.76	55.75	-7.39	-36.95
546	2M30	12.10	13.07	7.88	42.87	-3.45	10.09
265	2M31	44.23	42.48	30.95	71.20	9.75	6.10
1234	2M32	3.76	3.38	1.85	21.52	7.77	8.30
301	2M33	18.38	22.05	26.42	54.08	-14.31	-16.01
252	2N1	32.75	17.09	10.98	48.37	71.41	8.88
424	2N2	54.04	60.93	24.44	82.34	-11.64	36.23
288	2N3	17.80	10.14	10.87	38.09	51.55	-8.53
460	2N4	21.24	31.12	19.91	62.61	-36.87	11.00
324	2N5	4.94	4.09	10.75	23.98	13.39	-32.48
1121	2N6	17.94	18.99	10.27	50.67	-1.94	15.08
1142	2N7	3.27	4.96	6.18	26.63	-21.90	-10.80
1123	2N8	13.36	11.90	7.07	41.05	12.84	10.20
1144	2N9	2.54	2.78	4.16	19.16	-2.80	-13.27
1125	2N10	8.90	5.27	3.42	27.48	38.59	5.75
414	2N11	32.34	17.21	6.96	48.52	69.31	23.54
262	2N12	57.89	64.39	42.26	84.17	-9.96	12.68
450	2N13	17.09	10.01	6.82	37.86	48.72	5.73
298	2N14	24.04	33.37	35.28	64.46	-32.13	-11.96
486	2N15	4.20	3.90	6.83	23.34	6.40	-19.35
1352	2N16	8.97	9.25	8.27	36.46	0.47	-2.46
1361	2N17	63.27	65.30	57.61	84.64	0.70	-3.93
1292	2N18	24.02	32.24	57.94	63.54	-28.23	-40.64
1301	2N19	68.64	73.38	72.25	88.63	-4.55	-10.96
1312	2N20	39.66	24.39	24.36	56.48	59.42	-8.22
1321	2N21	72.90	70.31	64.04	87.15	10.89	-5.97
1332	2N22	68.89	72.94	12.36	88.42	-3.10	73.81
1341	2N23	80.07	83.42	60.08	93.20	-0.71	8.33
1472	2N24	37.52	38.85	33.61	68.64	0.21	-2.34
1417	2N25	77.88	80.19	70.29	91.77	1.12	-3.80
1318	2N26	63.25	56.47	53.03	79.88	21.16	-7.30
690	2N27	22.08	19.62	3.78	51.41	15.35	44.68
1205	2N28	3.50	3.62	5.25	22.38	0.12	-13.69
654	2N29	42.09	32.17	3.85	63.48	36.70	65.04
247	2N30	58.96	53.54	32.85	78.19	18.39	15.26
528	2N31	22.83	20.26	8.21	52.13	15.68	24.79
1221	2N32	3.14	3.52	3.30	22.01	-4.09	-2.85
492	2N33	43.52	33.37	9.23	64.46	36.74	42.35
1075	2O1	9.15	5.20	5.20	27.29	41.45	-4.94
1194	2O2	2.00	2.51	1.66	17.96	-9.05	4.19
1073	2O3	14.66	12.72	12.30	42.34	15.39	-5.47
1192	2O4	2.60	4.53	2.10	25.34	-28.19	12.44
1355	2O5	20.27	20.94	18.68	52.88	0.39	-3.14
648	2O6	3.73	3.80	3.74	23.00	1.04	-4.07
136	2O7	26.75	35.45	50.41	66.10	-27.78	-28.17
612	2O8	16.42	9.87	3.64	37.61	46.07	21.78
100	2O9	62.03	67.87	60.32	85.94	-7.77	-4.43
576	2O10	31.83	17.18	3.65	48.48	67.62	40.42
171	2O11	33.37	17.37	12.86	48.72	72.07	3.95
565	2O12	4.86	6.31	6.35	30.17	-14.36	-5.49
167	2O13	54.65	46.46	33.82	73.84	26.54	6.32
561	2O14	7.56	14.41	10.09	44.81	-48.15	5.55
1340	2O15	78.84	82.37	54.54	92.74	-1.15	13.25
1351	2O16	6.60	6.79	6.04	31.32	0.60	-2.08
1362	2O17	68.96	71.15	62.64	87.56	0.76	-3.91
1291	2O18	21.49	29.78	56.99	61.46	-30.74	-43.25
1302	2O19	72.89	77.13	73.31	90.38	-3.06	-8.87
1311	2O20	37.98	22.19	22.13	54.23	63.82	-7.90
1322	2O21	76.20	75.08	67.65	89.43	7.83	-5.43
568	2O22	68.17	72.15	10.11	88.04	-3.02	80.04
1342	2O23	81.33	84.48	65.03	93.66	-0.25	4.31
1374	2O24	76.01	78.62	69.85	91.06	0.43	-4.63
1438	2O25	47.35	54.41	63.73	78.70	-13.71	-20.24
704	2O26	16.47	24.12	5.34	56.21	-33.85	44.21
1203	2O27	3.47	2.39	2.93	17.43	21.04	-8.08
668	2O28	44.54	48.17	5.57	74.93	-5.42	75.32
62	2O29	12.37	8.83	20.41	35.65	29.54	-36.51
542	2O30	17.89	25.62	11.93	57.67	-32.35	22.05
1219	2O31	3.29	2.43	2.09	17.61	17.26	-0.82
506	2O32	47.16	50.97	14.09	76.66	-5.45	48.79
305	2O33	11.03	8.43	13.25	34.87	23.45	-21.01
1176	2P1	12.32	14.10	2.45	44.37	-8.35	42.17
1087	2P2	7.02	8.08	12.54	34.15	-7.39	-20.27
1178	2P3	9.65	9.30	1.96	36.55	5.67	33.07
1089	2P4	4.86	4.20	7.41	24.33	10.92	-20.02
1180	2P5	6.68	4.35	1.57	24.79	29.54	16.92
88	2P6	42.24	28.40	24.95	60.25	51.07	-2.79
588	2P7	41.95	43.21	7.94	71.70	0.84	59.54
124	2P8	23.53	17.51	22.97	48.90	32.71	-18.71
624	2P9	15.91	21.90	7.18	53.92	-27.16	31.92
160	2P10	7.42	7.56	20.78	33.04	1.33	-41.77
505	2P11	51.31	58.34	15.31	80.93	-12.61	53.03
219	2P12	21.20	25.99	34.42	58.03	-17.30	-21.81
509	2P13	36.40	33.36	10.34	64.45	14.59	38.61
223	2P14	13.09	11.18	18.59	39.88	16.09	-25.37
513	2P15	23.63	13.26	5.14	43.15	57.96	22.71
1350	2P16	4.85	4.96	4.37	26.63	0.77	-1.64
1363	2P17	73.78	76.11	66.91	89.91	0.81	-3.92
1290	2P18	19.39	27.71	56.13	59.63	-33.03	-45.52
1303	2P19	76.32	80.10	74.04	91.73	-1.83	-7.18
1310	2P20	36.42	20.21	20.07	52.07	68.03	-7.50
1323	2P21	78.58	78.66	70.30	91.08	5.49	-5.00
1330	2P22	67.82	71.75	8.54	87.85	-2.97	85.13
1343	2P23	82.24	85.23	68.92	93.98	0.12	1.25
1373	2P24	68.15	70.78	64.24	87.38	-0.22	-5.76
1415	2P25	79.80	83.20	72.18	93.10	-0.81	-3.19
1199	2P26	5.11	3.20	3.04	20.81	29.18	-3.07
694	2P27	25.11	34.44	5.82	65.31	-31.16	57.55
52	2P28	18.59	14.57	25.96	45.04	25.77	-30.79
1244	2P29	7.28	7.86	1.72	33.70	-2.91	30.62
1215	2P30	4.79	3.16	2.09	20.68	25.64	4.50
532	2P31	26.80	36.33	13.68	66.77	-30.48	32.83
295	2P32	16.85	13.74	16.35	43.86	21.55	-13.41
1228	2P33	8.03	8.62	3.05	35.25	-2.57	21.74
1085	2Q1	5.95	3.68	5.21	22.57	31.35	-13.13
1184	2Q2	6.03	5.14	1.71	27.14	12.48	19.44
1083	2Q3	9.80	9.38	11.67	36.71	6.16	-13.33
1182	2Q4	8.30	9.44	2.14	36.81	-6.87	31.82
1081	2Q5	12.93	14.65	17.12	45.15	-7.64	-12.99
644	2Q6	5.99	10.62	5.86	38.93	-38.70	11.89
140	2Q7	18.50	19.96	32.76	51.79	-3.84	-30.13
608	2Q8	25.40	25.31	6.34	57.38	4.21	41.49
104	2Q9	42.78	38.22	37.77	68.18	18.51	-9.01
572	2Q10	48.56	41.68	6.99	70.65	24.31	61.56
207	2Q11	18.20	10.30	12.76	38.38	52.43	-13.61
529	2Q12	20.36	15.87	6.90	46.80	27.05	20.80
203	2Q13	30.33	29.02	30.04	60.80	9.01	-10.41
525	2Q14	30.62	34.19	11.85	65.11	-8.49	35.10
199	2Q15	43.86	51.73	47.38	77.12	-16.83	-5.70
1289	2Q16	17.40	25.69	55.08	57.74	-35.30	-47.67
1304	2Q17	78.35	81.85	74.57	92.51	-1.13	-6.30
1309	2Q18	35.17	18.69	18.39	50.32	71.40	-6.92
1324	2Q19	79.86	80.61	71.64	91.96	4.22	-4.68
1329	2Q20	67.41	71.30	7.26	87.63	-2.91	89.71
1344	2Q21	82.69	85.57	70.97	94.13	0.34	-0.34
1349	2Q22	3.72	3.79	3.30	22.97	0.98	-1.20
1364	2Q23	77.11	79.54	69.82	91.48	0.84	-3.88
1372	2Q24	54.78	56.70	50.73	80.01	0.28	-4.55
1437	2Q25	55.23	46.84	46.05	74.09	26.94	-9.35
716	2Q26	8.60	12.71	4.34	42.32	-28.00	25.60
1201	2Q27	5.20	5.00	5.91	26.74	4.65	-9.37
680	2Q28	29.40	28.10	4.33	59.98	9.04	56.14
66	2Q29	17.33	21.88	45.21	53.90	-19.11	-43.15
554	2Q30	9.56	13.49	8.81	43.49	-25.04	7.68
1217	2Q31	4.62	4.66	3.60	25.74	1.66	1.58
518	2Q32	31.14	29.72	10.26	61.41	9.37	33.64
309	2Q33	14.31	20.10	27.53	51.95	-28.16	-21.57
1186	2R1	5.69	8.33	2.44	34.67	-23.79	25.54
1077	2R2	14.26	14.19	14.87	44.51	3.57	-8.66
1188	2R3	4.49	5.47	2.00	28.03	-9.84	18.04
1079	2R4	9.49	7.10	8.22	32.04	23.77	-9.91
1190	2R5	3.19	2.60	1.53	18.37	12.43	6.32
84	2R6	67.19	63.61	51.01	83.76	13.28	1.61
592	2R7	27.88	20.22	4.79	52.08	37.17	39.91
120	2R8	37.71	39.82	44.69	69.34	-2.19	-15.91
628	2R9	10.39	9.84	4.64	37.55	7.13	15.70
156	2R10	12.28	17.77	37.21	49.22	-29.56	-40.93
541	2R11	20.02	30.04	13.19	61.69	-38.79	25.40
183	2R12	49.27	49.42	40.59	75.71	4.44	0.22
545	2R13	14.10	17.00	8.98	48.26	-13.58	15.29
187	2R14	31.23	22.15	20.56	54.19	40.85	-4.85
549	2R15	8.82	6.21	5.07	29.94	27.29	0.30
1288	2R16	16.46	24.70	54.67	56.78	-36.35	-48.89
1305	2R17	80.11	83.29	74.79	93.14	-0.38	-5.40
1308	2R18	34.40	17.82	17.29	49.28	73.26	-6.26
1325	2R19	81.52	83.10	73.46	93.06	2.70	-4.38
1328	2R20	67.09	70.93	6.68	87.45	-2.84	91.84
1345	2R21	82.91	85.69	72.74	94.18	0.55	-1.82
1348	2R22	2.88	2.92	2.51	19.72	1.18	-0.82
1365	2R23	79.58	82.08	71.96	92.61	0.86	-3.84
1371	2R24	33.57	34.81	31.17	65.60	0.03	-3.90
1436	2R25	46.31	52.30	64.20	77.46	-11.27	-22.83
12	2R26	59.77	57.57	57.75	80.50	10.38	-11.21
698	2R27	18.14	19.97	4.30	51.80	-5.74	42.18
48	2R28	30.26	33.26	49.75	64.37	-6.63	-30.41
1246	2R29	5.26	4.20	1.42	24.33	15.80	17.94
255	2R30	55.16	54.24	35.55	78.60	7.31	12.04
536	2R31	19.21	21.00	9.33	52.95	-5.15	22.17
291	2R32	26.57	30.85	30.23	62.38	-12.47	-7.99
1230	2R33	5.38	4.27	1.92	24.55	16.25	12.81
1095	2S1	2.61	2.08	5.16	15.92	12.45	-24.36
1174	2S2	9.77	7.26	1.75	32.40	24.52	28.06
1093	2S3	3.69	4.35	9.62	24.79	-7.32	-27.38
1172	2S4	13.64	13.47	2.16	43.46	4.26	43.12
1091	2S5	4.90	7.13	14.05	32.10	-22.11	-27.92
640	2S6	8.61	18.86	7.95	50.52	-63.25	23.01
144	2S7	10.52	6.60	14.52	30.87	36.89	-31.28
604	2S8	35.65	44.32	9.14	72.44	-22.34	56.42
108	2S9	25.48	13.62	14.64	43.68	63.63	-9.51
1331	2S10	68.19	72.23	10.23	88.08	-3.15	79.70
243	2S11	5.32	4.21	12.41	24.34	16.44	-36.81
493	2S12	38.54	26.30	7.36	58.32	47.98	38.77
239	2S13	9.21	12.55	25.26	42.07	-21.78	-34.69
489	2S14	58.31	56.08	13.59	79.66	10.50	55.30
235	2S15	13.64	22.86	38.61	54.93	-45.23	-32.99
1287	2S16	16.21	24.42	54.50	56.51	-36.60	-49.17
1306	2S17	81.72	84.69	75.31	93.75	0.12	-4.80
1307	2S18	34.03	17.48	16.77	48.86	73.79	-5.77
1326	2S19	82.46	84.44	74.40	93.64	2.02	-4.20
1327	2S20	67.09	70.87	6.46	87.42	-2.72	92.74
1346	2S21	83.19	85.90	73.80	94.27	0.70	-2.59
1347	2S22	2.53	2.56	2.19	18.17	1.23	-0.77
1366	2S23	80.76	83.29	72.98	93.14	0.89	-3.83
1370	2S24	18.33	19.24	16.52	50.97	-1.15	-1.55
1414	2S25	78.52	80.64	72.92	91.97	1.54	-5.79
712	2S26	12.26	22.31	5.82	54.35	-51.80	38.65
34	2S27	28.49	20.48	27.12	52.38	38.30	-20.14
676	2S28	41.43	49.11	6.14	75.52	-17.17	73.65
70	2S29	10.44	9.38	24.42	36.71	11.10	-42.42
550	2S30	13.74	23.91	12.56	56.00	-49.17	17.34
277	2S31	26.80	19.85	17.48	51.67	34.64	-2.57
514	2S32	43.93	51.83	15.15	77.18	-16.89	46.97
313	2S33	8.95	8.73	15.37	35.45	4.65	-25.53
END_DATA							
 							
