ECI2002 Enhanced for System Brunner     
# 1584 patches, random layout
ORIGINATOR      "System Brunner AG, www.systembrunner.ch, Copyright 2004 System Brunner AG"
DESCRIPTOR      "EUROSB204L"
CREATED	"7/5/2004"  # Time: 19:26
INSTRUMENTATION "GretagMacbeth SpectroScanT, Illumination=D50, ObserverAngle=2 degree, Geometry 45/0, WhiteBase=Absolute, Filter=No, White backing"
PRINT_CONDITIONS        "Offset printing, according to Eurostandard System Brunner specification, within ISO 12647-2:2004 tolerances, LWC woodpulp paper, 80 g/m2, TVI 15%, screen ruling 60 L/cm, for further information see documentation"
KEYWORD	"SampleID"
KEYWORD	"SAMPLE_NAME"
NUMBER_OF_FIELDS	8
BEGIN_DATA_FORMAT
SampleID	SAMPLE_NAME	XYZ_X	XYZ_Y	XYZ_Z	LAB_L	LAB_A	LAB_B
END_DATA_FORMAT
NUMBER_OF_SETS	1584
BEGIN_DATA
1	A1	37.74	37.12	28.39	67.37	6.38	3.59
2	A2	9.25	10.06	8.45	37.95	-3.69	-0.55
3	A3	1.95	2.11	1.70	16.06	-1.91	0.49
4	A4	73.41	74.27	58.92	89.05	3.75	2.34
5	A5	2.39	2.66	2.26	18.64	-3.48	-0.55
6	A6	54.64	57.11	50.53	80.24	-1.06	-3.92
7	A7	6.26	5.22	5.45	27.34	14.20	-6.14
8	A8	45.86	47.93	42.70	74.78	-0.99	-4.07
9	A9	2.69	2.86	2.31	19.48	-1.33	0.40
10	A10	65.89	66.68	53.48	85.34	3.59	1.63
11	A11	3.88	4.19	3.42	24.28	-2.29	0.25
12	A12	16.60	17.32	15.74	48.66	-0.58	-3.66
13	A13	5.44	5.92	4.91	29.21	-3.10	-0.16
14	A14	55.80	54.48	46.48	78.74	8.30	-1.85
15	A15	12.83	16.02	26.61	47.00	-16.28	-28.54
16	A16	66.76	67.23	58.04	85.62	4.31	-2.68
17	A17	3.67	3.85	3.32	23.17	-0.72	-0.98
18	A18	44.43	46.33	40.73	73.76	-0.70	-3.32
19	A19	6.20	6.56	5.74	30.79	-1.37	-1.61
20	A20	36.96	38.61	34.33	68.47	-0.89	-3.68
21	A21	71.10	73.66	62.07	88.76	0.18	-1.29
22	A22	24.83	25.94	23.28	57.98	-0.76	-3.63
23	A23	13.91	14.80	13.01	45.36	-2.24	-2.27
24	A24	13.99	14.61	13.27	45.10	-0.63	-3.43
25	A25	71.34	73.76	63.92	88.81	0.46	-2.99
26	A26	6.88	7.16	6.50	32.16	-0.24	-2.72
27	A27	26.60	30.90	34.68	62.42	-12.52	-14.62
28	A28	52.77	55.63	49.83	79.40	-2.21	-4.58
29	A29	69.54	72.42	56.76	88.17	-0.62	3.04
30	A30	27.51	28.99	26.26	60.77	-1.74	-4.20
31	A31	15.97	16.83	15.37	48.04	-1.47	-3.83
32	A32	23.69	24.96	22.49	57.04	-1.65	-3.75
33	A33	78.74	81.65	68.55	92.42	0.02	-1.10
34	B1	3.86	3.11	8.47	20.49	13.69	-30.75
35	B2	17.38	12.69	2.58	42.29	31.21	37.51
36	B3	6.00	7.51	16.95	32.94	-12.84	-33.65
37	B4	51.94	51.32	28.42	76.87	6.54	19.91
38	B5	9.65	17.91	17.90	49.39	-49.73	-7.44
39	B6	8.86	17.31	12.16	48.65	-53.05	5.80
40	B7	55.37	50.30	26.10	76.25	17.96	22.77
41	B8	6.15	9.15	8.43	36.27	-25.56	-3.37
42	B9	19.56	14.01	11.18	44.25	34.07	1.14
43	B10	3.05	3.05	3.52	20.26	1.80	-7.38
44	B11	7.69	5.68	12.86	28.58	23.11	-30.79
45	B12	18.95	13.71	8.46	43.82	32.88	9.51
46	B13	4.76	6.81	9.67	31.37	-20.72	-16.21
47	B14	27.27	26.46	14.59	58.47	7.21	16.12
48	B15	8.00	16.44	8.04	47.55	-55.84	17.51
49	B16	20.20	11.29	7.47	40.06	55.31	6.84
50	B17	44.59	52.22	23.80	77.41	-15.97	28.89
51	B18	21.15	12.03	11.30	41.26	54.72	-4.37
52	B19	14.87	24.82	20.12	56.90	-46.07	0.73
53	B20	7.35	5.58	11.28	28.33	20.97	-26.62
54	B21	29.10	31.15	4.08	62.63	-3.54	62.18
55	B22	12.71	7.25	8.66	32.38	45.92	-10.92
56	B23	16.94	20.92	3.91	52.86	-16.76	46.34
57	B24	6.33	4.34	8.84	24.75	26.01	-24.73
58	B25	4.67	9.48	3.79	36.89	-45.68	19.57
59	B26	30.16	18.83	9.28	50.49	52.83	18.10
60	B27	32.73	35.53	11.67	66.16	-5.36	37.45
61	B28	13.75	10.23	8.72	38.26	27.32	-1.00
62	B29	13.35	18.94	9.85	50.62	-28.50	16.38
63	B30	26.23	18.64	20.01	50.26	38.39	-10.49
64	B31	41.88	42.63	5.09	71.30	2.37	71.46
65	B32	2.13	1.77	1.45	14.23	10.08	0.10
66	B33	6.83	12.93	9.39	42.66	-46.00	4.21
67	C1	9.19	13.75	3.80	43.87	-29.64	31.55
68	C2	23.50	23.52	24.56	55.60	3.72	-10.10
69	C3	7.43	9.16	3.10	36.29	-12.64	23.18
70	C4	25.55	19.25	14.79	50.98	32.46	2.71
71	C5	5.88	5.05	3.36	26.88	11.97	5.12
72	C6	14.16	8.59	14.50	35.19	43.17	-23.77
73	C7	26.54	16.76	11.93	47.95	49.59	5.29
74	C8	14.03	14.50	16.67	44.94	0.30	-12.29
75	C9	20.21	21.09	7.45	53.05	-0.61	29.31
76	C10	12.60	16.89	20.36	48.12	-22.62	-14.91
77	C11	14.78	22.61	25.44	54.67	-37.04	-13.28
78	C12	21.73	22.36	14.20	54.41	0.78	10.13
79	C13	8.79	10.16	10.47	38.13	-8.29	-7.17
80	C14	14.91	11.35	8.17	40.17	26.29	4.31
81	C15	13.73	8.41	12.65	34.83	41.99	-19.41
82	C16	4.27	5.17	3.68	27.22	-9.36	3.58
83	C17	12.62	19.10	16.75	50.80	-34.08	-2.37
84	C18	15.89	13.59	10.61	43.64	17.04	1.87
85	C19	37.47	39.82	19.61	69.34	-2.98	23.24
86	C20	33.65	23.79	11.49	55.88	42.19	20.27
87	C21	8.95	14.26	20.27	44.60	-34.84	-20.78
88	C22	34.94	28.21	25.08	60.08	28.54	-3.31
89	C23	20.18	23.71	7.56	55.80	-12.62	33.63
90	C24	14.83	14.92	22.59	45.52	2.71	-23.81
91	C25	44.19	41.68	8.33	70.65	12.00	56.27
92	C26	1.67	1.71	2.01	13.87	0.70	-6.49
93	C27	12.46	18.02	4.66	49.52	-29.66	36.22
94	C28	2.60	2.36	1.93	17.28	6.43	0.22
95	C29	33.36	33.55	4.58	64.60	3.59	62.68
96	C30	9.00	11.04	11.66	39.65	-13.07	-8.24
97	C31	25.48	32.40	19.66	63.67	-22.56	13.36
98	C32	27.89	23.87	13.03	55.96	20.50	15.96
99	C33	54.65	57.07	22.45	80.22	-0.96	36.29
100	D1	9.47	5.69	8.35	28.62	38.34	-16.28
101	D2	10.15	8.56	2.60	35.12	15.71	24.95
102	D3	16.03	15.42	19.48	46.21	6.80	-16.36
103	D4	25.36	30.06	25.35	61.71	-14.61	-0.99
104	D5	30.32	39.43	30.91	69.06	-26.62	2.47
105	D6	36.22	41.72	29.18	70.68	-12.86	8.00
106	D7	30.90	32.23	23.92	63.53	-0.63	4.75
107	D8	24.72	21.71	17.67	53.72	17.13	0.55
108	D9	12.12	9.67	10.60	37.25	20.95	-9.13
109	D10	9.04	5.89	3.55	29.13	32.62	7.72
110	D11	21.41	12.00	12.67	41.21	56.20	-8.47
111	D12	11.46	9.36	7.96	36.67	18.79	-0.93
112	D13	14.36	14.36	11.25	44.74	3.22	1.78
113	D14	16.41	18.04	13.41	49.55	-5.46	3.85
114	D15	27.10	33.85	27.55	64.84	-20.91	0.61
115	D16	42.79	37.93	16.59	67.97	19.44	27.60
116	D17	31.89	30.36	16.00	61.96	9.75	18.63
117	D18	20.62	22.23	15.13	54.27	-3.86	7.51
118	D19	10.58	14.46	13.92	44.89	-23.05	-5.53
119	D20	11.60	12.56	25.26	42.10	-3.57	-34.64
120	D21	21.63	19.26	3.14	50.99	15.04	48.19
121	D22	20.39	18.48	20.19	50.07	13.12	-11.19
122	D23	12.73	13.09	3.08	42.90	0.73	34.74
123	D24	9.96	10.68	18.17	39.04	-2.67	-25.89
124	D25	3.64	6.03	3.16	29.48	-28.30	11.02
125	D26	46.26	43.55	18.73	71.93	12.43	29.58
126	D27	34.22	34.62	17.70	65.45	2.91	20.69
127	D28	21.75	25.05	16.43	57.12	-10.78	9.28
128	D29	11.73	15.95	37.50	46.91	-23.44	-45.32
129	D30	40.40	39.29	38.29	68.96	7.94	-8.37
130	D31	2.61	2.84	1.46	19.38	-2.29	8.89
131	D32	2.20	2.36	2.38	17.28	-1.67	-3.99
132	D33	1.65	2.14	1.50	16.23	-10.20	3.00
133	E1	21.97	25.15	3.98	57.22	-10.23	53.45
134	E2	11.69	13.85	21.85	44.01	-11.23	-24.98
135	E3	17.05	16.22	3.15	47.26	7.96	41.75
136	E4	8.81	9.08	13.49	36.13	0.50	-19.48
137	E5	19.62	11.57	3.21	40.53	50.43	29.72
138	E6	28.74	15.30	14.31	46.04	66.60	-4.57
139	E7	10.86	8.49	11.33	34.98	21.69	-15.28
140	E8	33.55	27.35	18.42	59.30	27.12	8.50
141	E9	9.09	12.14	6.74	41.43	-19.94	12.25
142	E10	26.89	29.75	23.70	61.44	-7.11	1.55
143	E11	42.17	46.78	29.84	74.05	-8.60	12.75
144	E12	10.04	12.81	12.55	42.48	-16.83	-5.93
145	E13	18.68	17.50	11.68	48.88	9.67	7.62
146	E14	6.84	6.41	7.44	30.43	6.82	-9.66
147	E15	28.60	15.36	12.69	46.12	65.70	-0.07
148	E16	4.62	8.01	6.33	34.01	-34.02	1.24
149	E17	7.35	6.62	9.83	30.93	9.68	-17.50
150	E18	15.38	17.20	7.06	48.51	-6.92	23.09
151	E19	15.30	11.49	10.72	40.39	27.61	-4.09
152	E20	26.09	25.55	8.08	57.61	6.11	34.71
153	E21	13.00	13.85	12.16	44.01	-2.25	-2.18
154	E22	34.46	40.18	21.34	69.60	-14.15	20.14
155	E23	32.51	26.52	13.36	58.53	26.74	19.48
156	E24	63.66	64.30	23.42	84.12	3.83	41.18
157	E25	31.24	27.94	16.83	59.83	16.55	13.00
158	E26	17.01	21.76	31.16	53.77	-20.33	-24.28
159	E27	2.08	2.23	1.41	16.67	-1.69	4.78
160	E28	37.49	39.51	35.96	69.12	-1.96	-4.89
161	E29	22.98	16.83	3.19	48.05	33.94	42.78
162	E30	13.32	21.35	18.14	53.33	-40.34	-1.19
163	E31	17.49	16.96	12.48	48.21	6.25	4.15
164	E32	40.42	45.23	21.26	73.04	-9.59	26.24
165	E33	37.62	29.96	13.79	61.62	30.78	23.65
166	F1	15.84	8.64	8.39	35.28	52.81	-4.93
167	F2	3.12	4.09	2.71	23.97	-12.94	4.83
168	F3	25.91	22.33	21.13	54.38	19.29	-5.68
169	F4	8.14	13.78	15.01	43.91	-38.86	-10.03
170	F5	62.13	67.61	35.02	85.81	-6.97	25.22
171	F6	65.69	66.11	32.68	85.05	4.41	27.34
172	F7	7.47	13.26	10.75	43.15	-41.84	0.57
173	F8	44.53	34.02	18.96	64.98	37.43	17.10
174	F9	4.35	4.73	9.72	25.95	-2.79	-25.71
175	F10	15.42	8.95	3.58	35.89	47.74	19.21
176	F11	20.71	11.38	9.79	40.22	57.12	-1.37
177	F12	3.93	4.53	7.42	25.34	-6.15	-18.35
178	F13	24.16	21.29	12.31	53.27	16.65	13.36
179	F14	5.37	8.55	11.44	35.10	-29.32	-15.42
180	F15	56.62	58.83	31.53	81.20	-0.26	22.44
181	F16	33.59	35.25	24.29	65.94	-1.38	8.21
182	F17	11.62	7.10	3.40	32.04	39.88	13.72
183	F18	20.46	24.02	22.09	56.11	-12.59	-4.59
184	F19	5.31	4.10	3.53	24.00	17.82	-0.97
185	F20	6.99	11.37	18.57	40.19	-33.69	-24.79
186	F21	24.90	17.95	11.61	49.44	36.32	8.79
187	F22	35.99	38.61	23.14	68.47	-4.08	14.71
188	F23	25.81	16.34	8.91	47.42	48.86	14.11
189	F24	15.39	20.78	19.88	52.71	-24.93	-6.00
190	F25	10.00	8.08	8.44	34.14	18.78	-7.08
191	F26	43.41	44.12	12.22	72.31	2.57	46.43
192	F27	21.91	14.39	8.81	44.79	43.11	9.93
193	F28	24.15	28.38	10.82	60.23	-13.42	29.81
194	F29	6.99	6.46	8.32	30.55	7.85	-12.83
195	F30	50.57	50.18	44.15	76.18	5.90	-3.45
196	F31	2.42	2.19	1.35	16.46	6.54	5.13
197	F32	29.76	32.92	39.44	64.10	-7.35	-18.28
198	F33	1.67	1.75	1.29	14.09	-0.26	1.90
199	G1	66.35	71.40	57.35	87.68	-5.46	1.58
200	G2	9.93	9.48	20.74	36.89	6.40	-35.04
201	G3	33.52	42.06	50.48	70.91	-23.03	-19.95
202	G4	26.83	19.79	22.78	51.60	35.03	-13.69
203	G5	14.20	21.06	46.11	53.02	-33.48	-45.75
204	G6	7.85	10.36	21.95	38.48	-18.12	-34.71
205	G7	11.01	13.39	7.85	43.35	-13.25	11.03
206	G8	22.85	22.15	25.50	54.19	6.87	-14.21
207	G9	26.28	24.62	8.88	56.70	10.83	30.21
208	G10	38.38	32.96	27.58	64.13	22.40	-0.65
209	G11	60.81	62.35	51.89	83.10	1.62	-0.50
210	G12	8.71	7.19	17.15	32.23	16.44	-35.33
211	G13	30.49	36.50	45.30	66.90	-16.67	-20.85
212	G14	23.76	15.14	17.93	45.83	46.95	-13.65
213	G15	12.09	19.59	34.01	51.37	-40.12	-32.70
214	G16	5.80	5.67	12.85	28.56	3.82	-30.78
215	G17	44.80	48.49	9.75	75.13	-5.54	58.97
216	G18	17.24	14.13	18.90	44.42	21.26	-18.22
217	G19	17.26	25.06	8.82	57.13	-33.44	31.16
218	G20	35.62	25.07	20.83	57.14	43.50	-0.31
219	G21	68.90	68.95	46.27	86.48	5.29	11.75
220	G22	11.27	8.56	14.99	35.13	24.07	-25.12
221	G23	38.44	43.47	40.90	71.87	-10.75	-6.80
222	G24	27.09	16.92	15.87	48.16	50.92	-4.83
223	G25	10.36	18.21	24.25	49.75	-45.74	-19.63
224	G26	1.74	1.66	1.40	13.58	3.70	-0.41
225	G27	36.42	38.67	31.03	68.51	-2.83	1.33
226	G28	2.45	2.05	1.37	15.73	10.19	3.74
227	G29	16.57	21.55	27.06	53.55	-21.80	-18.02
228	G30	8.15	6.90	14.72	31.58	14.33	-30.57
229	G31	37.98	42.92	9.26	71.50	-10.62	54.37
230	G32	23.25	14.96	15.62	45.58	45.80	-8.68
231	G33	11.79	20.04	8.35	51.88	-44.40	23.81
232	H1	4.03	3.62	7.24	22.39	8.10	-22.70
233	H2	17.56	24.01	29.37	56.10	-27.36	-17.44
234	H3	12.94	7.80	7.34	33.57	42.34	-3.83
235	H4	39.96	44.39	34.64	72.49	-8.64	2.80
236	H5	23.00	12.51	7.37	42.02	60.01	10.62
237	H6	46.51	35.14	29.78	65.86	39.28	-1.27
238	H7	19.53	22.85	35.15	54.92	-12.06	-28.23
239	H8	26.21	22.46	27.64	54.51	19.96	-17.35
240	H9	44.61	42.58	40.41	71.27	10.54	-7.20
241	H10	8.62	10.41	24.83	38.56	-11.64	-39.97
242	H11	30.04	20.77	20.27	52.70	42.84	-6.83
243	H12	28.87	30.10	4.49	61.74	-0.57	58.25
244	H13	17.47	13.44	18.79	43.42	26.81	-19.70
245	H14	11.34	15.84	4.39	46.76	-25.52	32.95
246	H15	6.09	6.21	16.94	29.94	1.13	-38.78
247	H16	45.67	40.03	31.59	69.49	21.27	2.16
248	H17	14.97	20.70	32.20	52.62	-27.03	-27.86
249	H18	22.67	23.52	28.25	55.60	0.00	-16.48
250	H19	40.80	42.49	37.49	71.21	-0.52	-3.41
251	H20	7.53	9.77	18.45	37.42	-16.52	-29.29
252	H21	6.72	9.30	20.03	36.55	-20.72	-34.17
253	H22	5.84	5.90	2.62	29.16	1.72	14.52
254	H23	18.33	19.40	23.73	51.15	-1.93	-16.25
255	H24	13.47	10.53	2.59	38.78	23.29	31.36
256	H25	29.70	28.22	25.72	60.09	9.71	-4.43
257	H26	39.35	30.72	25.09	62.27	33.52	0.45
258	H27	24.05	26.53	31.08	58.54	-6.57	-15.94
259	H28	18.93	17.59	22.65	49.00	10.43	-17.93
260	H29	49.61	46.21	35.37	73.68	14.10	3.81
261	H30	33.19	29.26	26.52	61.01	18.47	-4.24
262	H31	2.17	2.44	1.96	17.63	-3.75	0.48
263	H32	2.12	2.14	1.70	16.21	1.34	0.71
264	H33	39.24	38.41	33.32	68.32	7.09	-2.46
265	I1	45.72	39.69	35.68	69.25	22.45	-4.27
266	I2	15.74	21.20	37.28	53.17	-24.88	-34.22
267	I3	23.20	23.79	32.64	55.88	1.16	-22.90
268	I4	41.65	43.08	43.60	71.61	0.34	-10.66
269	I5	9.12	10.54	27.82	38.80	-8.42	-44.73
270	I6	5.91	6.25	15.33	30.04	-1.29	-34.76
271	I7	12.55	17.03	9.06	48.30	-23.78	15.08
272	I8	17.29	13.44	16.80	43.42	25.84	-15.23
273	I9	30.24	31.42	10.35	62.86	-0.22	35.84
274	I10	29.68	20.67	18.14	52.59	41.97	-2.46
275	I11	40.56	31.74	29.58	63.13	33.55	-5.66
276	I12	14.40	18.53	33.81	50.13	-19.74	-34.55
277	I13	20.09	18.47	26.76	50.06	11.66	-23.53
278	I14	38.09	37.53	38.93	67.67	6.24	-11.45
279	I15	7.86	9.81	21.04	37.50	-13.82	-34.60
280	I16	9.37	14.40	23.98	44.80	-32.19	-27.67
281	I17	31.04	25.64	6.20	57.69	25.06	42.63
282	I18	5.13	5.36	4.76	27.73	-0.48	-1.90
283	I19	11.78	13.11	5.94	42.93	-5.93	18.38
284	I20	54.31	53.20	39.75	77.99	7.79	5.25
285	I21	46.00	35.01	25.98	65.76	38.28	4.89
286	I22	18.20	21.81	30.08	53.83	-14.16	-22.49
287	I23	25.26	21.91	23.70	53.93	18.49	-11.40
288	I24	43.38	41.59	34.69	70.59	9.91	-0.55
289	I25	6.83	9.23	15.10	36.42	-19.07	-23.18
290	I26	1.58	1.96	1.96	15.29	-7.74	-3.56
291	I27	2.49	2.37	1.64	17.31	4.25	3.20
292	I28	2.66	2.78	1.90	19.14	-0.36	3.64
293	I29	1.64	1.79	1.72	14.35	-2.36	-2.70
294	I30	13.33	17.68	28.76	49.10	-22.05	-28.53
295	I31	26.11	22.47	6.11	54.52	19.53	37.58
296	I32	37.26	36.99	33.61	67.27	5.27	-4.70
297	I33	8.05	10.45	5.86	38.63	-16.91	11.34
298	J1	3.76	5.22	3.33	27.36	-17.27	6.13
299	J2	16.38	19.75	32.42	51.55	-14.23	-30.04
300	J3	14.56	12.07	3.21	41.32	19.19	31.08
301	J4	35.62	35.65	37.34	66.25	4.25	-11.75
302	J5	26.84	19.11	3.21	50.81	38.49	47.43
303	J6	70.21	69.90	53.51	86.95	6.08	4.37
304	J7	11.52	8.72	17.36	35.44	24.54	-30.28
305	J8	39.02	43.91	47.19	72.17	-10.22	-14.01
306	J9	27.43	17.00	18.21	48.26	51.86	-10.07
307	J10	12.95	20.14	39.84	51.99	-37.02	-39.69
308	J11	37.44	32.32	23.86	63.61	21.63	4.99
309	J12	27.57	25.57	16.69	57.63	12.02	9.54
310	J13	21.82	21.43	21.96	53.42	5.47	-8.96
311	J14	12.01	14.05	14.80	44.31	-10.28	-8.83
312	J15	6.98	9.62	18.59	37.16	-20.75	-30.06
313	J16	64.68	69.90	49.32	86.95	-6.06	9.01
314	J17	9.27	9.25	18.14	36.46	2.96	-30.26
315	J18	31.73	40.49	42.94	69.82	-24.73	-12.92
316	J19	26.53	19.75	20.02	51.55	34.03	-8.28
317	J20	11.05	18.73	29.02	50.37	-43.18	-26.75
318	J21	5.38	5.59	11.10	28.35	-0.05	-26.03
319	J22	51.53	54.67	43.28	78.85	-3.08	2.22
320	J23	12.86	9.78	4.54	37.44	25.11	16.06
321	J24	21.77	28.68	36.95	60.50	-25.29	-21.13
322	J25	29.33	18.39	4.58	49.97	51.91	37.44
323	J26	58.89	60.72	44.31	82.23	0.82	6.78
324	J27	14.76	10.49	15.27	38.71	31.66	-19.65
325	J28	28.29	34.61	38.50	65.44	-18.78	-14.72
326	J29	31.32	19.16	16.13	50.87	55.47	-0.79
327	J30	48.39	48.50	33.41	75.14	4.51	9.16
328	J31	2.13	1.89	1.40	14.88	7.13	1.80
329	J32	27.44	31.12	29.66	62.61	-9.94	-6.68
330	J33	25.96	18.60	17.78	50.22	37.42	-5.74
331	K1	2.71	2.39	4.43	17.41	8.00	-17.88
332	K2	6.17	8.77	4.81	35.53	-22.17	11.29
333	K3	6.05	3.96	4.47	23.54	28.21	-7.53
334	K4	13.29	15.09	5.49	45.76	-7.96	25.43
335	K5	9.31	5.51	4.44	28.15	39.12	0.59
336	K6	8.21	18.19	6.45	49.73	-63.37	27.82
337	K7	10.69	6.95	16.28	31.70	34.59	-34.21
338	K8	33.95	42.41	6.63	71.15	-22.56	63.94
339	K9	25.31	13.71	16.39	43.82	62.30	-13.56
340	K10	65.22	68.91	7.07	86.46	-2.73	88.49
341	K11	11.31	20.89	26.62	52.83	-51.95	-18.51
342	K12	9.54	6.63	9.66	30.94	28.95	-16.93
343	K13	38.53	46.89	31.57	74.12	-20.17	10.17
344	K14	24.22	13.52	9.64	43.54	58.85	4.89
345	K15	71.69	75.57	35.26	89.66	-2.46	31.51
346	K16	15.07	23.46	50.39	55.54	-39.02	-46.35
347	K17	8.32	6.21	3.34	29.94	22.89	10.53
348	K18	44.29	51.57	60.64	77.02	-15.16	-20.12
349	K19	23.19	13.35	3.20	43.29	55.38	34.55
350	K20	78.82	81.74	68.23	92.46	0.01	-0.74
351	K21	2.37	2.41	2.55	17.50	0.91	-5.00
352	K22	7.20	9.52	11.52	36.96	-17.76	-12.45
353	K23	5.54	3.93	2.48	23.43	22.93	5.80
354	K24	14.92	16.48	13.37	47.60	-5.70	0.60
355	K25	8.95	5.58	2.51	28.32	35.35	13.99
356	K26	1.78	1.58	1.56	13.12	6.66	-3.06
357	K27	22.32	26.62	4.75	58.62	-14.64	51.40
358	K28	2.51	1.96	1.40	15.26	13.49	2.46
359	K29	38.87	42.93	5.40	71.51	-7.83	70.26
360	K30	13.85	8.42	16.30	34.85	42.69	-28.83
361	K31	22.88	30.04	8.88	61.69	-25.32	38.82
362	K32	29.15	15.53	16.51	46.35	66.84	-9.48
363	K33	51.98	54.50	9.98	78.75	-1.48	64.45
364	L1	65.10	61.08	54.21	82.42	14.42	-4.19
365	L2	27.50	20.27	3.85	52.14	35.43	45.45
366	L3	36.85	39.01	48.72	68.76	-2.50	-21.66
367	L4	10.21	10.14	3.91	38.09	3.41	20.87
368	L5	12.72	18.11	41.45	49.63	-28.37	-45.85
369	L6	10.82	8.19	3.26	34.37	24.04	18.71
370	L7	13.30	13.58	11.39	43.62	1.36	-0.57
371	L8	6.85	5.95	3.20	29.29	11.85	10.36
372	L9	6.81	8.31	10.22	34.62	-11.47	-12.42
373	L10	2.63	3.20	3.14	20.81	-8.20	-3.80
374	L11	60.34	57.79	29.21	80.62	11.20	25.09
375	L12	29.93	21.95	15.17	53.97	36.96	6.91
376	L13	32.56	35.91	25.89	66.45	-7.19	6.23
377	L14	11.64	10.83	13.66	39.30	8.73	-14.47
378	L15	9.33	15.81	21.82	46.72	-40.76	-20.25
379	L16	11.22	8.24	6.59	34.48	26.53	0.89
380	L17	11.85	12.47	4.76	41.95	-1.18	22.63
381	L18	7.42	6.09	6.42	29.63	15.96	-6.73
382	L19	5.69	7.45	4.39	32.82	-15.81	8.94
383	L20	3.08	3.29	6.05	21.16	-1.54	-19.67
384	L21	55.33	53.13	5.93	77.95	10.53	78.81
385	L22	31.71	22.70	26.47	54.76	40.13	-14.93
386	L23	28.25	32.02	5.60	63.36	-9.97	55.24
387	L24	13.58	11.85	24.37	40.98	14.56	-34.96
388	L25	6.62	13.65	5.56	43.72	-52.68	21.57
389	L26	36.48	21.78	16.38	53.79	60.80	3.64
390	L27	32.11	32.84	7.93	64.03	1.62	46.36
391	L28	19.50	13.08	15.71	42.89	39.65	-13.53
392	L29	9.69	15.18	7.36	45.88	-34.23	17.34
393	L30	34.21	30.05	30.55	61.70	19.06	-9.66
394	L31	31.37	34.26	5.00	65.17	-5.98	61.40
395	L32	2.16	2.07	2.01	15.85	3.72	-3.11
396	L33	5.77	11.88	4.86	41.03	-50.23	20.50
397	M1	5.76	10.50	4.98	38.73	-40.45	15.91
398	M2	18.26	19.91	36.02	51.73	-4.79	-34.95
399	M3	24.96	25.24	4.90	57.31	2.69	48.37
400	M4	41.77	37.26	40.84	67.47	18.53	-14.31
401	M5	47.14	40.30	4.99	69.68	24.58	69.22
402	M6	8.14	12.33	18.55	41.73	-29.50	-22.08
403	M7	15.67	18.36	19.86	49.93	-11.31	-10.74
404	M8	28.06	27.75	21.60	59.66	5.23	2.50
405	M9	38.31	34.98	22.54	65.73	15.30	11.13
406	M10	51.11	43.67	23.64	72.01	25.30	19.89
407	M11	3.59	4.64	8.05	25.67	-12.59	-20.23
408	M12	5.22	6.29	3.93	30.14	-9.78	7.06
409	M13	9.24	9.19	9.05	36.34	3.23	-5.50
410	M14	10.53	10.16	4.18	38.13	5.69	19.30
411	M15	14.19	12.56	9.58	42.10	13.57	2.60
412	M16	10.42	13.47	33.43	43.46	-18.14	-45.48
413	M17	12.93	16.22	4.83	47.26	-16.75	31.41
414	M18	31.24	29.72	38.92	61.41	9.74	-22.24
415	M19	34.78	32.11	4.96	63.43	13.54	58.60
416	M20	55.04	46.42	42.85	73.82	27.62	-5.91
417	M21	2.90	4.26	3.69	24.51	-19.05	-1.18
418	M22	5.78	6.44	8.36	30.50	-4.71	-13.07
419	M23	8.15	8.43	4.04	34.87	0.20	14.54
420	M24	11.62	10.85	9.47	39.32	8.52	-1.82
421	M25	13.15	11.89	4.27	41.04	11.49	23.81
422	M26	1.56	1.86	2.48	14.71	-5.93	-9.28
423	M27	2.14	2.51	1.45	17.97	-5.88	6.51
424	M28	2.75	2.79	2.35	19.17	1.26	-0.43
425	M29	28.76	26.10	4.04	58.13	14.54	54.64
426	M30	10.44	11.73	21.66	40.79	-6.49	-30.15
427	M31	16.06	15.96	6.02	46.92	3.92	24.92
428	M32	29.57	24.81	24.48	56.89	23.01	-7.74
429	M33	36.10	28.75	6.42	60.56	30.37	46.60
430	N1	41.82	28.10	27.00	59.98	50.98	-6.83
431	N2	40.27	41.52	5.65	70.54	0.72	67.37
432	N3	23.68	17.99	25.75	49.48	30.86	-22.77
433	N4	15.24	21.33	5.44	53.31	-28.42	38.70
434	N5	7.89	8.17	23.33	34.34	0.05	-44.48
435	N6	15.22	15.07	5.12	45.73	4.14	27.27
436	N7	9.48	7.36	6.76	32.62	21.21	-3.06
437	N8	9.38	10.58	4.64	38.87	-6.59	17.99
438	N9	5.07	4.72	6.44	25.93	6.57	-13.18
439	N10	3.25	5.30	4.30	27.57	-26.30	0.42
440	N11	40.29	27.81	15.84	59.72	47.43	15.17
441	N12	44.89	45.81	27.84	73.42	2.09	14.92
442	N13	21.69	17.06	14.51	48.34	26.76	-1.13
443	N14	18.19	23.82	23.81	55.91	-23.17	-8.20
444	N15	6.08	7.32	13.14	32.53	-10.18	-24.75
445	N16	15.93	15.41	11.41	46.19	6.32	3.78
446	N17	8.59	6.98	3.22	31.75	17.45	14.46
447	N18	10.31	11.12	10.70	39.79	-3.16	-5.06
448	N19	4.29	4.32	3.05	24.69	1.73	3.55
449	N20	3.98	5.66	9.52	28.55	-19.25	-20.55
450	N21	38.01	26.39	3.87	58.41	45.90	56.14
451	N22	49.76	49.50	51.80	75.76	5.54	-13.06
452	N23	19.44	15.75	3.76	46.64	23.20	36.55
453	N24	21.43	25.93	44.36	57.97	-15.99	-35.10
454	N25	4.48	6.55	3.99	30.77	-21.88	7.75
455	N26	57.60	51.97	36.51	77.26	19.13	8.38
456	N27	21.42	14.41	4.73	44.82	40.66	27.75
457	N28	31.46	32.46	32.74	63.72	0.60	-9.53
458	N29	6.25	6.28	4.65	30.12	2.05	2.85
459	N30	49.58	49.47	38.71	75.74	5.15	2.76
460	N31	2.57	2.57	1.43	18.25	1.74	7.29
461	N32	28.67	32.14	34.46	63.46	-8.79	-12.51
462	N33	1.65	1.96	1.42	15.25	-5.80	2.20
463	O1	4.43	6.92	10.82	31.63	-26.24	-19.50
464	O2	3.67	3.03	2.51	20.18	12.23	-0.08
465	O3	11.85	13.83	12.93	43.99	-10.00	-4.41
466	O4	7.25	4.77	2.51	26.06	29.78	10.11
467	O5	19.17	20.11	14.24	51.96	-1.13	5.80
468	O6	3.82	4.12	3.32	24.05	-2.17	0.51
469	O7	25.96	34.41	54.92	65.29	-27.53	-34.48
470	O8	16.21	10.05	3.23	37.93	43.50	25.10
471	O9	60.22	65.87	65.14	84.93	-7.64	-10.84
472	O10	32.06	17.62	3.18	49.03	66.10	44.55
473	O11	3.56	6.41	4.82	30.43	-33.61	2.43
474	O12	4.12	3.09	4.62	20.40	17.90	-13.78
475	O13	10.35	12.59	5.24	42.14	-13.01	20.43
476	O14	7.68	4.78	4.54	26.10	33.68	-3.50
477	O15	17.08	18.30	5.76	49.86	-3.06	31.21
478	O16	4.90	4.44	9.60	25.08	8.14	-26.83
479	O17	21.88	31.37	28.85	62.82	-34.77	-5.01
480	O18	17.39	10.34	9.74	38.44	47.86	-4.26
481	O19	53.87	60.48	34.11	82.10	-11.03	20.13
482	O20	33.00	17.65	10.01	49.07	69.28	13.18
483	O21	6.13	4.88	16.49	26.40	16.84	-43.85
484	O22	17.57	27.26	6.24	59.21	-40.71	45.08
485	O23	18.42	10.55	16.30	38.82	51.67	-21.97
486	O24	48.09	54.70	6.70	78.87	-12.39	76.97
487	O25	33.95	17.73	16.61	49.17	72.15	-4.86
488	O26	17.41	21.97	35.63	54.00	-19.10	-30.49
489	O27	2.05	1.99	1.32	15.43	3.11	3.75
490	O28	38.48	40.28	41.46	69.67	-1.14	-11.31
491	O29	19.39	11.32	2.70	40.11	51.07	32.80
492	O30	15.65	22.95	35.10	55.02	-33.39	-27.98
493	O31	11.76	8.00	3.27	33.98	32.56	18.00
494	O32	44.17	48.34	41.68	75.04	-6.97	-2.33
495	O33	27.44	15.54	3.24	46.37	60.06	39.52
496	P1	8.04	5.73	16.39	28.73	25.62	-39.59
497	P2	34.35	24.26	15.18	56.35	42.61	10.99
498	P3	6.40	9.14	11.61	36.26	-22.80	-13.94
499	P4	25.10	24.55	3.55	56.63	6.18	55.15
500	P5	7.97	12.10	24.34	41.37	-29.47	-34.24
501	P6	5.29	10.23	7.30	38.26	-43.88	4.41
502	P7	29.11	27.99	20.28	59.88	8.35	5.54
503	P8	4.10	6.50	5.65	30.64	-26.47	-1.42
504	P9	35.99	21.69	12.53	53.70	59.56	13.46
505	P10	7.91	5.86	15.23	29.05	23.04	-36.21
506	P11	3.35	3.13	5.74	20.54	5.63	-19.26
507	P12	30.89	19.22	12.39	50.94	53.58	9.09
508	P13	5.41	8.63	5.84	35.26	-29.48	5.65
509	P14	47.85	44.91	25.45	72.83	12.98	18.02
510	P15	6.06	10.64	13.32	38.96	-38.11	-14.14
511	P16	16.03	8.98	7.17	35.95	51.03	0.96
512	P17	23.47	26.69	8.79	58.69	-9.74	33.94
513	P18	9.52	5.93	7.16	29.24	36.13	-10.54
514	P19	10.17	14.87	7.77	45.46	-28.71	14.97
515	P20	3.67	3.22	7.40	20.91	9.06	-25.89
516	P21	46.72	47.20	24.28	74.32	3.42	22.69
517	P22	35.53	21.66	9.41	53.66	58.21	23.11
518	P23	26.74	30.90	22.09	62.42	-11.97	6.29
519	P24	18.57	12.88	9.00	42.58	36.23	5.42
520	P25	7.79	13.52	17.91	43.53	-40.41	-17.56
521	P26	27.55	15.44	5.69	46.23	61.08	25.27
522	P27	2.41	2.46	2.14	17.75	0.78	-1.00
523	P28	12.17	8.13	5.58	34.26	34.18	5.18
524	P29	22.39	29.08	42.73	60.85	-23.93	-28.12
525	P30	27.61	15.61	4.15	46.46	60.35	33.83
526	P31	48.18	55.42	46.21	79.28	-13.91	-0.60
527	P32	12.30	8.28	4.20	34.55	33.80	13.02
528	P33	17.74	26.95	39.13	58.93	-38.57	-26.79
529	Q1	15.80	25.58	27.47	57.64	-43.81	-11.67
530	Q2	38.28	40.56	26.55	69.87	-2.66	10.99
531	Q3	11.45	15.11	19.12	45.79	-20.55	-16.32
532	Q4	16.16	12.05	13.79	41.30	28.70	-11.39
533	Q5	5.02	4.05	2.33	23.83	15.08	7.76
534	Q6	5.97	4.24	7.20	24.46	23.44	-18.94
535	Q7	14.40	11.32	4.69	40.11	23.42	19.86
536	Q8	9.65	10.92	14.40	39.44	-6.81	-16.19
537	Q9	41.49	40.20	25.12	69.61	8.46	13.05
538	Q10	20.40	27.82	26.61	59.73	-28.48	-6.59
539	Q11	11.43	15.94	14.73	46.89	-25.46	-4.19
540	Q12	35.76	36.07	24.52	66.57	3.32	8.89
541	Q13	9.68	11.52	15.87	40.45	-10.95	-18.14
542	Q14	22.91	15.13	12.03	45.81	43.27	1.31
543	Q15	5.51	4.11	5.44	24.02	20.08	-11.80
544	Q16	3.32	4.22	4.18	24.40	-11.43	-4.37
545	Q17	10.64	13.23	16.88	43.11	-14.97	-15.95
546	Q18	10.83	9.14	4.63	36.25	16.03	13.53
547	Q19	23.01	23.47	19.44	55.55	1.71	-0.18
548	Q20	18.58	13.65	4.90	43.72	31.38	24.92
549	Q21	18.72	26.39	19.04	58.41	-31.19	5.60
550	Q22	23.65	21.21	13.10	53.18	14.81	10.97
551	Q23	47.66	51.38	22.16	76.91	-5.14	31.14
552	Q24	43.88	33.77	14.01	64.78	36.41	28.53
553	Q25	43.38	47.35	25.40	74.41	-6.58	20.82
554	Q26	7.08	8.32	5.30	34.65	-8.96	7.23
555	Q27	27.19	31.29	40.68	62.75	-11.55	-22.24
556	Q28	23.68	18.39	5.35	49.97	28.76	33.40
557	Q29	8.56	8.90	8.07	35.80	-0.24	-2.83
558	Q30	9.43	8.12	4.68	34.23	13.88	9.78
559	Q31	25.23	27.60	36.65	59.53	-5.74	-22.39
560	Q32	25.50	16.62	4.66	47.78	46.01	33.22
561	Q33	51.14	47.44	41.39	74.47	14.77	-2.94
562	R1	21.68	12.05	16.44	41.29	57.11	-18.04
563	R2	16.35	13.82	14.28	43.98	18.24	-8.06
564	R3	21.40	22.87	20.74	54.94	-3.03	-3.93
565	R4	14.79	16.85	3.47	48.07	-8.53	40.93
566	R5	21.55	24.86	28.91	56.94	-10.96	-15.25
567	R6	17.65	21.67	8.33	53.67	-16.42	27.00
568	R7	17.80	19.32	18.64	51.06	-4.33	-6.19
569	R8	13.72	14.17	6.20	44.48	0.32	19.85
570	R9	19.41	13.27	12.10	43.17	37.98	-3.45
571	R10	20.06	12.00	4.31	41.21	49.68	23.86
572	R11	9.28	5.90	5.55	29.17	34.42	-3.48
573	R12	14.54	10.69	11.73	39.05	28.88	-9.49
574	R13	18.36	17.59	16.95	48.99	7.52	-5.97
575	R14	22.71	25.78	22.46	57.83	-9.45	-2.33
576	R15	18.81	22.58	15.77	54.64	-14.50	6.59
577	R16	24.60	21.47	16.10	53.46	17.73	3.74
578	R17	17.87	17.03	6.30	48.30	7.93	25.99
579	R18	15.21	15.03	15.11	45.67	4.35	-7.26
580	R19	8.07	9.84	5.79	37.55	-12.13	9.85
581	R20	5.30	7.17	13.28	32.19	-17.57	-25.72
582	R21	37.41	37.23	21.06	67.45	4.97	17.00
583	R22	54.47	49.89	19.33	76.00	16.79	35.32
584	R23	40.34	39.33	18.17	68.99	7.61	25.74
585	R24	28.75	30.51	17.07	62.09	-2.56	16.34
586	R25	15.79	20.21	15.84	52.07	-19.85	1.98
587	R26	40.99	36.55	7.59	66.94	18.46	52.69
588	R27	35.43	28.65	29.19	60.47	28.52	-9.62
589	R28	18.24	20.43	6.81	52.32	-7.47	30.72
590	R29	15.16	15.19	26.22	45.89	3.12	-29.79
591	R30	42.28	32.52	6.43	63.77	36.03	52.12
592	R31	34.10	32.04	30.16	63.38	11.44	-6.15
593	R32	22.20	20.08	6.03	51.93	13.65	33.50
594	R33	1.97	2.04	1.69	15.72	-0.06	-0.06
595	S1	45.53	53.26	32.30	78.03	-15.94	15.81
596	S2	13.53	19.87	23.23	51.69	-31.96	-14.38
597	S3	33.04	31.35	22.06	62.80	10.23	7.01
598	S4	7.98	7.12	12.91	32.08	10.68	-24.87
599	S5	11.56	7.22	2.30	32.30	38.37	22.66
600	S6	12.51	7.30	7.19	32.48	44.15	-5.10
601	S7	6.36	6.37	4.35	30.32	2.32	4.89
602	S8	19.78	18.37	15.78	49.94	10.65	-1.55
603	S9	17.06	21.25	21.88	53.22	-17.64	-9.15
604	S10	48.95	52.43	30.63	77.54	-4.32	17.52
605	S11	24.97	28.01	16.81	59.90	-8.45	13.17
606	S12	12.23	17.14	20.75	48.43	-26.48	-15.17
607	S13	28.62	24.34	17.83	56.43	21.34	4.86
608	S14	7.63	6.91	11.30	31.60	9.45	-21.02
609	S15	12.01	7.22	5.55	32.31	41.50	1.96
610	S16	6.40	12.34	5.24	41.75	-46.50	19.76
611	S17	8.02	8.73	10.17	35.46	-3.57	-10.83
612	S18	23.36	28.41	17.91	60.26	-16.99	11.28
613	S19	25.10	19.29	11.27	51.03	30.34	12.55
614	S20	50.18	49.82	20.56	75.96	5.81	32.69
615	S21	4.72	4.85	12.27	26.30	0.58	-33.03
616	S22	8.50	11.68	3.37	40.71	-21.95	28.87
617	S23	12.63	10.00	13.66	37.85	21.83	-16.99
618	S24	19.88	20.89	3.48	52.83	-1.28	49.03
619	S25	20.20	14.33	14.17	44.70	35.32	-6.51
620	S26	10.42	17.18	7.71	48.48	-39.74	20.41
621	S27	17.55	14.48	22.29	44.92	20.77	-24.26
622	S28	34.76	37.45	8.45	67.61	-4.54	50.58
623	S29	36.20	25.51	24.17	57.57	43.59	-6.00
624	S30	14.17	18.86	7.27	50.52	-22.88	25.68
625	S31	15.68	11.15	18.14	39.83	32.28	-24.46
626	S32	38.20	37.43	8.04	67.60	6.88	52.09
627	S33	32.51	20.11	19.26	51.96	55.07	-5.99
628	T1	20.93	11.35	12.41	40.17	58.37	-9.53
629	T2	5.10	5.57	8.56	28.30	-3.31	-17.62
630	T3	43.97	38.87	22.74	68.66	19.95	15.81
631	T4	4.16	7.74	3.50	33.43	-37.63	15.46
632	T5	35.77	37.12	32.18	67.37	-0.08	-2.39
633	T6	30.66	32.74	9.43	63.95	-3.34	40.77
634	T7	6.06	9.02	15.60	36.03	-25.52	-25.09
635	T8	22.76	20.23	6.72	52.10	15.46	30.70
636	T9	4.69	5.41	6.44	27.86	-6.54	-9.85
637	T10	20.95	11.54	11.44	40.48	57.12	-6.14
638	T11	15.72	8.95	5.68	35.88	49.55	7.46
639	T12	4.35	5.21	4.70	27.33	-8.78	-2.26
640	T13	38.66	30.68	18.82	62.24	31.44	12.69
641	T14	6.55	12.40	7.05	41.84	-45.30	11.64
642	T15	31.78	33.65	17.35	64.68	-2.37	20.16
643	T16	59.51	65.19	24.59	84.58	-7.83	39.81
644	T17	28.42	15.45	11.40	46.24	64.47	3.92
645	T18	27.78	37.19	21.58	67.42	-29.35	15.92
646	T19	13.43	8.47	11.37	34.95	39.60	-15.48
647	T20	17.20	24.32	41.27	56.41	-30.64	-33.93
648	T21	15.24	9.02	2.30	36.03	46.07	29.02
649	T22	28.46	31.00	30.96	62.51	-5.49	-8.91
650	T23	8.71	5.84	2.26	29.01	30.30	17.31
651	T24	13.29	17.30	26.67	48.63	-20.28	-25.83
652	T25	2.69	2.92	2.34	19.74	-2.43	0.62
653	T26	56.33	61.94	10.87	82.88	-8.22	68.71
654	T27	19.99	11.83	5.57	40.94	50.52	16.72
655	T28	25.30	34.67	9.76	65.49	-31.13	42.31
656	T29	1.84	1.92	1.52	15.08	-0.34	0.81
657	T30	60.74	61.26	10.29	82.52	3.96	69.92
658	T31	21.68	12.25	15.06	41.61	55.71	-14.12
659	T32	31.65	37.55	9.09	67.69	-15.81	48.41
660	T33	7.01	6.40	19.80	30.40	8.72	-44.30
661	U1	46.98	50.51	41.54	76.38	-4.74	0.16
662	U2	42.74	43.88	37.02	72.15	1.27	-1.14
663	U3	1.68	1.77	1.34	14.22	-0.59	1.49
664	U4	44.14	45.03	42.76	72.91	2.11	-7.37
665	U5	2.57	2.18	4.31	16.40	9.72	-18.91
666	U6	2.73	4.85	2.39	26.30	-29.98	11.48
667	U7	6.74	4.47	1.66	25.18	28.48	16.55
668	U8	7.47	7.29	8.55	32.45	4.31	-10.42
669	U9	8.39	9.90	7.33	37.66	-9.77	3.25
670	U10	10.32	9.31	5.74	36.58	10.78	8.40
671	U11	6.42	13.71	5.13	43.82	-55.17	23.90
672	U12	8.35	5.54	12.29	28.23	30.56	-29.76
673	U13	24.41	30.37	5.09	61.97	-19.77	55.39
674	U14	18.16	10.04	12.16	37.92	54.19	-12.70
675	U15	44.54	47.39	5.42	74.44	-3.30	75.21
676	U16	35.61	37.49	4.92	67.64	-1.78	66.09
677	U17	37.20	39.14	11.58	68.85	-1.73	42.36
678	U18	2.28	1.98	3.26	15.36	8.39	-14.03
679	U19	30.85	25.54	4.32	57.60	24.75	52.06
680	U20	28.28	17.64	21.01	49.06	51.77	-14.61
681	U21	7.85	10.43	4.41	38.61	-18.65	18.81
682	U22	2.07	1.96	2.38	15.30	4.07	-7.34
683	U23	31.89	26.41	9.44	58.42	25.02	31.21
684	U24	26.89	17.05	14.04	48.32	49.44	0.05
685	U25	8.35	10.70	8.16	39.07	-16.17	2.45
686	U26	6.81	5.39	9.73	27.83	17.77	-22.51
687	U27	27.72	34.29	32.86	65.19	-19.94	-7.18
688	U28	20.62	11.88	9.63	41.02	53.25	0.55
689	U29	57.88	59.93	37.99	81.80	0.24	14.17
690	U30	6.45	5.22	7.28	27.34	16.20	-14.34
691	U31	31.20	36.83	52.05	67.15	-15.15	-28.18
692	U32	20.43	11.89	7.43	41.04	52.24	8.69
693	U33	62.12	63.20	59.62	83.55	2.74	-7.85
694	V1	63.99	67.73	60.62	85.87	-2.96	-4.84
695	V2	2.57	2.61	2.26	18.42	0.95	-0.93
696	V3	60.49	62.03	56.52	82.93	1.61	-5.75
697	V4	10.09	10.72	9.44	39.11	-1.91	-2.07
698	V5	63.04	66.99	55.20	85.50	-3.54	0.07
699	V6	29.85	31.23	28.02	62.70	-0.99	-3.85
700	V7	59.34	61.15	51.80	82.46	0.90	-1.51
701	V8	3.87	5.54	10.28	28.23	-19.43	-23.63
702	V9	7.33	4.40	4.16	24.95	35.27	-3.27
703	V10	12.07	13.01	2.48	42.78	-3.25	39.13
704	V11	46.13	43.69	39.30	72.02	11.67	-4.44
705	V12	19.97	15.26	3.21	45.99	28.64	39.12
706	V13	26.98	28.66	34.89	60.48	-2.62	-18.27
707	V14	8.12	8.12	3.21	34.24	2.59	18.88
708	V15	9.47	13.37	29.66	43.32	-25.03	-39.94
709	V16	47.69	50.87	47.17	76.60	-3.71	-6.35
710	V17	32.72	29.18	23.15	60.94	17.12	1.71
711	V18	47.86	41.62	41.83	70.61	22.57	-10.16
712	V19	26.99	28.90	5.26	60.69	-3.48	52.30
713	V20	3.44	3.12	4.33	20.52	7.20	-11.93
714	V21	6.50	6.12	1.82	29.72	6.43	22.70
715	V22	45.13	39.89	27.22	69.39	20.16	9.02
716	V23	28.08	29.97	11.92	61.63	-3.21	28.88
717	V24	3.10	3.01	2.97	20.10	3.33	-3.77
718	V25	6.86	6.38	2.66	30.36	7.35	16.28
719	V26	29.67	18.63	6.58	50.25	52.00	28.13
720	V27	36.26	36.21	28.81	66.68	4.54	1.70
721	V28	2.66	2.36	1.86	17.28	7.62	0.85
722	V29	2.34	2.92	3.52	19.72	-9.14	-8.28
723	V30	29.06	18.20	3.35	49.74	51.88	44.60
724	V31	39.50	38.57	44.96	68.44	7.37	-17.78
725	V32	2.51	2.31	1.54	17.05	5.67	3.95
726	V33	2.57	2.96	5.32	19.87	-5.16	-18.38
727	W1	16.29	15.86	19.17	46.79	5.76	-14.70
728	W2	31.32	33.45	17.68	64.52	-3.36	19.14
729	W3	31.86	33.35	17.49	64.44	-1.07	19.44
730	W4	30.85	32.57	17.52	63.81	-2.02	18.27
731	W5	18.67	22.17	15.70	54.21	-13.39	6.00
732	W6	23.33	20.77	12.16	52.70	15.45	12.80
733	W7	67.72	69.44	62.91	86.72	1.68	-5.62
734	W8	70.74	75.12	61.74	89.45	-3.56	0.22
735	W9	4.47	5.26	4.74	27.47	-7.74	-2.24
736	W10	66.84	68.91	57.74	86.46	0.88	-0.92
737	W11	4.78	8.36	4.04	34.72	-34.88	14.30
738	W12	14.29	15.62	26.56	46.47	-4.67	-29.37
739	W13	18.48	19.00	3.90	50.69	0.81	42.67
740	W14	30.36	27.54	29.83	59.47	14.86	-12.37
741	W15	32.77	28.54	4.00	60.37	19.74	58.74
742	W16	34.20	34.30	10.66	65.20	3.95	38.90
743	W17	40.44	44.51	12.99	72.57	-7.50	44.70
744	W18	15.33	19.10	38.61	50.80	-17.08	-40.11
745	W19	5.31	6.42	2.05	30.46	-9.98	21.71
746	W20	43.50	44.56	50.45	72.60	1.59	-17.01
747	W21	11.41	19.66	5.88	51.45	-45.27	33.39
748	W22	12.84	17.48	24.75	48.86	-24.24	-22.07
749	W23	5.37	6.44	3.12	30.50	-9.49	13.05
750	W24	39.31	41.28	31.79	70.37	-1.52	3.37
751	W25	12.12	20.29	12.51	52.16	-43.34	10.87
752	W26	2.17	2.33	2.82	17.11	-1.48	-7.84
753	W27	32.94	33.56	12.27	64.61	2.07	33.00
754	W28	28.93	24.36	20.85	56.45	22.43	-1.54
755	W29	2.21	2.92	2.46	19.71	-12.00	-0.44
756	W30	2.38	2.31	4.01	17.05	3.08	-16.01
757	W31	31.61	32.29	5.25	63.58	1.74	57.38
758	W32	30.96	25.59	31.84	57.65	24.91	-18.64
759	W33	2.09	2.85	1.82	19.44	-13.41	4.97
760	X1	72.71	76.07	65.38	89.89	-1.31	-2.52
761	X2	25.22	21.94	21.13	53.96	18.20	-6.39
762	X3	76.62	78.57	64.76	91.04	1.75	0.05
763	X4	34.64	36.30	31.35	66.75	-1.23	-2.19
764	X5	21.53	24.92	28.25	57.00	-11.30	-14.07
765	X6	52.44	44.29	40.88	72.42	27.02	-5.82
766	X7	2.10	2.15	1.85	16.26	0.53	-0.74
767	X8	50.69	43.24	40.95	71.72	25.43	-7.12
768	X9	25.73	22.33	20.54	54.38	18.56	-4.48
769	X10	25.14	22.03	20.61	54.06	17.44	-5.17
770	X11	10.24	15.14	28.34	45.82	-29.71	-33.49
771	X12	30.25	25.18	28.02	57.25	24.01	-13.26
772	X13	27.29	29.20	7.78	60.96	-3.43	41.66
773	X14	5.18	8.30	4.46	34.61	-29.49	11.61
774	X15	51.28	46.50	8.18	73.87	17.74	62.38
775	X16	9.66	14.81	28.56	45.37	-32.29	-34.62
776	X17	19.43	11.02	4.36	39.61	53.42	20.82
777	X18	68.62	73.17	66.92	88.53	-4.15	-6.31
778	X19	14.61	10.45	13.19	38.64	31.03	-14.34
779	X20	40.78	45.29	54.91	73.08	-8.66	-21.04
780	X21	35.10	24.88	18.03	56.96	42.54	5.31
781	X22	58.11	63.68	17.29	83.80	-7.83	53.27
782	X23	12.66	9.57	3.39	37.06	25.41	22.49
783	X24	32.60	38.48	14.10	68.37	-15.32	34.46
784	X25	31.91	22.78	3.72	54.85	40.48	50.95
785	X26	45.02	42.60	12.63	71.28	11.70	43.49
786	X27	22.65	14.65	13.41	45.15	44.92	-3.71
787	X28	20.43	23.95	11.30	56.04	-12.44	21.10
788	X29	7.69	6.68	12.62	31.06	12.37	-25.82
789	X30	43.42	40.99	5.34	70.17	11.81	68.26
790	X31	23.91	15.19	20.11	45.90	47.33	-18.21
791	X32	19.41	23.02	5.10	55.09	-13.39	43.51
792	X33	8.83	7.16	18.86	32.16	17.79	-39.27
793	Y1	51.88	43.66	39.31	72.00	27.36	-4.49
794	Y2	66.77	69.56	33.02	86.78	-0.65	29.81
795	Y3	42.97	50.00	58.57	76.07	-14.93	-19.68
796	Y4	41.59	47.85	56.66	74.73	-13.29	-20.03
797	Y5	48.64	41.71	22.27	70.67	24.46	20.16
798	Y6	46.78	40.48	22.20	69.81	23.01	18.83
799	Y7	73.87	75.66	64.31	89.70	1.91	-1.83
800	Y8	34.68	36.25	32.17	66.71	-0.93	-3.52
801	Y9	35.20	36.10	31.63	66.60	1.31	-2.88
802	Y10	34.20	35.35	31.59	66.02	0.40	-3.83
803	Y11	3.31	3.44	2.83	21.73	-0.20	0.08
804	Y12	19.57	25.55	39.49	57.61	-23.43	-29.54
805	Y13	12.04	7.60	2.68	33.14	38.11	20.89
806	Y14	41.94	45.84	45.58	73.44	-6.69	-9.91
807	Y15	22.15	12.45	2.69	41.92	56.56	35.94
808	Y16	23.62	17.26	6.17	48.59	34.45	27.08
809	Y17	9.11	14.55	24.79	45.01	-35.25	-28.78
810	Y18	1.96	2.04	1.57	15.71	-0.30	1.26
811	Y19	6.50	7.31	8.17	32.51	-5.55	-8.90
812	Y20	24.84	16.03	3.45	47.01	46.56	39.21
813	Y21	18.37	25.06	47.61	57.13	-27.49	-40.43
814	Y22	1.99	2.00	1.83	15.51	1.36	-1.92
815	Y23	5.81	6.80	5.05	31.35	-8.10	2.83
816	Y24	25.36	16.30	6.27	47.37	47.22	24.55
817	Y25	15.11	22.67	29.53	54.73	-35.28	-20.06
818	Y26	2.64	3.98	4.56	23.60	-20.02	-7.92
819	Y27	21.43	14.19	6.28	44.51	42.07	19.57
820	Y28	42.55	46.97	35.09	74.17	-8.00	5.05
821	Y29	6.65	6.33	6.00	30.22	5.81	-3.79
822	Y30	2.99	4.12	7.24	24.08	-15.74	-19.76
823	Y31	20.91	14.00	3.40	44.24	40.76	34.81
824	Y32	46.73	50.30	55.83	76.25	-4.88	-16.55
825	Y33	6.21	6.12	3.55	29.71	3.41	8.70
826	Z1	55.49	57.55	49.27	80.49	-0.02	-2.07
827	Z2	16.54	9.69	2.65	37.28	48.18	28.27
828	Z3	32.12	37.22	43.43	67.44	-13.05	-17.63
829	Z4	6.54	4.93	2.70	26.53	20.57	9.35
830	Z5	11.47	17.65	36.28	49.07	-34.58	-39.90
831	Z6	22.53	12.49	4.33	41.99	58.01	25.08
832	Z7	41.04	45.30	39.95	73.09	-7.91	-3.46
833	Z8	12.40	7.68	4.39	33.31	39.83	9.77
834	Z9	18.81	25.13	34.55	57.20	-25.52	-23.43
835	Z10	3.62	3.57	4.49	22.20	2.70	-9.96
836	Z11	52.28	54.79	36.44	78.92	-1.43	11.34
837	Z12	17.34	9.87	7.26	37.60	51.21	3.44
838	Z13	29.64	35.14	32.12	65.86	-15.40	-4.91
839	Z14	7.39	5.18	7.11	27.23	26.05	-13.83
840	Z15	9.90	16.52	27.06	47.65	-40.19	-28.19
841	Z16	45.41	49.08	35.32	75.50	-5.39	7.01
842	Z17	42.02	43.33	32.21	71.78	0.72	5.17
843	Z18	40.36	35.83	4.96	66.39	18.89	63.71
844	Z19	34.31	34.63	43.92	65.46	3.18	-21.65
845	Z20	2.94	3.06	1.70	20.29	-0.27	7.78
846	Z21	7.67	6.80	6.29	31.35	10.95	-3.15
847	Z22	41.76	37.23	11.43	67.45	18.60	40.40
848	Z23	31.16	32.29	27.70	63.58	0.10	-1.80
849	Z24	2.97	3.02	2.15	20.12	1.13	2.99
850	Z25	7.10	6.46	4.02	30.54	8.96	7.21
851	Z26	34.52	20.87	6.45	52.81	58.43	33.10
852	Z27	3.96	5.22	4.86	27.36	-14.34	-3.06
853	Z28	17.85	12.26	6.20	41.62	36.61	14.96
854	Z29	66.78	66.89	38.13	85.45	5.09	20.27
855	Z30	34.04	20.73	3.39	52.65	57.49	49.36
856	Z31	4.37	5.42	7.69	27.90	-10.89	-15.00
857	Z32	17.46	12.15	3.37	41.45	35.26	30.20
858	Z33	71.95	71.20	61.61	87.58	7.05	-2.87
859	2A1	5.58	10.81	4.56	39.26	-44.78	19.09
860	2A2	10.79	9.39	17.93	36.73	13.64	-29.34
861	2A3	21.34	24.23	4.46	56.32	-9.28	49.06
862	2A4	23.05	16.79	19.30	48.00	34.47	-12.89
863	2A5	38.31	37.07	4.70	67.33	8.40	66.70
864	2A6	11.10	15.72	32.81	46.61	-26.64	-39.13
865	2A7	29.83	28.79	7.25	60.60	7.98	43.13
866	2A8	33.09	33.77	38.11	64.78	1.88	-15.33
867	2A9	9.54	13.78	6.80	43.92	-27.03	16.27
868	2A10	58.86	52.99	42.29	77.87	19.55	1.78
869	2A11	7.47	12.24	16.51	41.59	-35.12	-17.70
870	2A12	10.08	9.15	13.98	36.27	10.24	-20.56
871	2A13	24.21	26.69	19.13	58.69	-6.51	5.91
872	2A14	22.33	16.51	14.97	47.64	32.74	-3.51
873	2A15	41.81	40.13	21.29	69.56	9.67	20.19
874	2A16	29.46	26.67	8.55	58.67	14.90	34.81
875	2A17	10.45	15.35	32.82	46.11	-29.36	-40.02
876	2A18	9.83	15.28	5.27	46.01	-33.71	26.95
877	2A19	36.29	29.19	33.05	60.95	29.33	-14.77
878	2A20	34.45	37.04	5.79	67.31	-4.31	61.12
879	2A21	12.13	12.86	28.66	42.55	-1.86	-39.65
880	2A22	10.74	16.06	10.51	47.05	-31.21	8.07
881	2A23	34.08	27.74	21.34	59.65	27.45	3.00
882	2A24	35.89	38.39	13.20	68.31	-3.73	36.77
883	2A25	10.02	11.51	18.12	40.42	-8.15	-23.40
884	2A26	13.90	14.28	18.89	44.63	0.85	-17.82
885	2A27	38.63	37.67	12.30	67.78	7.48	38.39
886	2A28	4.29	3.73	2.98	22.77	10.09	0.71
887	2A29	15.32	19.81	10.84	51.62	-20.64	14.92
888	2A30	15.84	15.41	29.17	46.19	5.81	-34.21
889	2A31	37.21	36.33	5.34	66.77	7.25	62.38
890	2A32	4.49	3.75	4.28	22.83	12.50	-7.63
891	2A33	13.99	18.66	5.26	50.29	-23.00	34.39
892	2B1	38.47	32.69	30.69	63.91	23.65	-6.07
893	2B2	24.97	23.51	3.92	55.59	10.12	50.98
894	2B3	23.06	22.21	28.37	54.25	7.54	-19.00
895	2B4	10.27	12.85	3.89	42.54	-15.32	28.69
896	2B5	8.10	10.35	24.44	38.47	-15.78	-39.41
897	2B6	34.09	29.81	9.11	61.49	19.56	37.65
898	2B7	29.67	27.09	26.24	59.06	14.02	-7.11
899	2B8	19.58	19.93	8.40	51.76	1.84	23.45
900	2B9	13.97	15.60	23.68	46.44	-6.54	-24.28
901	2B10	5.39	8.82	7.52	35.64	-31.46	-0.96
902	2B11	6.17	5.87	14.73	29.08	5.63	-34.91
903	2B12	45.62	49.48	48.68	75.75	-5.87	-9.57
904	2B13	17.85	12.38	4.64	41.81	35.79	23.04
905	2B14	7.51	15.89	6.04	46.83	-57.31	24.67
906	2B15	34.26	20.76	4.66	52.69	58.06	41.67
907	2B16	39.41	41.06	22.91	70.22	-0.56	18.16
908	2B17	25.49	18.39	15.41	49.97	36.54	-0.60
909	2B18	55.83	61.21	6.99	82.49	-7.79	81.98
910	2B19	13.55	10.13	6.45	38.07	26.92	7.70
911	2B20	31.90	37.65	6.21	67.76	-15.22	59.95
912	2B21	33.22	23.79	8.05	55.88	40.70	31.84
913	2B22	63.36	68.65	41.61	86.33	-6.38	17.23
914	2B23	15.49	10.78	19.46	39.20	33.86	-28.40
915	2B24	36.31	41.61	34.02	70.60	-12.21	0.44
916	2B25	36.29	25.27	26.64	57.34	44.89	-10.77
917	2B26	52.30	47.55	12.86	74.54	17.52	48.47
918	2B27	24.63	21.46	20.15	53.45	17.89	-5.28
919	2B28	3.26	3.79	2.47	22.97	-6.32	5.12
920	2B29	44.96	34.21	21.97	65.13	38.04	11.21
921	2B30	50.84	46.15	5.42	73.64	17.56	73.86
922	2B31	26.60	22.75	31.28	54.81	20.28	-22.67
923	2B32	3.07	3.68	1.75	22.57	-7.70	11.15
924	2B33	47.34	35.65	33.64	66.25	39.93	-6.51
925	2C1	5.89	4.92	4.15	26.50	13.68	-0.55
926	2C2	50.04	57.07	54.14	80.22	-12.92	-7.91
927	2C3	14.52	12.60	5.28	42.15	15.38	20.26
928	2C4	18.97	28.03	45.53	59.92	-36.41	-33.16
929	2C5	32.21	23.02	5.47	55.09	40.51	41.63
930	2C6	8.97	13.16	26.14	43.01	-27.79	-34.62
931	2C7	8.55	8.39	5.71	34.78	4.09	5.43
932	2C8	26.16	28.19	30.62	60.06	-4.15	-12.59
933	2C9	20.66	15.72	6.27	46.60	29.38	23.20
934	2C10	44.68	42.57	34.04	71.26	10.79	1.55
935	2C11	4.92	5.77	9.83	28.82	-7.70	-21.14
936	2C12	15.36	19.17	24.58	50.88	-17.21	-18.27
937	2C13	16.34	13.15	11.05	42.99	22.41	-0.64
938	2C14	33.43	33.96	27.84	64.93	2.42	0.28
939	2C15	27.73	19.36	11.28	51.10	40.82	12.64
940	2C16	8.62	15.51	19.60	46.33	-45.06	-16.40
941	2C17	7.94	5.35	9.43	27.72	29.04	-21.69
942	2C18	28.38	34.12	23.37	65.06	-16.79	8.40
943	2C19	17.84	10.03	9.61	37.89	52.62	-4.78
944	2C20	49.68	52.45	26.23	77.55	-2.39	24.79
945	2C21	4.73	3.84	10.82	23.13	14.36	-34.15
946	2C22	14.56	21.56	10.77	53.56	-33.60	18.48
947	2C23	13.61	7.95	10.73	33.88	45.32	-15.34
948	2C24	35.78	40.68	12.58	69.95	-11.18	41.34
949	2C25	23.51	12.55	10.76	42.07	62.05	-1.30
950	2C26	20.64	27.79	30.99	59.70	-27.21	-13.79
951	2C27	3.51	2.74	1.80	18.97	14.93	4.43
952	2C28	49.53	52.79	35.83	77.75	-3.65	10.17
953	2C29	9.62	7.96	6.08	33.89	16.86	2.18
954	2C30	23.72	30.01	49.33	61.66	-21.45	-34.60
955	2C31	3.35	2.73	1.54	18.91	12.73	7.18
956	2C32	54.07	56.45	57.61	79.87	-0.92	-12.15
957	2C33	9.11	7.74	3.52	33.43	14.71	15.31
958	2D1	23.67	12.49	11.90	41.99	63.11	-4.92
959	2D2	33.38	38.15	5.22	68.13	-11.56	65.37
960	2D3	13.48	7.77	11.76	33.49	46.21	-19.16
961	2D4	13.22	20.15	4.92	52.01	-35.32	39.11
962	2D5	4.88	3.86	12.04	23.20	16.01	-37.73
963	2D6	46.51	49.50	12.92	75.76	-3.38	50.39
964	2D7	17.87	9.92	10.76	37.70	53.62	-8.85
965	2D8	25.69	31.73	11.73	63.12	-19.28	32.01
966	2D9	8.08	5.39	10.82	27.81	30.00	-26.09
967	2D10	7.19	14.42	10.11	44.83	-51.75	5.52
968	2D11	23.48	12.63	9.68	42.20	61.35	2.42
969	2D12	37.94	42.58	25.00	71.27	-9.78	16.13
970	2D13	13.34	7.87	9.43	33.71	44.34	-11.35
971	2D14	16.20	22.86	21.05	54.93	-29.86	-4.56
972	2D15	4.43	3.72	9.42	22.73	12.18	-30.27
973	2D16	43.32	41.31	29.39	70.39	10.58	7.17
974	2D17	21.79	16.27	11.31	47.33	31.56	6.05
975	2D18	25.80	27.92	26.79	59.82	-4.63	-6.75
976	2D19	9.61	8.96	10.54	35.91	8.04	-11.25
977	2D20	8.33	12.68	22.53	42.28	-30.20	-29.28
978	2D21	27.43	19.43	6.37	51.19	39.22	30.68
979	2D22	35.10	35.41	32.89	66.07	3.26	-5.70
980	2D23	15.36	12.63	5.92	42.20	20.21	17.25
981	2D24	15.80	19.42	28.38	51.18	-15.93	-24.31
982	2D25	4.09	5.32	5.42	27.63	-13.64	-5.49
983	2D26	5.04	3.48	1.80	21.88	23.62	9.39
984	2D27	30.47	39.37	36.28	69.02	-25.89	-5.51
985	2D28	14.82	12.79	7.18	42.44	15.94	12.13
986	2D29	8.78	9.29	5.40	36.53	-1.48	9.97
987	2D30	4.82	3.46	1.55	21.81	21.22	12.03
988	2D31	33.98	42.07	57.50	70.92	-21.48	-27.47
989	2D32	14.17	12.44	3.73	41.91	14.25	28.59
990	2D33	8.94	9.22	8.10	36.41	0.36	-1.91
991	2E1	31.74	17.07	5.27	48.35	67.87	30.99
992	2E2	6.80	7.44	17.28	32.78	-3.72	-34.67
993	2E3	48.32	41.31	11.64	70.39	24.78	44.83
994	2E4	10.89	16.89	30.61	48.12	-34.70	-33.17
995	2E5	67.44	71.34	17.11	87.65	-2.94	60.31
996	2E6	5.76	4.63	14.23	25.64	15.94	-39.55
997	2E7	18.25	28.08	9.25	59.96	-40.31	34.53
998	2E8	17.99	10.24	14.04	38.27	51.81	-17.26
999	2E9	48.63	55.42	10.48	79.28	-12.70	63.73
1000	2E10	33.37	17.43	14.38	48.80	71.73	-0.01
1001	2E11	8.60	5.45	1.79	27.98	33.84	20.01
1002	2E12	3.26	3.24	7.03	20.99	2.16	-24.22
1003	2E13	11.86	10.79	2.25	39.22	10.65	34.96
1004	2E14	4.21	5.59	11.25	28.36	-15.16	-26.46
1005	2E15	15.61	16.80	2.75	48.01	-3.39	45.96
1006	2E16	6.17	9.10	13.65	36.17	-24.84	-19.85
1007	2E17	13.19	14.87	20.09	45.46	-7.26	-18.94
1008	2E18	20.99	20.90	15.92	52.84	4.05	3.10
1009	2E19	28.83	26.48	22.64	58.49	13.28	-1.54
1010	2E20	35.58	30.92	17.21	62.44	20.52	16.63
1011	2E21	6.43	5.94	16.79	29.25	7.69	-39.64
1012	2E22	41.21	48.87	9.99	75.37	-17.22	58.57
1013	2E23	19.78	13.00	17.41	42.77	41.59	-17.74
1014	2E24	12.40	22.30	8.71	54.34	-50.80	26.74
1015	2E25	36.49	21.48	18.13	53.47	62.22	-0.91
1016	2E26	11.34	14.65	21.62	45.15	-18.61	-22.56
1017	2E27	4.60	4.80	2.47	26.17	-0.43	10.62
1018	2E28	32.65	30.63	24.88	62.19	11.48	0.68
1019	2E29	11.03	17.59	10.93	48.99	-37.39	10.08
1020	2E30	13.53	15.97	34.07	46.94	-11.47	-40.42
1021	2E31	4.25	4.53	1.72	25.35	-1.64	16.25
1022	2E32	35.59	32.73	39.35	63.94	14.09	-18.44
1023	2E33	10.17	16.77	5.36	47.97	-39.52	29.89
1024	2F1	56.33	62.73	47.92	83.30	-10.02	4.33
1025	2F2	16.39	22.33	11.71	54.38	-26.38	17.00
1026	2F3	39.45	35.66	30.71	66.26	16.63	-2.05
1027	2F4	10.69	10.20	7.14	38.20	6.60	4.97
1028	2F5	24.35	13.22	12.24	43.10	61.29	-4.00
1029	2F6	37.85	26.05	5.35	58.08	46.79	47.37
1030	2F7	47.92	48.15	44.61	74.92	4.17	-6.19
1031	2F8	19.72	15.71	5.19	46.59	24.79	28.35
1032	2F9	21.13	26.06	38.85	58.09	-17.92	-27.87
1033	2F10	4.72	6.52	4.95	30.70	-18.35	2.23
1034	2F11	15.14	16.44	16.48	47.55	-4.16	-7.36
1035	2F12	5.29	7.06	2.42	31.95	-16.64	20.97
1036	2F13	11.84	10.99	11.50	39.56	9.03	-7.92
1037	2F14	4.04	4.17	1.99	24.21	0.29	11.57
1038	2F15	7.45	4.51	5.06	25.30	34.97	-7.67
1039	2F16	28.29	19.51	15.00	51.28	42.26	2.69
1040	2F17	31.79	32.65	20.03	63.88	1.09	12.95
1041	2F18	16.92	13.33	14.62	43.25	24.56	-10.19
1042	2F19	14.05	18.18	17.78	49.71	-20.12	-6.63
1043	2F20	5.42	5.94	13.12	29.27	-3.61	-30.32
1044	2F21	40.03	38.86	10.94	68.65	8.12	43.95
1045	2F22	23.07	17.03	17.46	48.30	33.27	-8.32
1046	2F23	22.39	25.23	9.63	57.30	-8.64	28.64
1047	2F24	10.02	8.94	15.61	35.87	11.53	-25.39
1048	2F25	5.79	10.73	8.17	39.13	-41.80	2.52
1049	2F26	48.27	47.98	13.50	74.81	5.60	47.18
1050	2F27	21.42	22.59	23.74	54.65	-1.70	-10.24
1051	2F28	22.00	27.05	11.86	59.02	-17.82	24.57
1052	2F29	5.73	4.49	2.95	25.22	17.39	5.15
1053	2F30	46.89	46.56	5.60	73.91	5.65	73.43
1054	2F31	23.73	24.04	36.98	56.13	2.44	-28.71
1055	2F32	20.83	25.95	5.33	57.99	-18.93	47.33
1056	2F33	5.90	4.45	4.10	25.12	19.75	-2.63
1057	2G1	16.55	9.90	5.24	37.67	46.56	12.72
1058	2G2	22.17	17.00	19.10	48.26	29.33	-12.02
1059	2G3	25.76	25.93	10.62	57.97	3.21	26.56
1060	2G4	34.54	37.41	36.19	67.58	-5.14	-7.86
1061	2G5	35.63	44.15	14.64	72.33	-21.92	39.91
1062	2G6	9.88	13.33	29.34	43.25	-21.41	-39.55
1063	2G7	13.13	16.50	6.54	47.63	-17.00	23.77
1064	2G8	30.12	29.12	33.98	60.89	7.85	-16.24
1065	2G9	35.11	32.50	7.35	63.75	13.28	48.19
1066	2G10	53.94	45.82	37.29	73.43	26.52	0.69
1067	2G11	5.29	3.80	1.75	23.01	21.80	11.86
1068	2G12	7.72	6.27	7.80	30.08	16.86	-11.66
1069	2G13	7.70	8.10	2.22	34.19	-0.99	26.59
1070	2G14	10.76	11.41	13.27	40.27	-1.80	-11.76
1071	2G15	9.29	11.43	2.62	40.30	-13.42	33.72
1072	2G16	11.03	16.15	14.87	47.17	-29.57	-4.07
1073	2G17	35.13	32.64	34.68	63.87	12.85	-12.12
1074	2G18	21.85	26.96	8.16	58.94	-18.17	36.71
1075	2G19	13.12	16.05	30.39	47.04	-14.54	-34.68
1076	2G20	47.76	47.57	8.96	74.55	5.30	60.69
1077	2G21	10.32	16.61	31.25	47.77	-37.48	-34.77
1078	2G22	6.77	5.02	4.22	26.78	21.86	-0.46
1079	2G23	30.82	36.21	37.65	66.68	-14.52	-11.43
1080	2G24	16.80	9.80	4.25	37.48	48.76	17.80
1081	2G25	52.53	54.84	41.50	78.95	-0.89	4.64
1082	2G26	16.05	25.41	32.28	57.47	-41.64	-19.62
1083	2G27	23.87	18.14	7.34	49.66	30.92	23.93
1084	2G28	46.60	54.01	38.72	78.47	-14.82	7.45
1085	2G29	7.18	8.04	6.74	34.07	-5.43	-0.46
1086	2G30	19.62	28.07	52.26	59.95	-33.26	-40.82
1087	2G31	23.05	17.70	3.66	49.13	29.57	41.47
1088	2G32	51.36	57.88	62.61	80.67	-11.38	-15.76
1089	2G33	6.59	7.69	3.80	33.33	-8.23	13.37
1090	2H1	23.53	32.65	40.57	63.88	-31.86	-20.14
1091	2H2	41.27	42.57	13.01	71.26	0.68	42.38
1092	2H3	16.76	19.01	27.10	50.70	-8.44	-23.00
1093	2H4	27.85	20.43	7.65	52.32	36.05	27.28
1094	2H5	9.87	6.52	12.27	30.70	32.61	-25.46
1095	2H6	55.78	53.60	9.00	78.23	10.46	66.90
1096	2H7	30.83	22.14	22.98	54.18	39.42	-9.63
1097	2H8	29.05	32.90	8.21	64.08	-9.98	45.40
1098	2H9	13.18	11.55	21.04	40.49	14.05	-29.44
1099	2H10	6.98	13.98	7.45	44.21	-51.18	14.07
1100	2H11	7.50	9.57	14.28	37.06	-15.27	-19.98
1101	2H12	10.81	11.51	2.39	40.42	-2.07	35.83
1102	2H13	6.29	6.80	10.44	31.34	-2.76	-18.78
1103	2H14	8.02	6.60	1.95	30.89	16.18	23.47
1104	2H15	4.15	2.98	5.21	19.96	20.26	-17.66
1105	2H16	52.61	44.85	41.16	72.79	25.86	-5.54
1106	2H17	30.94	29.60	37.74	61.31	9.08	-20.81
1107	2H18	67.27	70.72	34.41	87.35	-2.02	28.76
1108	2H19	29.99	28.75	37.56	60.56	8.77	-21.87
1109	2H20	33.90	34.86	29.77	65.64	1.01	-1.64
1110	2H21	37.36	45.27	30.28	73.07	-19.41	10.36
1111	2H22	42.84	49.42	57.13	75.71	-13.77	-18.83
1112	2H23	20.45	23.34	27.55	55.42	-9.68	-15.63
1113	2H24	68.26	71.96	33.60	87.95	-2.44	30.97
1114	2H25	65.31	69.60	33.12	86.80	-4.00	29.69
1115	2H26	31.58	18.91	20.22	50.58	57.67	-10.38
1116	2H27	22.44	29.41	5.57	61.14	-24.95	51.56
1117	2H28	2.77	2.15	3.03	16.26	14.08	-10.84
1118	2H29	50.71	53.08	6.00	77.92	-1.24	78.44
1119	2H30	30.63	18.68	13.49	50.31	55.34	4.97
1120	2H31	23.67	30.71	12.99	62.26	-24.27	26.94
1121	2H32	2.58	2.19	2.21	16.44	9.79	-3.91
1122	2H33	52.81	55.35	14.98	79.24	-1.42	50.94
1123	2I1	3.97	3.98	5.18	23.62	1.89	-11.16
1124	2I2	40.30	27.20	20.21	59.16	49.86	4.43
1125	2I3	6.29	10.83	9.18	39.30	-37.12	-0.86
1126	2I4	62.24	59.11	40.50	81.35	12.51	10.07
1127	2I5	8.86	18.72	12.62	50.36	-60.38	7.46
1128	2I6	13.89	22.72	43.25	54.78	-42.97	-39.24
1129	2I7	8.25	6.05	3.92	29.55	23.99	6.10
1130	2I8	42.76	50.46	52.22	76.35	-16.78	-12.50
1131	2I9	22.91	13.05	3.93	42.84	56.06	28.92
1132	2I10	76.74	80.01	58.95	91.69	-0.82	6.86
1133	2I11	2.12	2.26	1.77	16.80	-1.35	1.01
1134	2I12	11.26	8.15	7.93	34.30	27.62	-4.89
1135	2I13	2.56	3.93	2.23	23.45	-20.80	7.99
1136	2I14	16.31	15.57	14.26	46.40	7.54	-3.82
1137	2I15	3.05	5.74	2.65	28.75	-34.75	13.55
1138	2I16	50.14	42.79	39.43	71.41	25.32	-5.67
1139	2I17	29.69	28.41	36.08	60.26	8.94	-20.33
1140	2I18	64.29	67.63	33.14	85.82	-2.06	27.98
1141	2I19	26.97	26.75	20.40	58.74	4.85	3.32
1142	2I20	32.91	34.09	29.70	65.03	0.16	-2.57
1143	2I21	36.39	43.57	29.62	71.94	-17.71	9.47
1144	2I22	41.18	47.49	54.92	74.50	-13.55	-18.60
1145	2I23	20.60	23.59	27.14	55.67	-10.02	-14.50
1146	2I24	9.69	10.51	8.87	38.74	-3.52	-0.74
1147	2I25	74.55	77.45	63.01	90.53	-0.27	0.85
1148	2I26	1.83	2.16	1.53	16.31	-6.00	2.71
1149	2I27	20.10	18.23	29.98	49.77	12.98	-29.33
1150	2I28	25.51	21.99	4.00	54.02	19.19	47.80
1151	2I29	41.02	32.01	33.49	63.35	34.02	-11.28
1152	2I30	1.97	2.23	1.97	16.66	-4.05	-1.28
1153	2I31	18.17	17.19	19.28	48.50	8.66	-12.00
1154	2I32	26.45	22.67	8.82	54.73	19.99	27.01
1155	2I33	38.86	30.68	21.58	62.24	32.09	6.99
1156	2J1	73.24	77.00	42.61	90.32	-2.07	22.84
1157	2J2	23.30	13.00	7.04	42.76	58.17	13.26
1158	2J3	39.79	47.98	38.06	74.81	-19.18	2.02
1159	2J4	8.86	6.19	6.94	29.89	27.83	-8.53
1160	2J5	11.85	21.15	31.27	53.11	-49.32	-25.59
1161	2J6	3.86	6.45	7.86	30.51	-29.43	-11.15
1162	2J7	15.34	15.01	8.62	45.65	5.20	12.09
1163	2J8	3.10	4.23	5.74	24.41	-15.19	-12.61
1164	2J9	10.87	8.10	5.09	34.19	25.19	7.50
1165	2J10	2.44	2.28	3.50	16.91	4.91	-13.01
1166	2J11	69.25	73.21	24.96	88.55	-2.88	45.99
1167	2J12	24.08	13.22	10.71	43.10	60.11	0.61
1168	2J13	37.06	45.52	22.29	73.23	-21.07	24.55
1169	2J14	9.63	6.45	10.51	30.53	31.45	-20.42
1170	2J15	9.67	19.34	18.56	51.08	-56.86	-5.99
1171	2J16	49.94	39.23	36.88	68.92	35.52	-6.52
1172	2J17	55.00	46.46	42.88	73.84	27.43	-5.91
1173	2J18	70.18	74.16	28.55	89.00	-2.83	40.61
1174	2J19	71.71	75.59	35.63	89.67	-2.47	31.01
1175	2J20	27.12	28.13	24.62	60.01	-0.03	-2.61
1176	2J21	35.79	37.15	32.27	67.39	-0.10	-2.49
1177	2J22	37.26	45.09	58.62	72.95	-19.22	-25.11
1178	2J23	44.22	51.45	60.66	76.95	-15.05	-20.26
1179	2J24	73.16	75.10	61.93	89.44	1.56	0.02
1180	2J25	37.14	44.68	30.00	72.68	-18.43	10.14
1181	2J26	51.38	47.30	46.91	74.38	15.79	-9.87
1182	2J27	15.63	15.50	3.94	46.31	4.03	34.89
1183	2J28	25.44	27.40	41.51	59.34	-4.04	-29.18
1184	2J29	35.11	27.85	3.98	59.75	30.55	57.81
1185	2J30	48.17	45.06	29.68	72.93	13.43	11.08
1186	2J31	16.24	15.99	8.32	46.96	4.73	15.45
1187	2J32	23.17	25.99	26.55	58.03	-8.23	-9.42
1188	2J33	36.54	29.17	9.20	60.93	30.24	36.38
1189	2K1	8.14	14.82	15.60	45.39	-45.23	-8.96
1190	2K2	11.85	10.68	15.49	39.04	11.35	-19.63
1191	2K3	30.70	34.34	18.77	65.23	-8.72	17.96
1192	2K4	29.63	21.37	17.10	53.35	38.49	1.21
1193	2K5	58.33	56.03	20.91	79.63	10.67	38.30
1194	2K6	3.78	2.92	3.51	19.73	15.82	-8.23
1195	2K7	8.68	6.89	4.97	31.56	19.13	3.62
1196	2K8	5.45	6.32	6.29	30.20	-7.27	-5.15
1197	2K9	12.42	12.92	8.29	42.64	-0.23	8.10
1198	2K10	6.71	9.16	8.68	36.29	-19.77	-4.25
1199	2K11	9.87	16.12	25.81	47.13	-38.22	-26.94
1200	2K12	11.03	10.37	9.82	38.50	7.84	-4.41
1201	2K13	33.30	36.42	30.71	66.84	-6.27	-1.05
1202	2K14	28.67	20.91	10.82	52.85	36.97	17.08
1203	2K15	61.70	59.05	34.84	81.32	11.39	17.74
1204	2K16	68.74	72.75	22.41	88.33	-3.03	50.35
1205	2K17	73.39	77.13	42.80	90.38	-2.02	22.70
1206	2K18	19.92	20.66	18.19	52.57	0.04	-2.61
1207	2K19	44.42	46.10	39.80	73.61	-0.08	-2.37
1208	2K20	31.44	39.64	56.67	69.21	-23.14	-29.56
1209	2K21	51.74	58.27	62.85	80.89	-11.32	-15.62
1210	2K22	45.85	33.60	31.97	64.64	42.67	-6.79
1211	2K23	60.41	54.22	48.99	78.59	20.12	-5.03
1212	2K24	68.71	73.19	34.63	88.54	-4.01	30.49
1213	2K25	69.82	72.69	33.95	88.30	-0.58	31.06
1214	2K26	2.16	3.55	1.96	22.14	-23.47	8.28
1215	2K27	12.34	7.92	7.06	33.81	37.24	-2.26
1216	2K28	36.47	41.29	5.76	70.38	-10.73	66.56
1217	2K29	27.40	15.07	7.23	45.73	62.66	17.58
1218	2K30	2.25	3.60	2.80	22.29	-22.09	1.23
1219	2K31	12.57	7.97	9.33	33.93	38.29	-10.64
1220	2K32	38.49	43.39	14.31	71.82	-10.37	39.88
1221	2K33	28.01	15.26	9.61	45.99	63.94	9.21
1222	2L1	51.23	43.44	27.11	71.85	26.31	13.45
1223	2L2	36.30	33.33	15.81	64.43	14.36	23.35
1224	2L3	27.98	27.50	24.76	59.43	5.89	-3.85
1225	2L4	14.41	17.42	14.08	48.79	-13.95	0.77
1226	2L5	8.28	12.19	21.22	41.51	-27.29	-28.05
1227	2L6	10.68	12.74	9.23	42.37	-11.44	4.27
1228	2L7	9.69	10.72	7.92	39.10	-5.07	3.43
1229	2L8	8.81	8.97	6.88	35.92	1.44	2.13
1230	2L9	7.04	5.96	4.92	29.31	13.68	-0.04
1231	2L10	5.69	3.84	3.50	23.13	26.03	-2.27
1232	2L11	49.36	42.20	16.69	71.01	24.94	32.61
1233	2L12	38.57	35.14	26.22	65.86	15.56	4.65
1234	2L13	26.67	26.59	15.26	58.59	4.26	14.64
1235	2L14	15.92	18.38	23.00	49.95	-9.94	-16.96
1236	2L15	6.85	11.20	13.20	39.92	-33.92	-12.18
1237	2L16	67.68	71.63	17.30	87.79	-3.01	60.12
1238	2L17	74.06	77.74	46.61	90.66	-1.84	18.55
1239	2L18	14.33	14.84	13.13	45.41	0.13	-2.50
1240	2L19	49.35	51.20	44.08	76.80	-0.04	-2.30
1241	2L20	26.31	34.64	54.94	65.47	-26.84	-34.19
1242	2L21	55.43	61.62	63.62	82.71	-9.72	-13.22
1243	2L22	42.04	28.49	27.19	60.33	50.13	-6.55
1244	2L23	62.90	57.86	51.78	80.66	17.00	-4.59
1245	2L24	71.95	75.44	62.79	89.60	-1.65	-0.54
1246	2L25	41.38	48.45	55.77	75.11	-15.56	-18.45
1247	2L26	36.76	21.47	20.47	53.46	63.17	-5.92
1248	2L27	3.33	4.61	1.91	25.59	-16.46	14.66
1249	2L28	20.20	13.17	19.84	43.02	42.54	-22.61
1250	2L29	59.88	60.32	6.16	82.01	4.14	84.76
1251	2L30	35.79	21.34	13.82	53.32	60.56	9.27
1252	2L31	3.43	4.68	2.89	25.81	-15.80	6.67
1253	2L32	19.02	12.73	13.30	42.36	39.51	-8.23
1254	2L33	61.90	62.48	15.59	83.17	3.88	56.20
1255	2M1	5.21	6.63	9.33	30.96	-13.35	-15.77
1256	2M2	18.58	23.97	28.20	56.06	-21.83	-15.60
1257	2M3	20.19	15.87	10.42	46.81	26.16	7.94
1258	2M4	45.30	46.02	32.56	73.56	2.67	7.70
1259	2M5	38.96	26.83	11.21	58.82	47.15	26.16
1260	2M6	7.14	4.53	3.47	25.34	31.81	1.69
1261	2M7	4.39	4.23	4.59	24.43	4.25	-6.67
1262	2M8	11.04	10.51	7.06	38.75	6.78	6.27
1263	2M9	6.04	7.65	7.50	33.25	-13.72	-5.02
1264	2M10	13.95	15.62	9.77	46.47	-6.79	9.49
1265	2M11	6.23	7.24	15.00	32.35	-7.76	-29.94
1266	2M12	16.89	22.73	16.80	54.79	-25.34	4.37
1267	2M13	21.62	16.80	16.66	48.01	27.84	-6.98
1268	2M14	43.03	44.15	19.68	72.33	1.36	28.26
1269	2M15	40.26	27.52	17.89	59.45	48.51	9.92
1270	2M16	67.17	71.09	14.97	87.53	-3.01	65.27
1271	2M17	74.82	78.40	50.25	90.96	-1.57	14.87
1272	2M18	11.95	12.36	10.93	41.79	0.22	-2.33
1273	2M19	54.55	56.59	48.48	79.95	-0.05	-2.09
1274	2M20	23.90	32.29	53.97	63.58	-28.95	-36.42
1275	2M21	59.40	65.13	64.69	84.55	-7.96	-11.07
1276	2M22	40.33	26.25	25.16	58.27	53.81	-6.58
1277	2M23	65.75	61.99	54.90	82.91	13.75	-4.08
1278	2M24	48.73	42.10	22.82	70.94	23.52	19.58
1279	2M25	54.34	45.81	41.03	73.42	27.58	-4.29
1280	2M26	10.93	12.35	4.05	41.77	-7.04	26.34
1281	2M27	44.89	42.54	45.90	71.24	11.48	-14.09
1282	2M28	3.75	3.49	1.58	21.90	6.07	11.80
1283	2M29	19.38	22.39	39.69	54.44	-10.71	-35.27
1284	2M30	11.54	12.79	8.22	42.44	-5.50	8.04
1285	2M31	41.62	40.25	29.38	69.65	8.70	5.91
1286	2M32	3.99	3.63	2.11	22.40	7.37	7.30
1287	2M33	17.03	20.95	25.46	52.90	-16.47	-16.36
1288	2N1	32.24	16.90	10.68	48.14	70.57	9.40
1289	2N2	50.88	57.77	24.00	80.61	-12.37	34.04
1290	2N3	17.09	9.93	10.64	37.71	49.37	-8.45
1291	2N4	19.77	29.48	20.03	61.20	-37.90	8.32
1292	2N5	4.90	4.29	10.72	24.60	10.20	-31.32
1293	2N6	17.58	18.64	10.13	50.26	-2.07	14.82
1294	2N7	3.38	5.14	6.64	27.13	-22.25	-12.01
1295	2N8	13.52	12.11	7.22	41.39	12.41	10.14
1296	2N9	2.72	3.04	4.49	20.22	-3.99	-13.35
1297	2N10	9.11	5.47	3.54	28.03	37.96	5.88
1298	2N11	32.11	17.18	7.10	48.48	68.63	22.85
1299	2N12	54.40	60.95	40.15	82.35	-10.77	12.25
1300	2N13	16.65	9.90	7.04	37.67	47.07	4.50
1301	2N14	22.38	31.60	34.12	63.01	-33.28	-12.79
1302	2N15	4.19	4.02	6.99	23.75	4.48	-19.33
1303	2N16	9.12	9.41	8.31	36.77	0.34	-2.06
1304	2N17	59.66	61.88	52.78	82.85	-0.02	-1.91
1305	2N18	21.68	30.06	53.17	61.71	-30.92	-38.78
1306	2N19	63.94	69.09	65.74	86.55	-6.00	-8.62
1307	2N20	38.73	24.08	23.15	56.17	57.84	-6.52
1308	2N21	69.04	66.87	58.42	85.44	10.07	-3.38
1309	2N22	66.68	70.58	12.76	87.28	-3.02	70.70
1310	2N23	76.10	79.57	55.26	91.49	-1.25	10.33
1311	2N24	35.45	36.86	31.13	67.17	-0.31	-1.13
1312	2N25	73.55	76.15	64.16	89.93	0.25	-1.29
1313	2N26	59.76	53.36	48.21	78.09	20.74	-4.99
1314	2N27	21.43	19.37	4.01	51.12	13.58	42.76
1315	2N28	3.50	3.67	5.40	22.55	-0.55	-14.12
1316	2N29	41.46	31.78	4.09	63.16	36.19	63.01
1317	2N30	56.27	50.92	30.82	76.63	18.56	15.66
1318	2N31	21.93	19.77	8.54	51.58	13.91	22.62
1319	2N32	3.24	3.65	3.56	22.49	-4.51	-3.78
1320	2N33	42.63	32.72	9.42	63.93	36.39	40.77
1321	2O1	9.34	5.36	5.16	27.75	41.07	-3.98
1322	2O2	2.27	2.88	1.95	19.54	-9.84	3.89
1323	2O3	14.12	12.27	11.61	41.64	15.09	-4.65
1324	2O4	2.76	4.76	2.41	26.03	-28.22	10.89
1325	2O5	19.31	20.01	17.53	51.85	0.06	-2.37
1326	2O6	3.77	3.96	3.96	23.54	-0.78	-4.49
1327	2O7	24.60	33.41	47.10	64.49	-29.81	-27.15
1328	2O8	16.01	9.80	3.89	37.48	44.28	19.95
1329	2O9	57.51	63.64	55.64	83.78	-9.21	-3.36
1330	2O10	31.76	17.27	3.91	48.60	66.85	39.00
1331	2O11	32.92	17.27	12.54	48.60	71.03	4.65
1332	2O12	4.85	6.50	6.78	30.63	-16.47	-6.54
1333	2O13	52.44	44.50	31.81	72.56	26.42	7.12
1334	2O14	7.33	14.13	10.77	44.42	-48.65	2.70
1335	2O15	74.84	78.40	50.19	90.96	-1.52	14.94
1336	2O16	6.84	7.04	6.19	31.89	0.51	-1.80
1337	2O17	65.13	67.55	57.35	85.78	0.01	-1.69
1338	2O18	19.41	27.84	52.28	59.74	-33.44	-41.21
1339	2O19	68.30	72.92	66.86	88.41	-4.33	-6.46
1340	2O20	37.17	21.96	21.09	53.98	62.25	-6.28
1341	2O21	71.96	71.24	61.63	87.60	6.98	-2.86
1342	2O22	66.07	69.92	10.62	86.96	-2.98	76.54
1343	2O23	76.89	80.21	59.43	91.78	-0.90	6.53
1344	2O24	71.72	74.67	64.00	89.24	-0.58	-2.33
1345	2O25	43.42	50.82	58.24	76.57	-15.77	-18.49
1346	2O26	15.57	23.25	5.54	55.33	-35.18	41.67
1347	2O27	3.69	2.58	3.04	18.26	20.75	-7.49
1348	2O28	42.91	46.58	5.84	73.92	-5.84	72.30
1349	2O29	11.44	8.50	19.12	35.01	25.85	-34.91
1350	2O30	16.85	24.51	12.40	56.59	-33.33	18.82
1351	2O31	3.57	2.67	2.27	18.67	17.16	-0.62
1352	2O32	45.12	48.90	14.27	75.39	-5.74	46.12
1353	2O33	10.34	8.18	12.82	34.35	20.53	-20.73
1354	2P1	12.36	14.19	2.69	44.51	-8.71	40.44
1355	2P2	6.77	8.00	12.38	33.98	-9.19	-20.10
1356	2P3	9.85	9.59	2.21	37.10	4.82	31.67
1357	2P4	4.98	4.46	7.51	25.15	8.81	-19.01
1358	2P5	6.95	4.63	1.80	25.66	28.47	15.96
1359	2P6	41.07	27.80	23.65	59.71	49.87	-1.35
1360	2P7	40.29	41.74	8.37	70.69	0.13	56.19
1361	2P8	22.48	17.16	22.09	48.46	29.88	-17.77
1362	2P9	15.18	21.33	7.65	53.31	-28.78	28.99
1363	2P10	7.22	7.78	20.34	33.53	-2.79	-40.01
1364	2P11	49.26	56.24	15.75	79.75	-13.00	49.91
1365	2P12	19.54	24.66	32.94	56.74	-19.83	-21.86
1366	2P13	35.29	32.65	10.81	63.88	13.36	36.14
1367	2P14	12.38	11.03	18.14	39.63	12.46	-24.81
1368	2P15	22.96	12.99	5.28	42.75	56.69	21.27
1369	2P16	5.16	5.30	4.60	27.56	0.71	-1.31
1370	2P17	69.72	72.29	61.20	88.11	0.03	-1.56
1371	2P18	17.47	25.90	51.60	57.94	-35.76	-43.56
1372	2P19	71.76	75.92	67.45	89.82	-3.00	-4.57
1373	2P20	35.56	19.91	19.03	51.74	66.57	-5.86
1374	2P21	74.23	74.70	63.95	89.25	4.60	-2.26
1375	2P22	65.81	69.64	9.04	86.82	-2.95	81.58
1376	2P23	77.72	80.91	63.07	92.09	-0.58	3.48
1377	2P24	64.17	67.15	59.09	85.58	-1.31	-3.81
1378	2P25	75.15	78.81	65.71	91.15	-1.71	-0.66
1379	2P26	5.39	3.39	3.10	21.55	29.36	-2.23
1380	2P27	24.22	33.45	6.06	64.52	-31.61	55.08
1381	2P28	17.36	14.03	24.34	44.27	22.54	-29.24
1382	2P29	7.93	8.57	1.95	35.15	-3.02	30.75
1383	2P30	5.10	3.40	2.26	21.57	25.69	4.50
1384	2P31	25.60	34.99	14.06	65.74	-30.95	30.05
1385	2P32	15.99	13.30	15.87	43.21	19.46	-13.38
1386	2P33	8.40	9.02	3.32	36.03	-2.62	21.19
1387	2Q1	6.14	3.89	5.30	23.29	30.31	-12.34
1388	2Q2	6.29	5.52	1.94	28.18	10.88	18.83
1389	2Q3	9.42	9.19	11.26	36.34	4.72	-12.74
1390	2Q4	8.50	9.76	2.41	37.40	-7.64	30.44
1391	2Q5	12.17	13.98	16.34	44.21	-8.72	-12.77
1392	2Q6	5.93	10.68	6.33	39.03	-39.79	9.88
1393	2Q7	17.44	19.44	31.41	51.20	-6.88	-29.10
1394	2Q8	24.53	24.90	6.84	56.98	2.27	38.60
1395	2Q9	40.38	36.53	35.65	66.92	16.66	-8.24
1396	2Q10	47.62	40.91	7.48	70.11	24.05	58.61
1397	2Q11	17.71	10.26	12.58	38.30	50.17	-13.23
1398	2Q12	19.93	15.95	7.42	46.91	24.48	18.86
1399	2Q13	28.92	28.20	29.02	60.07	6.80	-10.03
1400	2Q14	29.22	33.00	12.22	64.16	-9.66	32.39
1401	2Q15	40.40	48.45	44.18	75.11	-18.56	-5.33
1402	2Q16	15.83	24.19	50.69	56.28	-37.76	-45.41
1403	2Q17	73.80	77.61	67.88	90.60	-2.11	-3.62
1404	2Q18	34.32	18.38	17.40	49.95	70.07	-5.34
1405	2Q19	75.43	76.56	65.17	90.12	3.29	-1.92
1406	2Q20	65.48	69.30	7.68	86.65	-2.96	86.32
1407	2Q21	77.94	81.04	64.85	92.15	-0.39	1.88
1408	2Q22	3.89	3.97	3.41	23.58	0.95	-0.92
1409	2Q23	72.96	75.68	63.79	89.71	-0.03	-1.32
1410	2Q24	51.10	53.40	47.09	78.11	-1.02	-3.65
1411	2Q25	52.55	44.72	42.46	72.71	26.06	-7.33
1412	2Q26	8.18	12.43	4.56	41.89	-29.86	23.63
1413	2Q27	5.14	4.97	5.90	26.64	4.42	-9.48
1414	2Q28	28.47	27.55	4.53	59.48	7.62	54.10
1415	2Q29	15.84	20.84	42.13	52.77	-22.56	-41.30
1416	2Q30	9.06	13.08	9.16	42.89	-26.56	5.42
1417	2Q31	4.66	4.70	3.71	25.85	1.69	1.06
1418	2Q32	30.09	28.94	10.55	60.73	8.42	31.54
1419	2Q33	13.30	19.23	26.69	50.95	-30.21	-21.88
1420	2R1	5.73	8.44	2.70	34.89	-24.19	23.73
1421	2R2	13.65	13.74	14.24	43.86	2.60	-8.16
1422	2R3	4.61	5.71	2.20	28.66	-11.02	17.24
1423	2R4	9.48	7.19	8.05	32.23	22.85	-8.93
1424	2R5	3.41	2.90	1.78	19.64	10.52	5.76
1425	2R6	63.88	60.56	47.27	82.14	12.86	3.08
1426	2R7	27.32	20.18	5.13	52.04	35.14	38.08
1427	2R8	35.43	38.08	42.22	68.08	-4.27	-15.02
1428	2R9	10.12	9.94	4.98	37.73	4.24	14.17
1429	2R10	11.57	17.30	35.71	48.63	-31.96	-39.87
1430	2R11	19.01	28.84	13.75	60.64	-39.31	22.07
1431	2R12	46.36	46.94	38.38	74.15	3.13	0.45
1432	2R13	13.67	16.87	9.53	48.09	-15.55	13.10
1433	2R14	30.00	21.65	19.84	53.65	38.61	-4.29
1434	2R15	8.53	6.19	5.25	29.88	25.01	-0.75
1435	2R16	15.09	23.40	50.36	55.48	-38.67	-46.42
1436	2R17	75.79	79.28	68.23	91.36	-1.32	-2.64
1437	2R18	33.68	17.59	16.45	49.00	71.96	-4.78
1438	2R19	76.96	78.88	66.84	91.18	1.83	-1.66
1439	2R20	65.37	69.13	7.03	86.57	-2.86	88.83
1440	2R21	78.33	81.36	66.43	92.29	-0.23	0.63
1441	2R22	3.09	3.13	2.65	20.56	1.18	-0.58
1442	2R23	75.36	78.15	65.77	90.85	0.01	-1.23
1443	2R24	31.39	33.06	29.82	64.21	-1.78	-4.18
1444	2R25	42.72	49.09	58.96	75.51	-13.27	-21.04
1445	2R26	56.10	54.38	52.84	78.68	9.32	-9.16
1446	2R27	17.59	19.71	4.53	51.51	-7.39	40.36
1447	2R28	27.89	31.42	46.06	62.86	-9.23	-28.73
1448	2R29	5.63	4.58	1.58	25.49	15.19	18.04
1449	2R30	52.16	51.43	33.22	76.94	6.79	12.54
1450	2R31	18.50	20.48	9.66	52.38	-6.34	20.04
1451	2R32	25.10	29.64	29.17	61.34	-14.11	-8.08
1452	2R33	5.82	4.68	2.18	25.79	15.97	12.50
1453	2S1	2.87	2.40	5.44	17.48	10.62	-23.09
1454	2S2	10.13	7.67	1.98	33.29	23.48	27.29
1455	2S3	3.77	4.55	9.75	25.42	-8.89	-26.75
1456	2S4	13.82	13.69	2.42	43.78	3.97	41.35
1457	2S5	4.79	7.08	13.89	31.98	-23.00	-27.73
1458	2S6	8.25	18.22	8.38	49.76	-63.15	20.06
1459	2S7	10.13	6.58	14.07	30.84	34.02	-30.16
1460	2S8	34.17	42.82	9.58	71.43	-23.01	53.15
1461	2S9	24.74	13.42	14.29	43.39	61.72	-9.10
1462	2S10	66.12	70.03	10.57	87.01	-3.10	76.76
1463	2S11	5.35	4.47	12.43	25.18	13.21	-35.43
1464	2S12	38.23	26.31	7.76	58.33	46.92	37.19
1465	2S13	8.87	12.49	24.79	41.99	-24.21	-33.98
1466	2S14	56.70	54.44	13.87	78.72	10.62	52.92
1467	2S15	12.65	21.68	36.80	53.69	-46.29	-32.66
1468	2S16	14.96	23.28	50.36	55.36	-38.93	-46.63
1469	2S17	76.97	80.21	68.38	91.78	-0.75	-2.05
1470	2S18	33.38	17.28	16.01	48.61	72.60	-4.40
1471	2S19	77.66	79.92	67.65	91.65	1.20	-1.60
1472	2S20	65.27	68.97	6.79	86.49	-2.74	89.72
1473	2S21	78.42	81.42	67.03	92.32	-0.18	0.13
1474	2S22	2.80	2.83	2.39	19.36	1.27	-0.42
1475	2S23	76.79	79.63	66.87	91.52	0.02	-1.10
1476	2S24	17.72	18.99	16.76	50.68	-3.16	-2.62
1477	2S25	73.86	76.32	66.30	90.01	0.56	-3.18
1478	2S26	11.73	21.59	6.01	53.59	-52.23	36.46
1479	2S27	27.08	19.86	25.65	51.68	35.70	-18.80
1480	2S28	39.90	47.52	6.33	74.52	-17.59	71.09
1481	2S29	9.81	9.24	23.03	36.45	7.35	-40.29
1482	2S30	13.03	22.91	13.09	54.98	-49.35	14.10
1483	2S31	25.49	19.10	16.78	50.80	32.96	-2.46
1484	2S32	41.96	49.72	15.29	75.90	-17.23	44.41
1485	2S33	8.65	8.75	15.22	35.50	1.87	-25.06
1486	2T1	17.73	26.28	51.90	58.30	-35.94	-43.27
1487	2T2	4.62	5.17	4.34	27.21	-4.59	-0.46
1488	2T3	66.72	69.19	58.67	86.60	0.01	-1.63
1489	2T4	72.31	76.13	39.41	89.92	-2.28	26.27
1490	2T5	28.56	36.95	55.86	67.24	-25.49	-32.11
1491	2T6	37.74	46.30	30.53	73.74	-21.05	11.13
1492	2T7	26.37	27.24	22.83	59.20	0.41	-0.69
1493	2T8	40.64	42.17	36.49	70.99	-0.07	-2.40
1494	2T9	60.50	54.41	49.24	78.70	19.87	-5.12
1495	2T10	64.78	60.65	53.94	82.19	14.69	-4.30
1496	2T11	29.96	28.45	38.05	60.29	9.84	-22.99
1497	2T12	48.65	55.56	61.99	79.36	-12.97	-17.42
1498	2T13	3.94	4.53	3.76	25.34	-5.96	-0.16
1499	2T14	48.57	50.28	43.64	76.24	0.24	-2.72
1500	2T15	50.07	42.54	22.02	71.24	25.86	21.64
1501	2T16	38.17	23.43	22.51	55.51	58.91	-6.43
1502	2T17	47.27	49.05	42.25	75.48	-0.06	-2.30
1503	2T18	68.12	72.15	19.60	88.04	-3.13	55.51
1504	2T19	77.06	80.35	60.26	91.84	-0.82	5.81
1505	2T20	26.58	34.99	55.24	65.74	-26.91	-34.05
1506	2T21	12.13	12.59	10.10	42.14	-0.09	0.93
1507	2T22	31.44	39.57	56.91	69.16	-22.91	-29.90
1508	2T23	49.54	56.66	41.44	79.99	-13.29	6.51
1509	2T24	26.89	27.90	24.41	59.80	-0.05	-2.58
1510	2T25	53.97	45.10	41.86	72.96	28.62	-6.14
1511	2T26	22.62	23.46	20.56	55.54	0.02	-2.53
1512	2T27	73.09	76.89	42.52	90.27	-2.17	22.87
1513	2T28	30.81	39.92	24.11	69.41	-26.30	14.53
1514	2T29	34.62	35.57	30.31	66.19	1.10	-1.54
1515	2T30	40.59	48.07	59.48	74.87	-16.94	-22.67
1516	2T31	61.30	55.71	50.11	79.45	18.50	-4.82
1517	2T32	23.72	21.98	33.12	54.01	11.54	-26.84
1518	2T33	6.82	7.35	5.98	32.59	-2.65	0.36
1519	2U1	5.17	5.30	4.61	27.57	0.70	-1.34
1520	2U2	21.64	31.42	16.14	62.86	-36.05	19.85
1521	2U3	15.55	13.54	25.73	43.57	15.42	-32.93
1522	2U4	70.59	74.59	31.47	89.20	-2.80	36.32
1523	2U5	43.51	50.95	60.64	76.65	-15.84	-20.76
1524	2U6	16.97	17.60	14.40	49.01	-0.03	0.31
1525	2U7	5.71	6.24	5.11	30.01	-3.41	0.17
1526	2U8	52.44	42.87	40.05	71.47	31.12	-6.38
1527	2U9	67.62	71.69	17.18	87.82	-3.28	60.44
1528	2U10	10.43	8.57	20.73	35.15	17.79	-38.02
1529	2U11	11.91	12.32	10.87	41.72	0.22	-2.26
1530	2U12	32.47	33.42	28.36	64.50	0.89	-1.31
1531	2U13	10.13	10.50	8.23	38.72	0.08	1.58
1532	2U14	51.64	58.20	62.67	80.85	-11.40	-15.51
1533	2U15	40.15	25.98	24.97	58.02	54.31	-6.67
1534	2U16	45.54	33.26	31.77	64.37	42.97	-6.95
1535	2U17	71.35	75.27	34.52	89.52	-2.57	32.34
1536	2U18	66.70	70.66	12.74	87.32	-3.13	70.82
1537	2U19	14.64	24.63	10.30	56.71	-46.64	25.39
1538	2U20	45.58	36.41	16.14	66.83	32.47	26.70
1539	2U21	55.73	57.66	49.34	80.55	0.34	-2.05
1540	2U22	22.53	23.31	19.56	55.39	0.24	-0.71
1541	2U23	46.63	53.64	61.43	78.25	-13.77	-18.78
1542	2U24	42.02	28.52	27.39	60.36	49.94	-6.84
1543	2U25	17.03	17.65	15.59	49.07	0.07	-2.58
1544	2U26	69.78	73.85	27.74	88.85	-3.03	41.69
1545	2U27	39.82	28.48	9.49	60.32	43.37	34.30
1546	2U28	53.63	59.95	63.18	81.81	-10.40	-14.35
1547	2U29	36.99	44.86	58.39	72.80	-19.46	-25.14
1548	2U30	8.27	8.81	7.03	35.62	-1.97	0.97
1549	2U31	14.61	15.14	13.40	45.82	0.12	-2.53
1550	2U32	35.65	20.08	19.21	51.93	66.06	-5.93
1551	2U33	59.66	61.88	52.77	82.85	-0.02	-1.90
1552	2V1	75.98	79.46	55.10	91.44	-1.27	10.41
1553	2V2	56.08	48.09	44.27	74.88	25.64	-5.84
1554	2V3	57.66	52.81	33.28	77.76	17.11	13.87
1555	2V4	38.08	39.53	34.31	69.13	-0.09	-2.52
1556	2V5	65.80	69.68	8.93	86.84	-3.08	81.99
1557	2V6	64.91	67.75	58.84	85.88	-0.92	-3.04
1558	2V7	14.15	14.70	12.07	45.22	-0.12	0.16
1559	2V8	69.31	73.78	66.91	88.82	-3.91	-5.80
1560	2V9	68.87	66.62	58.45	85.31	10.27	-3.63
1561	2V10	49.95	39.37	37.18	69.02	35.10	-6.76
1562	2V11	35.41	22.44	5.34	54.49	54.22	41.23
1563	2V12	58.31	64.10	64.66	84.02	-8.29	-11.96
1564	2V13	38.45	39.51	33.81	69.12	1.12	-1.81
1565	2V14	44.28	45.95	39.70	73.51	-0.06	-2.40
1566	2V15	30.95	32.12	28.08	63.44	-0.06	-2.68
1567	2V16	28.70	29.52	24.94	61.24	0.90	-1.07
1568	2V17	53.16	55.15	47.25	79.13	-0.06	-2.08
1569	2V18	34.54	35.84	31.21	66.40	-0.07	-2.58
1570	2V19	74.60	78.18	49.60	90.86	-1.59	15.44
1571	2V20	41.93	41.13	46.67	70.27	6.95	-16.67
1572	2V21	22.05	30.55	53.54	62.13	-30.99	-38.46
1573	2V22	58.16	51.07	46.63	76.72	22.81	-5.51
1574	2V23	67.04	71.01	14.77	87.49	-3.13	65.71
1575	2V24	43.80	30.92	29.64	62.44	46.26	-6.94
1576	2V25	73.63	77.34	45.07	90.48	-1.94	20.08
1577	2V26	63.55	68.77	65.59	86.39	-6.21	-8.75
1578	2V27	41.41	42.58	36.27	71.27	1.06	-1.62
1579	2V28	72.54	72.21	62.20	88.07	6.18	-2.61
1580	2V29	68.69	72.75	22.35	88.33	-3.15	50.46
1581	2V30	19.29	20.14	17.01	52.00	-0.66	-0.91
1582	2V31	9.68	10.00	8.84	37.85	0.31	-2.14
1583	2V32	24.19	32.57	54.11	63.81	-28.68	-36.17
1584	2V33	72.07	75.96	37.58	89.84	-2.44	28.59
END_DATA
 
