ISO28178
ORIGINATOR	"X-Rite, Inc."
FILE_DESCRIPTOR	"Japan Color 2011 for Sheet-fed Offset based on ISO 12647-2"
CREATED	"2011/03/05"
INSTRUMENTATION	"i1iO"
WEIGHTING_FUNCTION	"ILLUMINANT, D50"
WEIGHTING_FUNCTION	"OBSERVER, 2 degree"
NUMBER_OF_FIELDS	9
BEGIN_DATA_FORMAT							
SAMPLE_NO	SAMPLE_ID	CMYK_C	CMYK_M	CMYK_Y	CMYK_K	LAB_L	LAB_A	LAB_B
END_DATA_FORMAT							
NUMBER_OF_SETS	1617							
BEGIN_DATA								
1	722	100	10	100	0	44.994483	-64.766541	19.915105
2	1410	0	100	100	70	25.042517	36.335729	21.928821
3	873	100	100	40	20	19.257041	8.573024	-28.180500
4	427	20	30	55	0	71.268482	5.088915	26.356588
5	579	10	20	85	0	77.435190	1.864988	61.616203
6	1453	40	0	3	3	76.648452	-13.454154	-17.703825
7	938	70	70	100	20	33.887766	1.790451	18.858329
8	672	20	55	100	0	59.468902	21.024910	56.716632
9	1251	40	100	100	80	17.468388	20.029829	11.452791
10	366	40	55	40	0	55.181493	14.804029	0.514671
11	224	70	85	20	0	35.192137	23.478269	-26.156269
12	508	20	30	70	0	70.721019	4.192273	38.629727
13	875	0	10	70	20	75.250603	0.328436	48.803360
14	968	100	40	0	40	32.363689	-14.575698	-38.619217
15	61	70	70	0	0	41.509473	15.640631	-35.788900
16	165	0	20	20	0	84.099029	10.560522	10.959293
17	1164	70	70	70	60	24.498564	3.542854	1.481855
18	130	55	30	10	0	60.835797	-4.821304	-23.141230
19	1067	100	20	100	40	33.101274	-44.846482	13.412178
20	649	0	0	100	0	89.149656	-6.336570	93.780981
21	782	20	70	10	20	48.710738	33.427484	-8.652628
22	778	20	0	10	20	75.061683	-7.172845	-2.988387
23	1206	70	70	0	80	19.164657	8.922450	-16.098602
24	888	20	20	70	20	65.390257	-2.017244	36.021701
25	141	70	55	10	0	46.554517	4.043843	-30.572572
26	923	20	10	100	20	67.463788	-8.443888	66.565026
27	555	85	55	70	0	39.811184	-17.487074	-2.111044
28	691	40	70	100	0	47.628688	21.575714	38.854563
29	553	85	30	70	0	47.370158	-33.051067	2.670932
30	612	40	100	85	0	36.182353	48.902254	18.208238
31	1100	0	100	20	60	27.688274	46.291811	1.577118
32	1523	10	20	20	10	75.210162	5.796514	5.249668
33	1030	20	100	70	40	31.225077	45.762209	13.829592
34	961	70	0	0	40	49.823387	-18.098251	-27.078022
35	1594	70	10	40	10	56.718597	-25.823618	-8.063859
36	85	0	30	10	0	80.180155	17.761445	2.336468
37	1411	40	40	0	70	33.005262	6.357135	-12.948162
38	509	20	40	70	0	66.580834	11.043531	35.496401
39	738	10	20	0	20	71.291474	7.568427	-8.088900
40	1492	0	10	10	10	83.217292	5.100061	4.635792
41	1010	40	100	40	40	27.647521	40.450399	-3.837597
42	503	10	85	70	0	50.729253	51.184600	27.692184
43	321	100	55	30	0	36.468020	-20.168581	-34.403802
44	188	20	85	20	0	48.707406	49.677170	-4.693781
45	1319	0	25	0	0	82.927652	15.796060	-4.636390
46	1022	0	20	70	40	61.186523	4.350618	38.664804
47	114	30	55	10	0	59.184495	22.862954	-12.958309
48	1152	20	20	70	60	45.358997	-1.744683	24.767799
49	636	85	55	85	0	39.305132	-20.095234	8.155631
50	1083	40	40	0	60	38.259276	6.747711	-14.629894
51	791	70	10	10	20	54.620761	-18.511544	-25.674695
52	500	10	40	70	0	69.744106	15.748584	40.477196
53	310	85	30	30	0	49.386952	-23.821482	-25.262139
54	944	100	70	100	20	26.831426	-25.206423	4.820834
55	1002	20	20	40	40	57.112676	-0.016046	11.334813
56	1557	20	70	10	10	51.984908	35.722248	-8.989877
57	577	10	0	85	0	85.673019	-10.685351	69.990329
58	389	85	10	40	0	54.469600	-36.270182	-16.897239
59	977	20	20	20	40	57.715651	1.731321	0.276801
60	998	0	40	40	40	55.775011	15.823171	15.229528
61	790	70	0	10	20	57.433864	-23.307743	-25.181052
62	331	0	70	40	0	60.567591	45.411901	16.109499
63	1114	70	70	20	60	24.863325	8.875720	-16.899092
64	542	70	10	70	0	58.759948	-32.851731	15.650506
65	1139	70	70	40	60	24.544165	6.711697	-10.418072
66	171	0	100	20	0	46.749638	74.189551	4.955472
67	1550	20	20	70	10	69.799824	-1.971922	38.674485
68	418	10	30	55	0	74.620216	9.504769	31.252529
69	681	30	55	100	0	56.476419	15.993264	51.347565
70	1210	100	70	0	80	16.101845	0.191499	-21.941998
71	1172	0	20	100	60	48.726416	2.424108	50.956436
72	236	100	10	20	0	49.305543	-39.658775	-38.986048
73	1249	40	40	100	80	26.687231	-0.390003	21.870196
74	741	10	100	0	20	38.274237	62.816708	-8.326284
75	1526	10	40	0	10	67.958201	19.875317	-9.995372
76	1549	20	20	40	10	71.053770	0.220262	14.732332
77	1589	70	0	40	10	59.913734	-30.869796	-6.551299
78	885	10	100	70	20	38.603249	57.714109	20.360638
79	1177	20	20	100	60	44.348688	-2.773512	43.047376
80	4	0	30	0	0	80.677123	18.907174	-5.128734
81	804	0	20	20	20	73.742037	8.920512	9.011101
82	1541	20	10	0	10	76.748947	-0.457188	-11.732980
83	395	85	85	40	0	30.896676	9.570420	-23.522239
84	1428	7	7	7	0	87.585413	1.379328	-0.343929
85	599	30	40	85	0	62.824527	5.606134	43.654219
86	1062	70	20	100	40	42.081601	-23.499795	30.160722
87	15	10	55	0	0	65.384662	32.334467	-11.171048
88	1272	40	0	40	100	16.266694	-3.888798	3.466685
89	1076	20	0	0	60	52.425267	-3.947871	-6.924621
90	233	85	85	20	0	31.299204	13.466538	-32.845739
91	840	0	20	40	20	72.828714	7.415308	22.209015
92	529	40	70	70	0	48.360715	23.224530	17.433092
93	1383	60	45	45	40	39.584402	-2.608222	-3.817392
94	734	0	70	0	20	54.032351	41.877430	-6.486478
95	814	20	0	20	20	74.607315	-8.396306	3.643922
96	1484	40	3	40	40	56.430925	-13.204931	6.567377
97	1577	40	40	10	10	58.580898	7.649205	-15.534975
98	725	100	40	100	0	37.884938	-48.971639	13.018677
99	662	10	40	100	0	68.847500	14.674443	69.032445
100	967	100	20	0	40	36.430135	-21.838060	-39.249027
101	971	0	0	20	40	69.417354	-1.714185	10.174286
102	1452	40	40	0	3	61.702017	9.472643	-22.549555
103	12	10	20	0	0	81.384401	8.815084	-8.910716
104	1354	0	0	0	70	49.460284	0.220578	-1.157287
105	287	40	85	30	0	43.223332	39.252333	-8.276132
106	1185	40	100	100	60	22.739902	28.655336	15.095953
107	886	20	0	70	20	72.237222	-12.671834	41.759404
108	1608	70	70	20	10	38.444162	11.496584	-24.172864
109	1329	0	0	95	0	89.351060	-6.286617	88.939155
110	1528	10	40	20	10	67.093146	17.896097	2.474720
111	1278	0	0	100	100	17.690253	-1.598617	13.628135
112	1508	0	70	20	10	57.099095	43.487728	4.048996
113	239	100	40	20	0	41.375160	-25.476752	-39.315447
114	1095	100	100	0	60	14.919975	12.909824	-29.189574
115	275	30	40	30	0	64.977981	9.953442	0.664758
116	767	0	10	10	20	77.920479	4.648166	4.106084
117	1231	0	100	70	80	21.401843	31.831678	12.419227
118	465	70	55	55	0	45.199685	-3.979069	-3.847164
119	354	30	20	40	0	72.371500	-3.697615	11.264399
120	1033	40	40	70	40	45.380011	0.829931	18.970405
121	1068	100	40	100	40	29.421209	-36.543401	9.988549
122	109	30	0	10	0	81.896538	-11.470145	-7.869729
123	1283	40	100	100	100	11.495660	6.704580	6.631891
124	66	85	20	0	0	53.788322	-20.035179	-43.790481
125	945	100	100	100	20	18.817452	-3.278584	-3.209374
126	1521	10	20	0	10	76.173336	8.149099	-8.486544
127	1403	20	12	12	100	15.715284	1.090829	1.668087
128	277	30	70	30	0	52.367992	31.813546	-2.773526
129	1325	0	3	0	0	92.834486	2.527054	-1.912061
130	655	0	70	100	0	59.468900	43.085503	60.358002
131	1507	0	70	10	10	57.325948	44.197786	-1.136462
132	1126	20	0	40	60	50.856263	-7.314908	11.770982
133	238	100	30	20	0	44.179690	-30.663190	-39.243565
134	868	100	0	40	20	44.868725	-46.209512	-22.100326
135	227	85	10	20	0	55.465310	-30.881191	-30.566267
136	350	20	85	40	0	48.449651	48.159852	5.629948
137	74	100	10	0	0	50.607301	-31.466606	-51.736440
138	311	85	40	30	0	46.212128	-18.220471	-25.903580
139	1575	40	20	70	10	63.061460	-10.331589	28.643087
140	63	70	100	0	0	28.975328	41.040874	-34.809712
141	1473	3	0	3	40	69.385988	-1.035404	-0.564502
142	638	85	85	85	0	29.924651	1.672305	0.301294
143	125	40	85	10	0	43.593464	41.319966	-17.608817
144	1151	20	0	70	60	49.900686	-9.218028	28.728846
145	267	20	55	30	0	61.446322	25.192143	2.872207
146	1348	0	0	0	98	19.532901	1.441959	2.163803
147	700	55	70	100	0	42.949292	11.695674	30.251472
148	1051	20	0	100	40	60.668398	-12.377807	60.236629
149	684	30	100	100	0	38.796236	53.812422	30.402822
150	1601	70	40	0	10	49.156990	-2.535504	-34.415054
151	70	85	70	0	0	37.321790	7.431462	-42.153901
152	420	10	55	55	0	63.578393	27.881341	24.600186
153	906	100	20	70	20	39.132860	-46.272162	-4.773689
154	319	100	30	30	0	43.672538	-34.012446	-33.542834
155	1198	0	70	0	80	27.221700	22.461437	-2.956484
156	180	10	100	20	0	43.977370	69.320433	0.068703
157	242	100	85	20	0	27.588984	1.649564	-39.656689
158	108	20	100	10	0	41.466739	65.601172	-8.460340
159	1135	40	100	40	60	22.605056	33.020078	-3.016965
160	1301	15	0	0	0	88.237442	-4.882326	-9.051635
161	53	55	85	0	0	39.403520	34.490055	-29.415006
162	194	30	40	20	0	65.377242	11.056471	-5.686194
163	809	10	10	20	20	74.091746	0.167609	6.185483
164	1584	40	70	40	10	46.184581	24.115801	-1.503421
165	850	20	0	40	20	73.690936	-10.413664	17.650686
166	794	70	70	10	20	36.370141	12.632889	-27.285398
167	1485	3	40	40	40	55.008205	14.785675	14.145477
168	391	85	30	40	0	48.847206	-26.352659	-18.745137
169	877	0	40	70	20	64.316191	17.383142	39.770550
170	1558	20	70	20	10	51.829867	34.858552	-4.021224
171	1555	20	40	70	10	62.436932	10.037363	32.968005
172	164	0	10	20	0	88.465691	4.490888	12.845318
173	1082	40	20	0	60	43.008067	-0.741581	-13.767569
174	1310	0	90	0	0	51.779101	65.968015	-5.417160
175	673	20	70	100	0	53.453414	32.501619	49.783092
176	228	85	20	20	0	52.706502	-26.144229	-30.928726
177	744	20	20	0	20	68.353743	4.502563	-11.895461
178	434	30	10	55	0	75.482598	-10.941654	26.411158
179	1293	75	0	0	0	63.977800	-25.213517	-38.832769
180	1215	0	100	40	80	21.088897	33.709766	5.858565
181	126	40	100	10	0	36.504707	55.722445	-17.737349
182	562	100	30	70	0	41.705584	-47.288682	-6.519242
183	450	40	100	55	0	36.265341	51.559424	3.087866
184	1013	70	40	40	40	38.532394	-8.328051	-9.592165
185	1105	20	100	20	60	25.046168	40.550828	-3.538551
186	1572	40	20	10	10	65.810447	-3.427809	-14.114673
187	458	55	85	55	0	38.401902	27.258751	-2.139245
188	1450	0	40	0	3	74.281290	25.121545	-5.934912
189	891	20	100	70	20	36.415436	53.426074	16.608651
190	486	100	100	55	0	21.053640	5.868094	-25.246019
191	524	40	10	70	0	70.885062	-16.739768	33.519390
192	1266	100	0	0	100	12.351986	-7.460945	-8.692653
193	1328	0	0	98	0	89.188226	-6.327004	92.853747
194	1196	0	0	0	80	41.467871	0.341572	-0.722958
195	219	70	20	20	0	58.358453	-18.455028	-23.195778
196	1032	40	20	70	40	50.748726	-8.395877	22.964141
197	964	70	70	0	40	30.992748	13.391268	-28.029145
198	1240	100	0	70	80	23.278167	-28.002594	-1.094137
199	256	10	30	30	0	75.750559	11.467258	11.235243
200	658	10	0	100	0	84.940372	-11.108067	87.121965
201	1101	20	0	20	60	51.432989	-5.779654	2.202619
202	237	100	20	20	0	46.760888	-35.226565	-39.137085
203	1441	3	40	3	0	74.666269	24.030403	-4.887316
204	1530	10	40	70	10	65.362869	14.351919	37.582521
205	990	70	100	20	40	22.348584	28.845174	-20.692282
206	568	0	0	85	0	89.849332	-6.083507	76.592649
207	204	40	55	20	0	55.764683	17.131244	-11.596070
208	232	85	70	20	0	36.584965	2.655195	-32.348658
209	402	100	55	40	0	36.015019	-23.354872	-28.873715
210	1275	100	0	40	100	13.353194	-10.575429	-3.480885
211	413	0	85	55	0	53.764166	57.272518	23.568906
212	1561	40	0	0	10	73.440297	-12.172731	-19.606541
213	849	10	100	40	20	38.459946	59.946349	7.204656
214	603	30	100	85	0	38.893665	54.505533	22.917048
215	294	55	55	30	0	50.485740	8.040297	-13.220957
216	815	20	10	20	20	70.911049	-3.012298	2.046500
217	999	0	70	40	40	45.321724	33.452391	11.311473
218	812	10	70	20	20	50.952491	36.405238	-0.422398
219	1429	7	0	0	7	87.206140	-2.106105	-4.983133
220	647	100	85	85	0	25.749123	-14.514218	-7.228259
221	605	40	10	85	0	70.234654	-17.792236	47.947617
222	459	55	100	55	0	32.041021	42.142900	-4.386989
223	484	100	70	55	0	31.005607	-18.649113	-21.319570
224	22	20	30	0	0	73.849539	10.987073	-14.015488
225	1167	100	20	70	60	27.658232	-31.865139	-3.444232
226	304	70	70	30	0	40.651995	10.411515	-20.549690
227	1591	70	10	0	10	58.705694	-17.157851	-34.127373
228	480	100	20	55	0	44.748947	-47.757811	-15.646466
229	756	70	20	0	20	52.325848	-11.761119	-32.127489
230	39	40	20	0	0	70.850875	-1.957181	-22.238780
231	1566	40	10	0	10	69.788021	-6.774597	-20.325092
232	405	100	100	40	0	21.425579	9.394849	-32.086878
233	811	10	40	20	20	62.928226	16.572180	2.125977
234	349	20	70	40	0	54.893519	35.604193	7.298582
235	1267	100	40	0	100	11.119391	-1.602746	-8.111442
236	834	100	20	20	20	41.349729	-31.383798	-34.590002
237	291	55	20	30	0	63.193634	-13.756075	-9.395198
238	607	40	30	85	0	63.267136	-6.259376	41.722628
239	1415	3	0	3	0	92.829288	-1.187958	0.006584
240	1258	100	70	100	80	15.778315	-11.205259	3.485683
241	851	20	10	40	20	70.036848	-4.995111	15.460346
242	526	40	30	70	0	63.746813	-5.225389	28.219443
243	1404	10	6	6	100	16.261595	1.429339	2.188881
244	1416	0	3	3	0	92.604651	2.042544	1.117744
245	1145	100	100	40	60	14.785196	6.084286	-18.894669
246	1612	100	0	0	10	50.260620	-34.248706	-48.687721
247	547	70	70	70	0	39.439665	4.528509	2.845914
248	707	70	40	100	0	48.415797	-19.180510	32.612814
249	680	30	40	100	0	62.416514	5.038628	58.137872
250	396	85	100	40	0	25.069088	23.494453	-25.321123
251	1039	70	70	70	40	30.080229	4.025318	1.764454
252	433	30	0	55	0	79.557130	-17.015262	29.208111
253	124	40	70	10	0	49.916532	29.148242	-17.536366
254	1532	10	70	10	10	54.553759	39.781532	-5.216373
255	44	40	85	0	0	43.755531	42.602350	-22.395360
256	158	100	40	10	0	41.881966	-22.096157	-44.647002
257	461	70	10	55	0	59.562880	-30.537421	3.853576
258	1200	40	0	0	80	35.021520	-5.651856	-8.775102
259	1604	70	40	40	10	47.710737	-10.406216	-11.581491
260	365	40	40	40	0	61.267892	4.209568	2.875535
261	184	20	30	20	0	72.827832	8.444244	-0.100059
262	586	20	0	85	0	81.814073	-14.880507	63.949831
263	1405	100	0	0	70	28.590298	-20.988845	-28.256558
264	72	85	100	0	0	25.496533	31.473079	-41.098789
265	953	20	40	0	40	52.070415	13.186548	-11.482779
266	144	70	100	10	0	28.852372	39.279958	-30.809858
267	1533	10	70	20	10	54.383334	38.996768	-0.172805
268	598	30	30	85	0	66.825118	-1.110404	47.426011
269	1454	40	3	3	3	75.432501	-11.666455	-17.978832
270	1489	0	0	40	10	86.156318	-3.701976	29.199588
271	1516	10	10	0	10	80.120834	2.745476	-7.498006
272	685	40	0	100	0	73.320467	-24.382809	68.121774
273	441	30	100	55	0	38.900158	56.880677	7.628005
274	966	100	0	0	40	40.520287	-28.792014	-39.527576
275	699	55	55	100	0	48.149338	0.896692	36.167134
276	1514	10	0	40	10	82.328448	-7.556705	24.000279
277	1308	0	98	0	0	47.345050	74.568708	-3.933879
278	1488	0	0	20	10	87.092556	-1.931356	13.746611
279	7	0	70	0	0	61.327753	48.543676	-6.672910
280	1242	100	70	70	80	15.634925	-8.585559	-5.080654
281	1363	0	0	0	7	90.079000	0.417104	-1.478047
282	930	40	20	100	20	58.389323	-11.373535	52.488630
283	1070	100	100	100	40	16.911755	-2.951182	-2.428544
284	838	0	0	40	20	80.670458	-3.567180	26.862242
285	1131	40	0	40	60	46.867072	-11.857491	5.795606
286	375	55	55	40	0	50.281183	6.540025	-7.062022
287	627	70	55	85	0	44.071142	-7.700003	16.863661
288	859	40	40	40	20	53.977496	3.745528	2.199366
289	783	20	100	10	20	36.258008	58.096783	-8.159713
290	540	55	100	70	0	32.140078	40.657034	3.039264
291	1029	20	70	70	40	40.674666	25.176036	19.659345
292	1315	0	60	0	0	66.047854	40.757763	-6.769748
293	35	30	85	0	0	46.412550	47.404237	-18.116327
294	1098	0	40	20	60	45.460952	13.840614	4.036862
295	1027	20	20	70	40	55.946944	-1.976573	30.685187
296	1439	40	3	3	0	77.092225	-11.912488	-18.351097
297	24	20	55	0	0	62.512383	28.140417	-15.245545
298	1556	20	70	0	10	52.114104	36.692318	-14.316969
299	1509	0	70	40	10	56.672877	42.204142	14.891807
300	1610	70	70	70	10	37.333635	4.309997	2.626603
301	454	55	30	55	0	58.736663	-12.051528	8.091620
302	474	85	55	55	0	40.430024	-14.745233	-11.464321
303	880	10	0	70	20	75.548621	-9.129683	46.885099
304	571	0	30	85	0	77.148666	13.114205	63.612670
305	98	10	85	10	0	51.361010	55.271375	-5.150604
306	154	100	0	10	0	52.738957	-40.400905	-45.128906
307	844	10	0	40	20	77.059172	-7.146288	22.107695
308	548	70	85	70	0	34.269654	16.104865	-0.833245
309	440	30	85	55	0	45.499211	42.132413	9.986851
310	276	30	55	30	0	58.556802	20.742735	-1.324006
311	1144	100	70	40	60	20.428473	-8.045930	-18.404540
312	617	55	40	85	0	54.010124	-8.723617	29.188832
313	983	40	40	20	40	46.865755	5.414736	-8.319803
314	307	85	0	30	0	57.857028	-38.688038	-23.264240
315	1582	40	70	10	10	46.853139	27.276385	-16.601292
316	675	20	100	100	0	41.362442	59.183415	35.505525
317	855	20	100	40	20	36.328920	55.823438	3.406866
318	810	10	20	20	20	70.485407	5.325770	4.702263
319	288	40	100	30	0	36.362283	53.945278	-9.134770
320	1324	0	5	0	0	91.901413	3.762373	-2.207291
321	972	0	20	20	40	62.957268	7.410563	7.310444
322	1469	3	3	0	40	68.454187	0.804438	-3.074023
323	745	20	40	0	20	61.041526	15.193119	-13.106572
324	1153	20	40	70	60	40.564284	6.224901	21.030997
325	705	70	20	100	0	54.512425	-30.882832	39.341393
326	397	100	0	40	0	50.777585	-51.884948	-25.016606
327	950	0	100	0	40	34.499211	57.961217	-4.246667
328	1059	40	70	100	40	36.272675	16.186648	28.783488
329	1276	100	40	40	100	11.409473	-4.225785	-3.118840
330	985	40	100	20	40	27.587815	42.420262	-10.553219
331	818	20	70	20	20	48.543821	32.671333	-4.009214
332	994	100	70	20	40	25.104398	-6.169108	-30.240908
333	989	70	70	20	40	31.100288	9.941065	-19.994035
334	910	0	0	100	20	78.001853	-6.162818	82.066472
335	1238	70	70	70	80	18.789619	2.725692	1.602798
336	1309	0	95	0	0	48.852538	71.630259	-4.485337
337	584	10	85	85	0	50.539496	50.609282	37.272215
338	254	10	10	30	0	84.046117	-0.678350	15.154667
339	289	55	0	30	0	70.154003	-24.764265	-6.789050
340	1085	40	100	0	60	22.276255	36.419598	-13.670572
341	209	55	10	20	0	67.035313	-17.378345	-15.222145
342	1125	0	100	40	60	27.975236	45.097362	6.780574
343	383	70	40	40	0	51.027243	-11.279093	-12.076498
344	206	40	85	20	0	43.433727	40.222611	-13.034511
345	697	55	30	100	0	56.868883	-16.035618	45.599527
346	358	30	70	40	0	52.117312	30.905957	3.065375
347	1468	0	3	0	40	69.393440	1.647663	-1.944347
348	1392	10	6	6	60	52.427502	-0.198566	-1.997249
349	1163	70	40	70	60	30.502955	-9.389483	4.979425
350	1201	40	40	0	80	27.644078	5.919311	-10.853224
351	177	10	55	20	0	64.661808	30.488905	1.156924
352	421	10	70	55	0	57.301490	39.330580	21.523977
353	777	10	100	10	20	38.403721	62.077903	-4.390551
354	597	30	20	85	0	70.503139	-7.085505	50.781481
355	1559	20	70	40	10	51.365491	33.286469	6.551179
356	843	0	100	40	20	40.787529	64.292315	11.353685
357	1073	0	40	0	60	45.811463	15.329961	-4.012532
358	1463	40	3	40	3	73.469879	-17.305794	9.184391
359	780	20	20	10	20	67.877481	3.196708	-5.397846
360	230	85	40	20	0	46.641313	-15.764100	-31.656317
361	89	0	85	10	0	54.172375	60.308533	-0.668091
362	115	30	70	10	0	52.739767	33.923588	-13.326515
363	455	55	40	55	0	55.233075	-5.781838	5.992686
364	610	40	70	85	0	48.020081	22.407349	27.943002
365	285	40	55	30	0	55.488022	15.975682	-5.820365
366	156	100	20	10	0	47.285842	-31.477518	-45.053711
367	629	70	85	85	0	33.968251	14.605795	7.763866
368	1247	0	100	100	80	21.460563	30.052136	18.058680
369	1136	70	0	40	60	39.468913	-20.211180	-4.592776
370	506	20	10	70	0	78.422145	-7.838265	44.850203
371	1343	0	0	7	0	93.899542	-0.465761	4.610520
372	872	100	70	40	20	28.286683	-12.403292	-26.354179
373	1390	40	27	27	60	40.563510	-0.989268	-3.235648
374	328	0	30	40	0	78.883988	15.280281	23.815419
375	1154	20	70	70	60	32.848255	20.672998	15.738299
376	652	0	30	100	0	76.704057	12.809823	79.832388
377	17	10	85	0	0	51.521211	56.195293	-10.140426
378	1223	70	100	40	80	14.635516	16.086498	-6.863511
379	2	0	10	0	0	89.526049	6.914883	-2.923241
380	475	85	70	55	0	35.610245	-4.772932	-13.388184
381	26	20	85	0	0	48.927784	51.804442	-14.093505
382	142	70	70	10	0	41.180806	13.734988	-30.536995
383	1511	10	0	0	10	84.375781	-3.036728	-6.269225
384	1093	100	40	0	60	26.567121	-11.974463	-31.530725
385	702	55	100	100	0	31.874075	38.092682	17.540487
386	1084	40	70	0	60	30.061655	20.333054	-14.789652
387	251	0	85	30	0	53.973639	58.798410	9.267883
388	829	70	40	20	20	45.738644	-6.398374	-21.571615
389	570	0	20	85	0	81.323060	6.669016	67.394559
390	936	70	20	100	20	48.449914	-27.125846	34.652256
391	1254	70	70	100	80	18.959378	0.654244	9.985732
392	225	70	100	20	0	28.735729	37.751164	-26.914467
393	1613	0	100	0	10	43.573796	71.187674	-4.110163
394	1171	0	0	100	60	53.482146	-5.093072	56.317690
395	1408	100	100	0	70	13.547526	11.519515	-25.147091
396	837	100	100	20	20	19.730094	12.873547	-35.444304
397	297	55	100	30	0	32.201100	44.897024	-16.570886
398	1063	70	40	100	40	37.541427	-14.676891	24.997913
399	1381	10	6	6	20	76.205893	-0.346013	-2.453396
400	495	0	100	70	0	46.950751	70.856684	28.721715
401	1366	0	0	0	2	92.666328	0.458602	-1.445670
402	1417	3	3	3	0	91.328693	0.835655	-0.499645
403	432	20	100	55	0	41.370753	61.770680	12.053703
404	1515	10	0	70	10	80.797680	-9.599643	50.367932
405	822	40	20	20	20	61.309295	-4.504505	-7.457436
406	274	30	30	30	0	69.089527	3.320370	2.154572
407	1605	70	40	70	10	46.495848	-14.950780	8.109820
408	1142	100	20	40	60	28.586821	-26.131221	-16.887010
409	261	10	100	30	0	43.934227	68.605949	4.422980
410	819	20	100	20	20	36.352056	57.360425	-4.468258
411	357	30	55	40	0	58.232910	19.746524	5.068286
412	1451	3	40	0	3	73.261155	23.813743	-7.314999
413	759	70	100	0	20	25.821955	36.866547	-30.821103
414	913	0	40	100	20	63.521277	16.502345	65.712683
415	1211	100	100	0	80	12.085057	10.192408	-20.417491
416	229	85	30	20	0	49.845397	-21.293937	-31.283281
417	94	10	30	10	0	76.588886	13.525046	-2.448750
418	1422	3	0	3	3	90.863173	-1.181779	-0.049221
419	785	40	10	10	20	64.861600	-7.989397	-12.503025
420	173	10	10	20	0	84.526929	0.367689	7.625671
421	871	100	40	40	20	36.070440	-28.425990	-24.862408
422	1483	3	3	40	40	66.675462	-2.669945	20.419523
423	623	70	10	85	0	58.134442	-34.653995	28.743439
424	27	20	100	0	0	41.419633	66.758787	-12.524852
425	588	20	20	85	0	73.931174	-2.571572	56.201980
426	1474	40	0	3	40	58.772652	-10.317986	-13.468143
427	643	100	30	85	0	41.133044	-51.178220	4.212331
428	1106	40	0	20	60	47.196028	-10.068085	-3.506414
429	823	40	40	20	20	54.670290	6.034048	-9.308026
430	807	0	100	20	20	40.742486	65.644595	3.409692
431	870	100	20	40	20	40.647227	-37.603889	-23.736749
432	339	10	55	40	0	64.044827	28.919590	13.686104
433	1518	10	10	20	10	79.101168	0.259844	6.859358
434	828	70	20	20	20	51.436132	-16.055429	-20.525249
435	1564	40	0	40	10	71.467710	-18.257516	9.242837
436	341	10	85	40	0	51.119513	52.917107	9.926129
437	869	100	10	40	20	42.722902	-41.813344	-23.023487
438	1513	10	0	20	10	83.286749	-5.612031	8.775170
439	315	85	100	30	0	25.130153	25.410170	-29.497185
440	1246	0	70	100	80	26.904570	17.862870	25.470398
441	1066	100	0	100	40	36.483618	-52.856399	16.388474
442	75	100	20	0	0	47.869168	-27.234071	-51.446548
443	1041	100	0	70	40	37.482893	-47.230098	-2.151414
444	279	30	100	30	0	38.929970	59.199787	-4.448034
445	622	70	0	85	0	61.184335	-40.210270	31.535832
446	259	10	70	30	0	57.842600	41.050962	5.569163
447	1568	40	10	20	10	68.688370	-10.124966	-6.661260
448	1442	40	40	3	0	62.857880	9.061252	-20.593992
449	159	100	55	10	0	37.348942	-13.878796	-44.266018
450	1498	0	20	20	10	78.709408	9.703736	9.917407
451	520	30	70	70	0	51.297134	28.721404	22.292714
452	77	100	40	0	0	42.496004	-18.245347	-50.329316
453	1268	100	100	0	100	8.494183	7.405091	-5.235220
454	379	70	0	40	0	63.704996	-32.967694	-6.932161
455	549	70	100	70	0	28.462443	30.578309	-4.287243
456	1497	0	20	10	10	79.123567	10.688027	3.187994
457	1121	0	0	40	60	55.230586	-2.668067	17.701542
458	1199	0	100	0	80	20.607062	36.417193	-1.747837
459	1170	100	100	70	60	14.765233	1.464444	-10.097869
460	128	55	10	10	0	67.636107	-15.366489	-22.092893
461	687	40	20	100	0	66.167620	-12.735252	59.944449
462	641	100	10	85	0	45.929496	-61.052197	7.748678
463	1460	40	0	40	3	74.700480	-19.133516	9.852068
464	639	85	100	85	0	24.628156	15.486645	-4.292143
465	640	100	0	85	0	48.310079	-66.016211	9.328307
466	761	100	10	0	20	44.620251	-28.617805	-45.714533
467	318	100	20	30	0	46.235345	-38.722253	-33.172786
468	100	20	0	10	0	85.732443	-8.108157	-3.030073
469	1111	70	0	20	60	40.036294	-17.584084	-13.284103
470	309	85	20	30	0	52.234769	-28.750336	-24.653632
471	724	100	30	100	0	40.347537	-54.972876	16.007467
472	1183	40	40	100	60	36.133375	-0.410748	30.785949
473	416	10	10	55	0	82.773949	-2.798612	36.877714
474	1464	0	40	40	3	72.693154	21.890524	20.964851
475	343	20	0	40	0	84.138819	-11.727676	20.887582
476	220	70	30	20	0	55.232660	-13.310282	-23.795608
477	1361	0	0	0	15	85.489767	0.345529	-1.534115
478	1008	40	40	40	40	46.363072	3.220897	1.664399
479	730	0	0	0	20	82.693364	0.305650	-1.562022
480	1092	100	20	0	60	29.746991	-17.974541	-31.943124
481	36	30	100	0	0	39.079956	62.069962	-17.117827
482	1102	20	20	20	60	46.448001	1.572377	0.064738
483	1239	70	100	70	80	14.856150	13.256239	-0.373709
484	1259	100	100	100	80	12.565395	-0.861334	0.320009
485	1375	40	27	27	10	62.677587	-2.149057	-4.204315
486	498	10	20	70	0	78.061721	2.483183	46.863081
487	1501	0	40	0	10	70.984657	23.824569	-5.794742
488	490	0	30	70	0	77.613675	13.721392	49.175336
489	726	100	55	100	0	34.086849	-38.824533	8.611289
490	473	85	40	55	0	45.068563	-24.231116	-9.487559
491	82	0	0	10	0	93.715940	-0.836581	7.098911
492	502	10	70	70	0	56.915997	38.720966	31.511402
493	1195	100	100	100	60	14.880651	-1.892400	-1.461189
494	606	40	20	85	0	66.785559	-12.078151	44.847521
495	1262	0	100	0	100	11.157459	17.113111	3.315465
496	1187	70	20	100	60	34.328414	-19.230084	24.305160
497	1054	20	70	100	40	40.424124	23.787682	36.492508
498	1495	0	10	70	10	80.429596	0.647838	52.307831
499	965	70	100	0	40	22.427830	31.919774	-26.767835
500	1281	40	0	100	100	16.244347	-5.689517	10.912902
501	58	70	30	0	0	56.308985	-8.491090	-36.382819
502	515	30	10	70	0	74.790497	-12.064208	39.345048
503	1461	0	3	40	3	88.681153	-1.753365	29.986623
504	477	85	100	55	0	24.799270	20.658230	-18.331501
505	38	40	10	0	0	74.639309	-7.265656	-21.656050
506	42	40	55	0	0	56.622033	19.766895	-23.229674
507	479	100	10	55	0	47.254225	-52.505851	-14.558429
508	334	10	0	40	0	87.969535	-7.991405	26.115272
509	660	10	20	100	0	76.848515	1.528649	78.263421
510	1419	0	3	0	3	90.869724	2.443016	-1.927740
511	963	70	40	0	40	39.898258	-1.756739	-27.781885
512	642	100	20	85	0	43.599388	-56.226060	6.083591
513	52	55	70	0	0	45.622708	22.851893	-29.635880
514	1229	0	40	70	80	32.967993	8.285081	20.237764
515	1371	40	27	27	0	66.823405	-2.413903	-4.293730
516	1233	40	40	70	80	27.436497	0.771072	11.439122
517	653	0	40	100	0	72.436089	19.846639	74.371971
518	929	40	10	100	20	61.242236	-16.475782	55.514770
519	1458	0	0	40	3	90.122732	-3.792284	30.932776
520	917	10	10	100	20	70.645791	-4.602137	72.085910
521	1188	70	40	100	60	30.837168	-12.056047	20.114444
522	407	0	10	55	0	86.625670	1.807021	42.561996
523	940	100	0	100	20	42.549592	-61.384627	19.515926
524	1418	3	0	0	3	91.097753	-0.687439	-3.037402
525	3	0	20	0	0	85.083063	12.856955	-4.129688
526	765	100	100	0	20	20.107360	17.732570	-42.270225
527	183	20	20	20	0	76.833553	2.475183	1.270394
528	537	55	55	70	0	49.111181	3.000663	13.110069
529	336	10	20	40	0	79.453196	4.394364	20.914650
530	37	40	0	0	0	78.648026	-12.930933	-20.908280
531	412	0	70	55	0	60.295995	44.572190	26.093154
532	696	55	20	100	0	60.114888	-21.750260	49.158402
533	905	100	10	70	20	41.284399	-50.446009	-3.714447
534	162	100	100	10	0	22.357495	16.480116	-43.874005
535	676	30	0	100	0	77.365761	-19.588122	74.761876
536	1099	0	70	20	60	37.019212	28.119260	2.214893
537	153	85	100	10	0	25.344052	29.320091	-37.117432
538	394	85	70	40	0	36.101884	-1.552425	-22.078512
539	443	40	10	55	0	71.588073	-15.417460	20.900102
540	1614	0	0	100	10	83.385430	-6.273485	87.678997
541	848	10	70	40	20	50.469214	35.139985	9.605490
542	417	10	20	55	0	78.707857	3.269167	33.966256
543	1352	0	0	0	80	41.467871	0.341572	-0.722958
544	1128	20	40	40	60	41.270919	7.846819	6.768985
545	613	55	0	85	0	67.342187	-31.964792	40.858969
546	1332	0	0	80	0	90.091246	-5.931449	70.692277
547	567	100	100	70	0	21.123981	2.374284	-18.369269
548	499	10	30	70	0	74.058934	8.724693	43.701437
549	514	30	0	70	0	78.729681	-18.260685	42.508126
550	1157	40	20	70	60	41.270337	-6.878582	18.498858
551	361	40	0	40	0	76.281573	-19.566636	10.155429
552	1433	7	0	7	7	86.769587	-3.097928	0.685216
553	187	20	70	20	0	55.271224	37.320315	-4.014328
554	1248	40	0	100	80	33.444663	-11.943986	29.679698
555	841	0	40	40	20	65.235631	19.080599	18.184019
556	1333	0	0	75	0	90.320970	-5.763205	65.378068
557	595	30	0	85	0	77.946768	-19.156253	57.886613
558	68	85	40	0	0	47.671882	-10.044459	-43.208083
559	1057	40	20	100	40	50.104796	-9.946369	44.662029
560	426	20	20	55	0	75.214454	-0.999714	28.910864
561	138	70	20	10	0	58.914917	-16.157764	-29.579137
562	134	55	85	10	0	39.224590	33.118542	-24.524252
563	566	100	85	70	0	26.079849	-11.124055	-15.567032
564	121	40	30	10	0	66.535236	1.779695	-15.677543
565	1282	40	40	100	100	14.285185	-0.775885	8.952626
566	805	0	40	20	20	65.974800	20.356568	6.147624
567	970	100	100	0	40	17.572587	15.634122	-36.118684
568	50	55	40	0	0	57.607793	3.146023	-29.946064
569	20	20	10	0	0	82.001807	-0.444819	-12.464390
570	1019	100	70	40	40	24.688295	-10.266588	-22.793338
571	993	100	40	20	40	31.743526	-19.550509	-30.115173
572	1034	40	70	70	40	36.559892	17.889875	12.929863
573	1050	0	100	100	40	35.050568	51.905639	32.513187
574	1060	40	100	100	40	27.727468	36.170841	18.856663
575	764	100	70	0	20	29.576305	-1.747420	-43.025419
576	55	70	0	0	0	66.037893	-23.364950	-36.294145
577	902	70	70	70	20	35.206448	4.173902	2.371024
578	79	100	70	0	0	33.228112	-1.896566	-48.496469
579	384	70	55	40	0	45.781768	-1.435973	-13.708427
580	1538	20	0	20	10	79.683256	-8.931455	4.138529
581	1274	40	100	40	100	10.905009	11.192631	2.591071
582	262	20	0	30	0	84.621862	-10.698785	12.464449
583	1322	0	10	0	0	89.526049	6.914883	-2.923241
584	1545	20	10	70	10	73.368138	-7.509811	41.614359
585	803	0	10	20	20	77.465239	3.673243	10.638461
586	708	70	55	100	0	43.638318	-9.018727	27.537501
587	1580	40	40	70	10	56.183034	1.237927	23.663906
588	948	0	40	0	40	56.728125	18.892675	-5.067390
589	1542	20	10	10	10	76.182818	-1.919210	-4.416832
590	376	55	70	40	0	44.593051	17.191891	-8.756959
591	982	40	20	20	40	52.567122	-3.749538	-6.599772
592	483	100	55	55	0	35.382709	-28.116677	-19.647093
593	663	10	55	100	0	62.501625	26.005307	61.865155
594	563	100	40	70	0	39.025862	-41.498204	-8.256081
595	1529	10	40	40	10	66.373661	16.246776	15.238072
596	1368	100	85	85	0	25.749123	-14.514218	-7.228259
597	47	55	10	0	0	68.411753	-12.911954	-29.335982
598	1535	10	70	70	10	53.288744	35.935571	29.366317
599	23	20	40	0	0	69.433789	17.506843	-14.662189
600	1546	20	20	0	10	72.998923	4.820033	-12.575480
601	1061	70	0	100	40	46.158272	-31.719545	34.635540
602	326	0	10	40	0	87.449819	2.776456	28.753093
603	215	55	85	20	0	39.039477	31.854200	-19.939599
604	1219	40	100	40	80	17.388918	24.438547	-1.237582
605	368	40	85	40	0	42.991841	38.263553	-3.099690
606	69	85	55	0	0	42.481238	-1.369897	-42.723474
607	1025	0	100	70	40	34.879370	53.368349	20.375832
608	1224	100	0	40	80	23.996374	-23.941532	-11.623581
609	414	0	100	55	0	46.905368	71.810351	21.324394
610	469	85	0	55	0	56.497564	-45.439752	-3.678707
611	222	70	55	20	0	46.210410	2.179247	-25.222789
612	554	85	40	70	0	44.460552	-27.102052	0.693468
613	293	55	40	30	0	56.223529	-2.046410	-11.687814
614	1016	100	0	40	40	38.780431	-39.815674	-19.343275
615	1071	0	0	0	60	56.958651	0.178389	-1.387383
616	1232	40	0	70	80	33.794663	-10.750975	16.342507
617	1273	40	40	40	100	13.894613	2.034095	2.392434
618	750	40	20	0	20	62.144553	-1.535318	-19.636070
619	295	55	70	30	0	44.795848	18.562101	-14.323581
620	1181	40	0	100	60	44.813372	-15.627784	40.932944
621	889	20	40	70	20	58.591757	9.176836	30.727084
622	1280	0	100	100	100	12.663620	11.245286	9.080934
623	758	70	70	0	20	36.565840	14.478726	-32.041955
624	602	30	85	85	0	45.207494	40.225605	27.942792
625	140	70	40	10	0	52.166204	-5.337709	-30.233210
626	1388	80	65	65	60	23.892773	-2.861938	-2.911481
627	1563	40	0	20	10	72.260100	-15.714219	-5.313188
628	255	10	20	30	0	79.906347	5.304827	13.079816
629	491	0	40	70	0	73.099818	20.938453	45.867994
630	445	40	30	55	0	64.403216	-3.997688	16.451419
631	296	55	85	30	0	38.834714	30.614589	-15.262046
632	1044	100	70	70	40	23.961862	-15.999112	-9.405843
633	218	70	10	20	0	61.387215	-23.458153	-22.583535
634	203	40	40	20	0	62.058022	6.717329	-10.246698
635	1438	40	0	3	0	78.347175	-13.729549	-18.072501
636	1173	0	40	100	60	43.855863	10.612542	44.841889
637	522	30	100	70	0	38.980799	55.569143	15.010519
638	340	10	70	40	0	57.651547	40.301789	11.523444
639	122	40	40	10	0	62.512433	8.067097	-16.389523
640	786	40	20	10	20	61.742775	-3.116889	-13.341753
641	1088	70	40	0	60	32.291154	-1.067414	-22.760335
642	149	85	40	10	0	47.095404	-13.112616	-37.289512
643	316	100	0	30	0	51.405225	-48.110814	-32.238166
644	1578	40	40	20	10	58.209202	6.363103	-9.771440
645	1402	40	27	27	100	14.518131	0.737298	1.122941
646	1503	0	40	20	10	70.330500	22.040285	6.835521
647	564	100	55	70	0	34.820125	-32.033279	-10.882466
648	1	0	0	0	0	94.376137	0.486025	-1.424273
649	648	100	100	85	0	21.081938	-1.230471	-10.855739
650	1479	3	40	3	40	55.894412	17.600447	-4.271630
651	312	85	55	30	0	41.240058	-8.952303	-26.737421
652	1148	0	40	70	60	44.720454	11.063177	27.152282
653	1579	40	40	40	10	57.479542	3.979335	2.504978
654	654	0	55	100	0	65.827447	31.288816	67.162206
655	488	0	10	70	0	86.022790	1.041575	56.129608
656	787	40	40	10	20	54.998385	7.275460	-14.707357
657	1165	70	100	70	60	18.598627	18.381137	-1.880391
658	1449	40	3	0	3	75.703608	-10.918043	-20.722808
659	1179	20	70	100	60	32.580403	19.311361	28.795050
660	1560	20	70	70	10	50.645329	31.338567	25.003973
661	560	100	10	70	0	46.618217	-57.021171	-3.722819
662	422	10	85	55	0	50.875952	51.998456	18.955608
663	1214	0	70	40	80	27.381679	20.415566	7.502294
664	933	40	100	100	20	32.056951	42.262186	22.127731
665	250	0	70	30	0	60.736753	46.143029	10.153346
666	915	0	100	100	20	41.100580	60.768866	38.513881
667	729	100	100	100	0	20.923618	-2.974810	-3.471908
668	996	0	0	40	40	68.721649	-3.212903	22.223156
669	739	10	40	0	20	63.679962	18.505675	-9.500970
670	369	40	100	40	0	36.281166	53.025422	-4.438451
671	835	100	40	20	20	36.780126	-22.585345	-34.791952
672	102	20	20	10	0	77.339634	3.739609	-5.752173
673	517	30	30	70	0	67.356868	-0.304159	33.581993
674	727	100	70	100	0	30.104602	-28.392959	4.788383
675	523	40	0	70	0	74.645484	-22.819745	36.357276
676	281	40	10	30	0	72.778382	-12.341850	0.183415
677	1531	10	70	0	10	54.740163	40.657409	-10.603480
678	530	40	85	70	0	42.527790	35.502493	13.750763
679	755	70	10	0	20	55.096496	-16.175230	-31.973488
680	1600	70	20	70	10	52.298507	-25.740793	12.245971
681	589	20	30	85	0	70.114977	3.567885	52.676411
682	716	85	40	100	0	43.262694	-31.835281	23.062519
683	1257	100	40	100	80	19.104191	-20.930670	6.409347
684	518	30	40	70	0	63.351685	6.405851	30.557116
685	596	30	10	85	0	74.125194	-12.937901	54.148421
686	956	40	0	0	40	59.008158	-9.752900	-15.499400
687	1615	0	100	100	10	43.901946	64.972682	40.929999
688	1184	40	70	100	60	29.400784	13.248744	22.791558
689	1412	40	0	40	70	40.841785	-10.406954	5.161015
690	1351	0	0	0	85	36.622304	0.479545	-0.308596
691	25	20	70	0	0	55.652518	39.403694	-14.992601
692	41	40	40	0	0	63.059407	9.636475	-22.965980
693	1192	100	20	100	60	27.372039	-36.023818	11.378152
694	908	100	70	70	20	27.439886	-19.176546	-11.151163
695	1270	0	40	40	100	14.816203	5.836321	6.028504
696	611	40	85	85	0	42.349862	34.581219	22.995227
697	370	55	0	40	0	69.714102	-26.382624	1.257373
698	352	30	0	40	0	80.313291	-15.471204	15.682957
699	1028	20	40	70	40	50.223122	7.656616	26.191391
700	1265	40	100	0	100	10.453294	13.594502	-0.472767
701	1341	0	0	15	0	93.421897	-1.428373	11.137659
702	411	0	55	55	0	66.696532	33.150316	29.515349
703	864	70	20	40	20	50.404348	-19.620130	-9.030995
704	199	40	0	20	0	77.205819	-16.852695	-5.607614
705	1056	40	0	100	40	55.192465	-19.002091	50.273802
706	937	70	40	100	20	43.195984	-16.756745	28.963270
707	88	0	70	10	0	61.089773	47.765209	-0.860580
708	1522	10	20	10	10	75.657908	6.882590	-1.382957
709	826	70	0	20	20	57.003207	-25.402478	-19.032807
710	728	100	85	100	0	25.836504	-17.219594	0.980252
711	867	70	100	40	20	25.546611	30.736763	-16.517807
712	11	10	10	0	0	85.624108	3.018142	-7.899043
713	120	40	20	10	0	70.219244	-3.779684	-14.944011
714	54	55	100	0	0	32.651996	48.827793	-29.062389
715	1053	20	40	100	40	49.425785	6.608939	47.079518
716	1551	20	40	0	10	65.092476	16.261287	-13.866045
717	244	0	0	30	0	92.618634	-2.947495	23.129624
718	73	100	0	0	0	53.730958	-35.993302	-51.732176
719	5	0	40	0	0	75.895465	25.765561	-6.003432
720	67	85	30	0	0	50.916934	-15.380756	-43.485480
721	1360	0	0	0	20	82.693364	0.305650	-1.562022
722	253	10	0	30	0	88.492126	-7.030343	17.606014
723	957	40	20	0	40	53.359524	-1.175548	-16.837783
724	1365	0	0	0	3	92.384342	0.454079	-1.449198
725	1480	40	40	3	40	47.441098	7.347724	-15.984509
726	659	10	10	100	0	80.772968	-4.575011	82.594146
727	1299	25	0	0	0	84.499228	-8.011593	-13.677719
728	1338	0	0	30	0	92.618634	-2.947495	23.129624
729	621	55	100	85	0	32.107078	38.945421	10.368840
730	1284	100	0	100	100	13.753738	-13.478112	5.424471
731	1500	0	20	70	10	76.556236	6.432507	48.857337
732	64	85	0	0	0	59.838559	-29.249047	-43.983922
733	1358	0	0	0	30	76.756262	0.234377	-1.598139
734	799	100	40	10	20	37.041391	-19.638462	-39.566065
735	975	0	100	20	40	34.590523	56.651913	2.268286
736	1506	0	70	0	10	57.567387	45.042999	-6.635133
737	457	55	70	55	0	44.117983	15.266152	0.376638
738	374	55	40	40	0	55.929278	-3.634394	-5.010368
739	830	70	70	20	20	36.194631	10.996395	-22.805491
740	1020	100	100	40	40	17.284559	7.296686	-24.041646
741	941	100	10	100	20	40.164418	-56.824820	17.446505
742	1313	0	75	0	0	59.058642	52.481981	-6.551504
743	881	10	10	70	20	71.835008	-3.571398	43.550348
744	428	20	40	55	0	67.029463	11.979953	23.750889
745	559	100	0	70	0	49.164050	-61.952769	-2.563731
746	338	10	40	40	0	70.852519	17.601290	16.578439
747	1536	20	0	0	10	80.739049	-6.088008	-10.673997
748	424	20	0	55	0	83.344826	-13.120812	34.673484
749	246	0	20	30	0	83.657484	9.682577	18.243209
750	862	70	0	40	20	56.303636	-28.928293	-6.222779
751	438	30	55	55	0	57.686331	18.379634	15.627136
752	712	85	0	100	0	54.201489	-53.360656	34.689759
753	1193	100	40	100	60	24.551351	-29.160477	8.549256
754	866	70	70	40	20	35.773202	7.989712	-13.456695
755	381	70	20	40	0	57.360618	-22.445133	-9.640472
756	1058	40	40	100	40	44.875357	-0.572685	38.785244
757	1194	100	70	100	60	19.684191	-16.420663	3.744795
758	1369	80	65	65	0	38.328875	-5.829655	-4.100279
759	1260	0	0	0	100	16.649837	1.650114	2.668800
760	1327	0	0	100	0	89.149656	-6.336570	93.780981
761	9	0	100	0	0	46.703934	75.818393	-3.699350
762	1287	100	0	0	0	53.730958	-35.993302	-51.732176
763	1603	70	40	20	10	48.593159	-6.846591	-22.978563
764	1190	70	100	100	60	18.795086	16.147356	7.443318
765	1553	20	40	20	10	64.135787	14.086271	-1.555420
766	824	40	70	20	20	43.685506	24.757872	-11.212654
767	1255	70	100	100	80	15.146842	11.308229	5.896893
768	1156	40	0	70	60	45.701062	-14.289775	22.120215
769	1617	100	100	0	10	21.364103	18.361403	-45.038767
770	1588	70	0	20	10	60.686875	-27.037977	-20.363265
771	616	55	30	85	0	57.442132	-15.090058	32.235691
772	920	10	70	100	20	49.422477	32.478841	47.620268
773	273	30	20	30	0	72.851709	-2.549994	3.663297
774	1539	20	0	40	10	78.735433	-11.051003	19.166567
775	1593	70	10	20	10	57.654905	-21.954093	-21.143069
776	569	0	10	85	0	85.461117	0.445133	71.558733
777	1370	60	45	45	0	52.301059	-3.691943	-4.657833
778	1342	0	0	10	0	93.715940	-0.836581	7.098911
779	668	20	10	100	0	77.092878	-9.042145	76.376615
780	1364	0	0	0	5	91.284673	0.436441	-1.462960
781	196	30	70	20	0	52.570233	32.804539	-8.089471
782	632	85	10	85	0	52.030794	-46.112421	18.586658
783	335	10	10	40	0	83.556231	-1.607393	23.321768
784	543	70	20	70	0	55.832179	-27.537155	13.623090
785	1440	0	40	3	0	75.737425	25.373431	-3.459329
786	1355	0	0	0	60	56.958651	0.178389	-1.387383
787	386	70	85	40	0	34.855442	20.384570	-16.661724
788	1017	100	20	40	40	35.070788	-32.371450	-20.551491
789	439	30	70	55	0	51.678181	29.627913	12.681919
790	710	70	85	100	0	33.730602	13.598212	16.339373
791	211	55	30	20	0	60.311359	-6.633408	-16.883262
792	1534	10	70	40	10	53.952151	37.603790	10.527949
793	1175	0	100	100	60	28.510527	41.929809	25.615524
794	853	20	40	40	20	59.495439	11.304783	10.181556
795	492	0	55	70	0	66.263203	32.539560	40.814710
796	899	70	10	70	20	51.818742	-28.760524	13.087509
797	284	40	40	30	0	61.665046	5.465673	-3.989649
798	1024	0	70	70	40	44.987393	32.135900	26.731034
799	399	100	20	40	0	45.643894	-42.261699	-26.625455
800	981	40	0	20	40	57.939934	-12.578680	-4.427903
801	34	30	70	0	0	52.899593	35.195953	-18.976710
802	590	20	40	85	0	65.987934	10.437333	48.897500
803	531	40	100	70	0	36.308803	50.174366	10.544161
804	532	55	0	70	0	67.969763	-30.643055	26.726703
805	1602	70	40	10	10	48.940499	-4.871360	-28.453937
806	1567	40	10	10	10	69.206741	-8.582323	-13.258605
807	1611	50	40	40	0	57.703845	-1.008097	-2.397864
808	1356	0	0	0	50	64.186897	0.172098	-1.516873
809	1336	0	0	50	0	91.514471	-4.599342	41.195309
810	1316	0	50	0	0	70.953219	33.139596	-6.592090
811	1296	50	0	0	0	74.274095	-16.571431	-26.246315
812	958	40	40	0	40	47.586538	7.792839	-17.696261
813	686	40	10	100	0	69.642761	-18.406879	63.829964
814	57	70	20	0	0	59.553106	-13.399396	-36.393990
815	387	70	100	40	0	28.583977	34.659028	-18.466624
816	393	85	55	40	0	40.958905	-11.311067	-20.915600
817	1496	0	20	0	10	79.543408	11.863666	-4.044622
818	329	0	40	40	0	74.227420	22.477559	21.561055
819	903	70	100	70	20	25.429669	27.131207	-3.577373
820	892	40	0	70	20	65.656684	-20.060965	31.755624
821	466	70	70	55	0	39.986377	6.449694	-6.130276
822	792	70	20	10	20	51.920643	-14.050572	-26.080759
823	516	30	20	70	0	71.078943	-6.246805	36.430753
824	390	85	20	40	0	51.700453	-31.368495	-17.838048
825	766	0	0	10	20	82.034802	-0.887179	5.721531
826	146	85	10	10	0	56.015704	-27.934002	-37.036444
827	1036	70	0	70	40	47.375518	-28.904841	13.226726
828	1467	3	0	0	40	69.621854	-0.653565	-2.719099
829	1317	0	40	0	0	75.895465	25.765561	-6.003432
830	619	55	70	85	0	43.260302	12.750600	19.700123
831	1222	70	70	40	80	18.952072	5.452391	-6.749311
832	960	40	100	0	40	27.338694	44.450955	-17.053753
833	1387	100	85	85	60	17.417430	-7.666884	-3.681339
834	1616	100	0	100	10	45.093170	-65.258277	20.609320
835	95	10	40	10	0	72.000277	20.365448	-3.584762
836	351	20	100	40	0	41.323147	63.126968	4.597586
837	979	20	70	20	40	41.218733	28.188962	-3.815571
838	139	70	30	10	0	55.743980	-11.103428	-29.882178
839	245	0	10	30	0	87.982891	3.558073	20.485228
840	1079	20	70	0	60	33.185915	24.691855	-9.874630
841	1123	0	40	40	60	45.027264	12.621883	12.412917
842	113	30	40	10	0	65.805837	12.267975	-11.976299
843	362	40	10	40	0	72.304036	-13.648164	8.025650
844	446	40	40	55	0	60.529968	2.549521	14.139725
845	1431	7	7	0	7	83.984403	2.225969	-5.945884
846	430	20	70	55	0	54.492340	34.486544	17.147504
847	1349	0	0	0	95	23.580334	1.162320	1.477153
848	1537	20	0	10	10	80.186238	-7.624886	-3.012316
849	935	70	10	100	20	50.777203	-31.839525	37.184670
850	263	20	10	30	0	80.334951	-4.501203	10.233820
851	317	100	10	30	0	48.740789	-43.278711	-32.758457
852	456	55	55	55	0	49.665802	4.504713	2.988135
853	1353	0	0	0	75	45.602665	0.265203	-0.980831
854	1446	40	3	40	0	75.016951	-17.697783	9.471040
855	1445	3	3	40	0	89.349027	-3.075651	29.061042
856	1372	20	12	12	0	80.451717	-1.127011	-3.300010
857	1367	0	0	0	0	94.376137	0.486025	-1.424273
858	81	100	100	0	0	22.821039	18.702811	-47.922386
859	721	100	0	100	0	47.575410	-69.505236	21.312840
860	657	0	100	100	0	46.893666	69.563962	43.309167
861	1169	100	70	70	60	19.864555	-12.444368	-7.697558
862	132	55	55	10	0	51.065345	10.996684	-24.248825
863	325	0	0	40	0	92.066545	-3.835788	31.786281
864	1423	0	3	3	3	90.640619	1.966439	1.026895
865	735	0	100	0	20	40.692934	66.937591	-4.387798
866	836	100	70	20	20	28.790136	-7.315165	-34.987423
867	535	55	30	70	0	57.944334	-13.706762	19.454301
868	468	70	100	55	0	28.446867	32.271633	-11.497601
869	770	0	70	10	20	53.769487	41.026804	-1.326679
870	1548	20	20	20	10	71.947585	2.257442	0.952405
871	656	0	85	100	0	53.456704	55.413421	52.252960
872	1519	10	10	40	10	78.163495	-1.622682	21.437544
873	1037	70	20	70	40	42.075016	-20.594307	9.196306
874	900	70	20	70	20	49.029435	-24.099809	11.093388
875	679	30	30	100	0	66.213641	-1.688497	62.385782
876	406	0	0	55	0	91.246682	-4.917704	46.167487
877	1407	0	0	100	70	46.297605	-4.612818	48.473025
878	1331	0	0	85	0	89.849332	-6.083507	76.592649
879	946	0	0	0	40	70.562102	0.188098	-1.586427
880	890	20	70	70	20	47.473380	29.229526	23.270468
881	1304	5	0	0	0	92.149324	-1.500625	-4.198959
882	60	70	55	0	0	46.939504	6.179065	-36.255076
883	637	85	70	85	0	34.594881	-9.819058	4.087743
884	90	0	100	10	0	46.736848	74.929495	0.705822
885	1090	70	100	0	60	18.489630	25.243244	-21.536441
886	6	0	55	0	0	68.471539	36.941635	-6.741112
887	928	40	0	100	20	64.098538	-21.864446	58.635002
888	264	20	20	30	0	76.368375	1.350561	8.341677
889	489	0	20	70	0	81.807823	7.306086	52.430543
890	1122	0	20	40	60	50.106167	4.784852	14.820863
891	243	100	100	20	0	22.075412	14.054494	-40.151645
892	1141	100	0	40	60	31.560396	-32.252752	-16.024807
893	788	40	70	10	20	43.890185	25.735020	-15.778456
894	988	70	40	20	40	39.394445	-5.449654	-18.554057
895	107	20	85	10	0	48.789357	50.651508	-9.310729
896	216	55	100	20	0	32.282410	45.922312	-20.937507
897	521	30	85	70	0	45.347098	41.037371	18.460842
898	1595	70	10	70	10	55.158336	-30.718813	14.266760
899	298	70	0	30	0	64.129406	-30.902236	-14.729272
900	986	70	0	20	40	48.871581	-21.761354	-16.392559
901	1012	70	20	40	40	42.918826	-16.675054	-8.192483
902	1321	0	15	0	0	87.254545	9.939821	-3.572548
903	485	100	85	55	0	26.441047	-7.829660	-23.348410
904	117	30	100	10	0	39.046352	60.895966	-12.956983
905	84	0	20	10	0	84.563377	11.606933	3.693165
906	1320	0	20	0	0	85.083063	12.856955	-4.129688
907	720	85	100	100	0	24.464297	13.162189	2.468636
908	1143	100	40	40	60	25.160836	-19.342800	-17.273576
909	1118	100	40	20	60	25.748152	-15.605016	-24.411363
910	1132	40	20	40	60	41.738154	-4.638604	3.194869
911	1476	3	3	3	40	68.249253	0.425370	-0.941504
912	103	20	30	10	0	73.286026	9.635339	-6.809473
913	701	55	85	100	0	37.568091	23.619879	23.592063
914	883	10	40	70	20	61.297773	13.141327	34.995346
915	1203	40	100	0	80	16.917145	26.726527	-8.894374
916	16	10	70	0	0	58.424997	43.663801	-10.955175
917	1161	70	0	70	60	38.185706	-23.562090	10.644472
918	773	10	10	10	20	74.517462	1.245245	-0.260751
919	1573	40	20	20	10	65.331690	-4.900669	-7.800354
920	1303	7	0	0	0	91.373834	-2.182767	-5.163169
921	698	55	40	100	0	53.289479	-9.584220	41.655943
922	1414	3	3	0	0	91.553025	1.336496	-3.522959
923	1086	70	0	0	60	40.431335	-14.630459	-21.710149
924	882	10	20	70	20	68.399485	1.685148	40.591624
925	448	40	70	55	0	48.709126	24.306816	7.897818
926	620	55	85	85	0	37.856491	24.610454	14.729654
927	208	55	0	20	0	70.589415	-23.031726	-14.202098
928	1212	0	0	40	80	40.435127	-1.836308	13.134294
929	400	100	30	40	0	43.070238	-37.435417	-27.267474
930	129	55	20	10	0	64.256808	-10.154124	-22.657343
931	87	0	55	10	0	68.167081	35.998733	-0.345696
932	585	10	100	85	0	44.185827	64.582418	31.863354
933	1159	40	70	70	60	29.136400	14.954881	9.847784
934	1435	7	7	7	7	83.581337	1.253918	-0.465758
935	1607	70	70	10	10	38.685689	13.147738	-28.882638
936	600	30	55	85	0	56.676956	16.632123	37.999095
937	415	10	0	55	0	87.132786	-9.261588	40.169482
938	449	40	85	55	0	42.723021	36.672144	5.279798
939	452	55	10	55	0	65.227398	-23.064184	12.033010
940	1026	20	0	70	40	61.368813	-11.104075	35.517630
941	703	70	0	100	0	60.245655	-41.850691	45.686327
942	1174	0	70	100	60	35.736188	24.610063	34.973092
943	615	55	20	85	0	60.626013	-20.713379	34.957851
944	992	100	20	20	40	35.549675	-27.118501	-29.899612
945	301	70	30	30	0	54.757153	-15.288100	-17.623915
946	1202	40	70	0	80	22.356119	15.205756	-9.990269
947	1590	70	0	70	10	58.133332	-35.933237	16.430841
948	467	70	85	55	0	34.552129	17.957936	-8.816733
949	1104	20	70	20	60	33.315994	22.983166	-2.936530
950	733	0	40	0	20	66.426010	22.137183	-5.596958
951	1011	70	0	40	40	48.254324	-24.779170	-5.585811
952	135	55	100	10	0	32.405570	47.193361	-24.975553
953	665	10	85	100	0	50.230263	50.169846	47.105690
954	1455	0	40	3	3	74.139723	24.736102	-3.452326
955	1554	20	40	40	10	63.417260	12.213001	11.042371
956	1307	0	100	0	0	46.703934	75.818393	-3.699350
957	1376	20	12	12	10	75.318861	-1.103569	-3.287374
958	1038	70	40	70	40	37.708634	-12.143480	6.565700
959	575	0	85	85	0	53.367319	56.218371	42.381333
960	150	85	55	10	0	41.967438	-4.239938	-37.294441
961	582	10	55	85	0	62.630722	26.563362	48.275784
962	932	40	70	100	20	41.799257	18.960156	33.242151
963	789	40	100	10	20	32.001310	49.704415	-15.755472
964	1586	70	0	0	10	61.737044	-22.090161	-33.976683
965	1599	70	20	40	10	53.772220	-20.976250	-9.344965
966	839	0	10	40	20	76.532386	2.077444	24.394060
967	1205	70	40	0	80	23.031669	-0.042712	-16.968624
968	1250	40	70	100	80	21.477372	9.740613	15.221956
969	271	30	0	30	0	80.761200	-14.345355	7.358355
970	169	0	70	20	0	60.903438	46.946926	4.629235
971	1297	40	0	0	0	78.648026	-12.930933	-20.908280
972	86	0	40	10	0	75.446480	24.721978	1.051678
973	661	10	30	100	0	72.956842	7.728082	73.822774
974	842	0	70	40	20	53.050982	39.306876	13.728698
975	942	100	20	100	20	37.917903	-52.375912	15.247255
976	1075	0	100	0	60	27.496894	47.285960	-3.363101
977	257	10	40	30	0	71.237871	18.446985	9.448672
978	1587	70	0	10	10	61.169727	-24.771089	-26.927949
979	494	0	85	70	0	53.590186	56.675605	32.488498
980	1609	70	70	40	10	38.075119	8.326461	-14.204893
981	1398	10	6	6	80	38.421344	0.088403	-1.063993
982	1107	40	20	20	60	42.359284	-2.867378	-5.454118
983	348	20	55	40	0	61.125566	24.319711	9.305171
984	772	10	0	10	20	78.440923	-4.183699	1.209089
985	897	40	100	70	20	31.947678	44.085510	8.649349
986	1583	40	70	20	10	46.633166	26.222903	-11.778140
987	683	30	85	100	0	44.731187	39.585155	37.081610
988	265	20	30	30	0	72.407222	7.364507	6.660502
989	472	85	30	55	0	48.010796	-30.052341	-8.006324
990	398	100	10	40	0	48.148631	-46.936216	-25.922567
991	541	70	0	70	0	61.789656	-38.483454	17.887882
992	282	40	20	30	0	69.154298	-6.752859	-1.316362
993	197	30	85	20	0	46.144146	45.090103	-8.786564
994	682	30	70	100	0	50.630942	27.242495	44.396709
995	33	30	55	0	0	59.639422	24.061531	-19.194139
996	28	30	0	0	0	82.607011	-9.596686	-16.021462
997	241	100	70	20	0	32.366825	-8.422774	-39.502400
998	1004	20	70	40	40	40.837124	26.737897	4.688912
999	747	20	100	0	20	36.045728	58.888164	-12.029712
1000	1470	40	3	0	40	58.055966	-8.353267	-15.750190
1001	1406	0	100	0	70	24.014857	41.870983	-2.685354
1002	608	40	40	85	0	59.427383	0.325330	38.119399
1003	746	20	70	0	20	48.822372	34.262766	-13.620595
1004	820	40	0	20	20	67.663404	-14.707778	-5.057437
1005	1562	40	0	10	10	72.784731	-14.116171	-12.228959
1006	1494	0	10	40	10	81.768927	2.397998	26.449063
1007	1344	0	0	5	0	94.029560	-0.205964	2.958523
1008	536	55	40	70	0	54.470250	-7.380139	16.848274
1009	539	55	85	70	0	38.144938	25.799208	6.075433
1010	160	100	70	10	0	32.793281	-5.358324	-43.933207
1011	1391	20	12	12	60	48.564397	-0.634664	-2.585569
1012	695	55	10	100	0	63.144477	-27.315639	52.523116
1013	43	40	70	0	0	50.124373	30.507654	-23.039695
1014	152	85	85	10	0	31.553253	15.497736	-37.187784
1015	832	100	0	20	20	45.836127	-39.716811	-34.056659
1016	167	0	40	20	0	75.007110	23.912761	7.637334
1017	922	20	0	100	20	70.793851	-14.064367	70.304030
1018	667	20	0	100	0	81.077362	-15.391596	80.822510
1019	587	20	10	85	0	77.737275	-8.560990	59.858593
1020	145	85	0	10	0	58.991566	-32.860823	-36.872530
1021	1432	0	0	7	7	89.594284	-0.504619	4.233311
1022	10	10	0	0	0	90.186149	-3.214847	-6.637176
1023	907	100	40	70	20	34.532524	-36.596808	-7.193854
1024	260	10	85	30	0	51.240699	53.583454	4.472500
1025	429	20	55	55	0	60.648522	23.093458	20.083341
1026	345	20	20	40	0	75.908981	0.316906	16.062344
1027	364	40	30	40	0	65.124718	-2.306080	4.531619
1028	918	10	20	100	20	67.242936	0.757613	68.290329
1029	631	85	0	85	0	54.598334	-51.586233	20.889359
1030	148	85	30	10	0	50.317284	-18.551298	-37.209375
1031	202	40	30	20	0	66.037019	0.312004	-9.200504
1032	852	20	20	40	20	66.607853	0.135791	13.578473
1033	99	10	100	10	0	43.977193	70.128074	-4.037620
1034	147	85	20	10	0	53.202100	-23.310653	-37.136282
1035	1064	70	70	100	40	29.364026	1.327213	15.945708
1036	403	100	70	40	0	31.531757	-14.238721	-29.732280
1037	1400	80	65	65	100	11.239416	0.133744	1.608979
1038	1592	70	10	10	10	58.168520	-19.738992	-27.391148
1039	1598	70	20	20	10	54.789218	-17.187334	-21.802979
1040	19	20	0	0	0	86.359540	-6.461650	-11.374740
1041	1252	70	0	100	80	27.966392	-19.486848	19.857492
1042	1312	0	80	0	0	56.798787	56.541265	-6.357586
1043	1540	20	0	70	10	77.237520	-13.392284	44.863134
1044	565	100	70	70	0	30.568797	-22.247432	-13.218307
1045	1437	3	40	0	0	74.836258	24.422666	-7.415579
1046	893	40	10	70	20	62.255059	-14.738730	29.076356
1047	435	30	20	55	0	71.691466	-5.184121	23.900712
1048	974	0	70	20	40	45.658462	34.366762	2.660656
1049	748	40	0	0	20	68.751217	-11.434155	-18.355171
1050	1097	0	20	20	60	50.535165	6.022570	5.789591
1051	1606	70	70	0	10	38.996301	14.980444	-33.852144
1052	401	100	40	40	0	40.302507	-32.003468	-27.953036
1053	1465	3	40	40	3	71.661867	20.400766	19.454355
1054	576	0	100	85	0	46.984332	69.908631	36.792389
1055	8	0	85	0	0	54.381363	61.021344	-6.011225
1056	127	55	0	10	0	71.203771	-20.948560	-21.390761
1057	337	10	30	40	0	75.331955	10.575322	18.732255
1058	630	70	100	85	0	28.477402	28.449265	2.861639
1059	210	55	20	20	0	63.691787	-12.079716	-16.082981
1060	1119	100	70	20	60	20.620633	-4.578016	-24.419295
1061	1409	100	0	100	70	26.184072	-36.723820	11.045849
1062	344	20	10	40	0	79.861863	-5.541211	18.297003
1063	280	40	0	30	0	76.716890	-18.293855	1.955017
1064	644	100	40	85	0	38.379165	-45.461904	2.140202
1065	574	0	70	85	0	59.598500	43.638888	48.184698
1066	409	0	30	55	0	78.120289	14.469497	36.521914
1067	952	20	20	0	40	58.146464	3.932564	-10.416525
1068	1237	70	40	70	80	22.713390	-6.590081	3.741361
1069	538	55	70	70	0	43.682442	13.807899	9.696326
1070	1581	40	70	0	10	47.053620	28.483711	-21.758669
1071	1323	0	7	0	0	90.842352	5.165293	-2.538671
1072	845	10	10	40	20	73.189559	-1.621939	19.773944
1073	706	70	30	100	0	51.578163	-25.398708	36.040614
1074	493	0	70	70	0	59.930955	44.121096	36.441790
1075	1330	0	0	90	0	89.606924	-6.201006	82.643122
1076	528	40	55	70	0	54.012361	12.157485	21.046065
1077	976	20	0	20	40	63.648945	-7.214228	2.757232
1078	1115	70	100	20	60	18.583294	23.296741	-16.578077
1079	327	0	20	40	0	83.164342	8.950702	26.158231
1080	1286	100	100	100	100	9.882517	0.398097	2.968820
1081	1565	40	0	70	10	69.996003	-21.370538	33.917119
1082	1160	40	100	70	60	22.668616	30.190940	6.029132
1083	382	70	30	40	0	54.309129	-17.203401	-10.856372
1084	604	40	0	85	0	73.847926	-23.908830	51.364760
1085	934	70	0	100	20	53.301705	-36.784603	40.018294
1086	901	70	40	70	20	43.653732	-14.034918	7.359125
1087	1207	70	100	0	80	14.549062	19.007832	-15.048091
1088	32	30	40	0	0	66.341131	13.656367	-18.733698
1089	1208	100	0	0	80	24.114309	-17.779983	-23.685743
1090	1385	20	12	12	40	60.212351	-0.913540	-3.097816
1091	172	10	0	20	0	89.016784	-5.955121	9.700192
1092	322	100	70	30	0	31.948787	-11.306426	-34.852367
1093	1294	70	0	0	0	66.037893	-23.364950	-36.294145
1094	1158	40	40	70	60	36.432469	0.951841	14.899562
1095	14	10	40	0	0	72.520782	21.467398	-10.515639
1096	757	70	40	0	20	46.070332	-2.233723	-32.433771
1097	1362	0	0	0	10	88.318960	0.389459	-1.499681
1098	694	55	0	100	0	66.287002	-33.194122	56.106532
1099	1471	3	40	0	40	55.955963	17.958971	-6.112345
1100	831	70	100	20	20	25.690641	33.233184	-24.068807
1101	1191	100	0	100	60	29.717051	-42.384843	12.677652
1102	320	100	40	30	0	40.873766	-28.673706	-33.915416
1103	798	100	20	10	20	41.733695	-28.199290	-39.840747
1104	1491	0	10	0	10	83.734246	6.331959	-2.910096
1105	714	85	20	100	0	48.666880	-43.239129	28.994742
1106	947	0	20	0	40	63.482807	9.233598	-3.621424
1107	1305	3	0	0	0	93.062912	-0.685568	-3.060598
1108	1569	40	10	40	10	67.803567	-12.724467	7.268751
1109	1427	0	7	7	0	90.423127	4.215505	3.312424
1110	91	10	0	10	0	89.577073	-4.694136	1.826916
1111	860	40	70	40	20	43.299370	22.675054	-1.530711
1112	380	70	10	40	0	60.418239	-27.570604	-8.378288
1113	718	85	70	100	0	34.311354	-11.756033	13.001481
1114	62	70	85	0	0	35.638193	26.641128	-35.658704
1115	793	70	40	10	20	46.020242	-4.513000	-26.738855
1116	163	0	0	20	0	93.151663	-1.963114	15.083740
1117	198	30	100	20	0	39.004268	59.988291	-8.829030
1118	269	20	85	30	0	48.615642	48.864714	0.183856
1119	1052	20	20	100	40	54.871458	-3.046243	53.370369
1120	821	40	10	20	20	64.392607	-9.430432	-6.358017
1121	1430	0	7	0	7	86.679098	4.839507	-2.546832
1122	1072	0	20	0	60	50.928906	7.509150	-2.872072
1123	1434	0	7	7	7	86.277261	3.927925	2.991337
1124	496	10	0	70	0	86.373115	-10.106460	54.256581
1125	1138	70	40	40	60	30.607399	-6.074179	-8.357994
1126	447	40	55	55	0	54.550127	13.244387	10.810919
1127	482	100	40	55	0	39.542779	-37.164212	-17.891193
1128	1015	70	100	40	40	22.275536	26.099339	-14.198501
1129	802	0	0	20	20	81.500664	-1.890187	12.536704
1130	1166	100	0	70	60	30.492088	-38.132577	-1.879699
1131	751	40	40	0	20	55.280829	8.706276	-20.450025
1132	1399	100	85	85	100	10.235515	-0.580723	1.985837
1133	1244	0	0	100	80	38.676310	-3.995895	39.749912
1134	795	70	100	10	20	25.772505	34.815258	-27.473741
1135	513	20	100	70	0	41.507549	60.538385	19.426178
1136	857	40	10	40	20	63.581653	-11.887114	6.618872
1137	991	100	0	20	40	39.517513	-34.477989	-29.385213
1138	300	70	20	30	0	57.849263	-20.477901	-16.727239
1139	525	40	20	70	0	67.327202	-11.046331	30.873538
1140	557	85	85	70	0	30.174200	3.845196	-8.113159
1141	921	10	100	100	20	38.521307	55.940535	33.873771
1142	1472	0	0	3	40	70.318301	-0.184175	0.585944
1143	45	40	100	0	0	36.670443	56.899408	-22.053901
1144	1277	100	100	40	100	9.190861	4.280994	-2.422009
1145	752	40	70	0	20	44.062728	26.866397	-20.648396
1146	118	40	0	10	0	77.839252	-15.092233	-13.029415
1147	717	85	55	100	0	38.774526	-22.073287	17.867546
1148	593	20	85	85	0	47.897579	45.397437	32.545984
1149	501	10	55	70	0	63.145023	27.157047	35.658593
1150	1288	98	0	0	0	54.069168	-35.606087	-51.300531
1151	894	40	20	70	20	59.123267	-9.690275	26.710171
1152	1176	20	0	100	60	48.860164	-10.309136	48.337051
1153	1395	60	45	45	80	23.318998	-0.421267	-2.577765
1154	519	30	55	70	0	57.187451	17.429385	26.129111
1155	887	20	10	70	20	68.667243	-7.184265	38.747481
1156	1241	100	40	70	80	18.845768	-17.386404	-3.133142
1157	1014	70	70	40	40	30.440606	7.426234	-12.191096
1158	133	55	70	10	0	45.304755	21.257191	-24.398031
1159	346	20	30	40	0	71.956664	6.365833	14.040356
1160	1326	0	2	0	0	93.118373	2.151210	-1.822237
1161	1018	100	40	40	40	31.023288	-24.345961	-21.487858
1162	1570	40	10	70	10	66.407511	-15.697967	31.146120
1163	1350	0	0	0	90	30.632758	0.742273	0.407070
1164	1204	70	0	0	80	30.007231	-10.802874	-15.809704
1165	1271	0	100	40	100	12.310747	14.315194	5.577893
1166	1074	0	70	0	60	37.209727	29.194093	-4.617358
1167	1382	80	65	65	40	29.405366	-4.151990	-3.365606
1168	580	10	30	85	0	73.456951	8.157724	57.963027
1169	214	55	70	20	0	45.018857	19.876295	-19.438263
1170	898	70	0	70	20	54.793772	-33.637222	15.277111
1171	743	20	10	0	20	71.831676	-0.453306	-11.069704
1172	978	20	40	20	40	51.476927	11.178872	-1.703183
1173	856	40	0	40	20	66.975182	-17.088093	8.463852
1174	904	100	0	70	20	43.500720	-54.687527	-2.578351
1175	286	40	70	30	0	49.458326	26.865192	-7.208416
1176	463	70	30	55	0	53.566458	-19.922332	0.419153
1177	1520	10	10	70	10	76.767972	-3.606763	46.748788
1178	740	10	70	0	20	51.322463	37.894044	-10.165843
1179	512	20	85	70	0	48.048383	46.102533	23.033929
1180	980	20	100	20	40	31.036521	49.475872	-4.421459
1181	505	20	0	70	0	82.546579	-14.167390	48.383343
1182	775	10	40	10	20	63.272188	17.468328	-3.510666
1183	1396	40	27	27	80	29.542835	-0.266692	-2.242276
1184	669	20	20	100	0	73.308782	-3.066623	72.266020
1185	1490	0	0	70	10	84.575879	-5.445156	56.442998
1186	1182	40	20	100	60	40.204259	-8.161993	35.686907
1187	1103	20	40	20	60	41.206168	9.451099	-1.623866
1188	742	20	0	0	20	75.558934	-5.737032	-10.035887
1189	59	70	40	0	0	52.649926	-2.914041	-36.418025
1190	1080	20	100	0	60	24.844471	41.820464	-8.734035
1191	181	20	0	20	0	85.148159	-9.513289	4.695174
1192	614	55	10	85	0	63.858858	-26.175406	37.745901
1193	49	55	30	0	0	61.405381	-2.696888	-29.850914
1194	1180	20	100	100	60	25.381256	35.074421	19.696214
1195	801	100	100	10	20	19.973190	15.074334	-38.764791
1196	1475	0	3	3	40	69.180243	1.278852	0.203855
1197	1006	40	0	40	40	57.393178	-14.637837	7.094510
1198	161	100	85	10	0	27.983019	4.301571	-43.850899
1199	1386	10	6	6	40	65.008497	-0.334451	-2.380086
1200	308	85	10	30	0	54.976069	-33.572870	-24.019022
1201	634	85	30	85	0	46.736282	-35.669703	14.251752
1202	131	55	40	10	0	57.057033	1.213296	-23.640150
1203	1091	100	0	0	60	32.769935	-23.837754	-32.316670
1204	609	40	55	85	0	53.543975	11.211531	32.625622
1205	174	10	20	20	0	80.342552	6.318345	5.890552
1206	372	55	20	40	0	62.724606	-15.360424	-2.079892
1207	1397	20	12	12	80	35.653321	-0.209878	-1.522953
1208	221	70	40	20	0	51.727335	-7.435406	-24.446522
1209	1374	5	3	3	0	90.441032	-0.003957	-1.624833
1210	1130	20	100	40	60	25.226912	39.014065	1.755499
1211	1477	40	3	3	40	57.842972	-8.905667	-13.739613
1212	258	10	55	30	0	64.361486	29.680986	7.164039
1213	1379	40	27	27	20	58.836976	-1.932806	-4.099640
1214	1493	0	10	20	10	82.736906	4.061027	11.676004
1215	137	70	10	10	0	61.975993	-21.077482	-29.261978
1216	1393	100	85	85	80	14.065548	-5.173505	-1.758574
1217	578	10	10	85	0	81.410552	-4.250655	65.525811
1218	1155	20	100	70	60	25.309646	36.734259	11.159666
1219	651	0	20	100	0	80.669230	6.588057	84.947595
1220	1113	70	40	20	60	31.159403	-3.617352	-15.740331
1221	353	30	10	40	0	76.170220	-9.427054	13.306266
1222	1134	40	70	40	60	29.707817	16.674072	-1.414933
1223	1574	40	20	40	10	64.424536	-7.475530	5.567573
1224	1045	100	100	70	40	17.128965	1.147128	-13.047336
1225	1162	70	20	70	60	34.296283	-16.597090	7.507171
1226	290	55	10	30	0	66.547941	-19.091468	-8.181873
1227	861	40	100	40	20	32.105993	46.789741	-4.364292
1228	816	20	20	20	20	67.450400	2.066058	0.698318
1229	1263	40	0	0	100	15.450708	-1.956031	-1.669787
1230	594	20	100	85	0	41.540058	59.596786	27.375590
1231	96	10	55	10	0	64.987351	31.366004	-4.806878
1232	633	85	20	85	0	49.440505	-40.954156	16.397946
1233	1335	0	0	60	0	90.996294	-5.177457	51.111010
1234	185	20	40	20	0	68.463252	15.185705	-1.424296
1235	973	0	40	20	40	56.371403	17.132604	4.906414
1236	1340	0	0	20	0	93.151663	-1.963114	15.083740
1237	969	100	70	0	40	25.609072	-1.673590	-37.296402
1238	1149	0	70	70	60	36.532492	25.698768	21.579402
1239	410	0	40	55	0	73.564908	21.674139	33.635687
1240	951	20	0	0	40	64.677920	-4.916954	-8.613045
1241	1291	85	0	0	0	59.838559	-29.249047	-43.983922
1242	1448	40	0	0	3	76.928308	-12.683446	-20.482353
1243	29	30	10	0	0	78.408369	-3.775384	-16.958598
1244	1147	0	20	70	60	49.277980	3.248269	31.108755
1245	1525	10	20	70	10	73.038566	2.049868	43.560664
1246	1031	40	0	70	40	56.149025	-17.370695	27.296416
1247	470	85	10	55	0	53.538736	-40.261822	-5.200707
1248	481	100	30	55	0	42.209017	-42.801396	-16.709097
1249	732	0	20	0	20	74.430489	10.974982	-3.950921
1250	1112	70	20	20	60	35.249619	-10.762563	-14.813692
1251	1256	100	0	100	80	22.557915	-30.605993	9.759454
1252	1527	10	40	10	10	67.478494	18.823880	-3.562868
1253	1285	100	40	100	100	11.825197	-7.503288	4.091955
1254	1517	10	10	10	10	79.579059	1.403101	-0.074955
1255	847	10	40	40	20	62.240362	15.014342	14.058480
1256	800	100	70	10	20	29.151798	-4.671994	-38.937439
1257	266	20	40	30	0	68.092844	14.161494	5.015767
1258	1127	20	20	40	60	46.095081	0.050109	9.066562
1259	1424	3	3	3	3	89.392911	0.791308	-0.546733
1260	333	0	100	40	0	46.817485	72.815717	14.053338
1261	1447	3	40	40	0	73.179054	20.942531	20.001419
1262	388	85	0	40	0	57.381263	-41.424002	-15.780695
1263	1457	40	40	3	3	61.524698	8.906877	-20.227537
1264	504	10	100	70	0	44.081292	65.512405	23.953026
1265	1230	0	70	70	80	27.266221	18.982545	16.208103
1266	48	55	20	0	0	64.911046	-7.847113	-29.657793
1267	497	10	10	70	0	82.069297	-3.620216	50.307820
1268	46	55	0	0	0	72.078542	-18.357479	-28.916070
1269	1040	70	100	70	40	22.195135	22.692264	-3.053370
1270	1042	100	20	70	40	33.800259	-39.642946	-4.191125
1271	1110	40	100	20	60	22.439479	34.464127	-8.543696
1272	235	100	0	20	0	51.992944	-44.365352	-38.804468
1273	1049	0	70	100	40	44.496969	31.040063	44.326502
1274	1047	0	20	100	40	60.273361	3.576100	63.184816
1275	813	10	100	20	20	38.465193	61.374162	-0.699088
1276	1216	40	0	40	80	34.096027	-8.879783	4.595252
1277	854	20	70	40	20	48.031058	31.183179	5.880253
1278	205	40	70	20	0	49.699366	27.948509	-12.421544
1279	546	70	55	70	0	44.564715	-6.010437	6.048852
1280	833	100	10	20	20	43.513409	-35.450274	-34.365028
1281	330	0	55	40	0	67.177645	33.939278	18.557008
1282	984	40	70	20	40	36.919740	22.044587	-10.152427
1283	690	40	55	100	0	53.239296	10.560812	45.564710
1284	534	55	20	70	0	61.217388	-19.315241	21.845998
1285	1234	40	70	70	80	22.088299	10.759639	7.936230
1286	476	85	85	55	0	30.519994	6.451292	-15.824588
1287	1298	30	0	0	0	82.607011	-9.596686	-16.021462
1288	914	0	70	100	20	52.064946	37.119066	52.386600
1289	939	70	100	100	20	25.315613	23.556864	9.317234
1290	247	0	30	30	0	79.319682	16.009383	16.230493
1291	186	20	55	20	0	61.736004	26.118314	-3.033110
1292	464	70	40	55	0	50.340135	-13.914384	-1.387866
1293	1133	40	40	40	60	37.417540	2.832773	1.301190
1294	591	20	55	85	0	59.632874	21.633683	43.167608
1295	1124	0	70	40	60	36.870331	27.223648	9.276997
1296	949	0	70	0	40	46.093662	35.761316	-5.726872
1297	896	40	70	70	20	42.764132	20.198782	15.418500
1298	248	0	40	30	0	74.614150	23.184297	14.299267
1299	1046	0	0	100	40	66.367801	-5.747970	70.027265
1300	212	55	40	20	0	56.584718	-0.465103	-17.734150
1301	213	55	55	20	0	50.711375	9.482164	-18.831727
1302	797	100	10	10	20	44.016323	-32.178610	-39.836009
1303	1081	40	0	0	60	47.523722	-7.925483	-12.346317
1304	207	40	100	20	0	36.426233	54.776719	-13.542060
1305	997	0	20	40	40	62.168252	6.011828	18.597216
1306	1150	0	100	70	60	28.240848	43.264657	16.395147
1307	1245	0	40	100	80	32.169915	7.565644	32.081735
1308	1311	0	85	0	0	54.381363	61.021344	-6.011225
1309	912	0	20	100	20	70.626877	4.905922	74.277497
1310	650	0	10	100	0	84.718766	0.405648	89.513117
1311	678	30	20	100	0	69.824245	-7.654628	66.364227
1312	385	70	70	40	0	40.461914	8.760587	-15.081649
1313	895	40	40	70	20	52.774468	1.092769	22.194197
1314	731	0	10	0	20	78.384129	5.809959	-2.881918
1315	1378	60	45	45	20	45.937130	-3.038857	-4.343136
1316	453	55	20	55	0	61.962938	-17.628881	10.060558
1317	825	40	100	20	20	32.076287	48.720790	-12.097540
1318	1346	0	0	2	0	94.200063	0.134469	0.802348
1319	31	30	30	0	0	70.555284	7.327843	-18.237071
1320	1596	70	20	0	10	55.750075	-12.539933	-34.228113
1321	1482	0	3	40	40	67.626595	-1.715531	21.622056
1322	425	20	10	55	0	79.138961	-6.892134	31.633305
1323	1318	0	30	0	0	80.677123	18.907174	-5.128734
1324	1055	20	100	100	40	31.052159	43.872609	24.938976
1325	116	30	85	10	0	46.268729	46.128890	-13.369908
1326	533	55	10	70	0	64.494712	-24.798208	24.191927
1327	1264	40	40	0	100	13.796924	4.109256	-1.974578
1328	217	70	0	20	0	64.581776	-28.774651	-21.866186
1329	858	40	20	40	20	60.442968	-6.954387	5.034347
1330	1048	0	40	100	40	54.139861	13.678789	55.857010
1331	1502	0	40	10	10	70.673494	22.822825	0.741761
1332	1069	100	70	100	40	23.325966	-21.094036	4.086024
1333	692	40	85	100	0	41.925242	33.683846	31.806845
1334	442	40	0	55	0	75.483671	-21.377036	23.417217
1335	645	100	55	85	0	34.181967	-35.892363	-1.178549
1336	1001	20	0	40	40	62.770336	-9.009487	14.698162
1337	1221	70	40	40	80	22.477725	-3.785447	-6.231380
1338	1401	60	45	45	100	12.740863	0.403899	1.098288
1339	1576	40	40	0	10	58.954421	9.141964	-21.689466
1340	1444	0	3	40	0	90.604377	-1.742124	30.809674
1341	93	10	20	10	0	80.822441	7.472631	-1.244175
1342	176	10	40	20	0	71.589322	19.372254	2.902026
1343	168	0	55	20	0	67.820701	35.263396	5.723797
1344	987	70	20	20	40	43.930717	-13.646281	-17.827933
1345	1226	100	70	40	80	15.777602	-4.850207	-12.436739
1346	97	10	70	10	0	58.176697	42.758712	-5.235006
1347	1217	40	40	40	80	27.486047	2.607397	1.295687
1348	919	10	40	100	20	60.365288	12.270293	60.484696
1349	1389	60	45	45	60	31.720561	-1.537334	-3.447119
1350	1218	40	70	40	80	22.734781	12.451141	0.025508
1351	155	100	10	10	0	49.914844	-35.799253	-45.131762
1352	962	70	20	0	40	45.199382	-10.082599	-27.319087
1353	110	30	10	10	0	77.748479	-5.501244	-9.154758
1354	1023	0	40	70	40	55.026975	14.277987	33.688168
1355	1129	20	70	40	60	33.405132	21.620121	4.154808
1356	592	20	70	85	0	53.718075	33.065822	37.949895
1357	1279	0	40	100	100	16.027984	3.824673	12.006724
1358	104	20	40	10	0	68.879368	16.293324	-7.816436
1359	846	10	20	40	20	69.624833	3.604317	17.750903
1360	80	100	85	0	0	28.332571	7.210080	-48.167849
1361	436	30	30	55	0	67.906723	0.755531	21.527658
1362	704	70	10	100	0	57.325714	-36.212466	42.513274
1363	925	20	40	100	20	57.584408	8.217202	55.649919
1364	561	100	20	70	0	44.177469	-52.288227	-5.011807
1365	324	100	100	30	0	21.794388	11.659561	-36.319930
1366	347	20	40	40	0	67.670269	13.218544	12.027724
1367	1213	0	40	40	80	32.984526	9.690830	9.764292
1368	1481	3	0	40	40	67.729112	-4.160763	21.019391
1369	943	100	40	100	20	33.541845	-42.704559	10.916677
1370	1443	3	0	40	0	90.789336	-5.146129	30.012184
1371	292	55	30	30	0	59.850482	-8.267624	-10.531542
1372	1394	80	65	65	80	18.140122	-1.597842	-1.873371
1373	1339	0	0	25	0	92.886463	-2.463673	19.055846
1374	1089	70	70	0	60	24.906598	11.495982	-22.955127
1375	314	85	85	30	0	31.088711	11.548616	-28.330794
1376	1007	40	20	40	40	51.715060	-5.871002	4.081516
1377	249	0	55	30	0	67.483889	34.603305	11.895978
1378	231	85	55	20	0	41.558023	-6.679175	-32.095806
1379	234	85	100	20	0	25.207975	27.328795	-33.348594
1380	827	70	10	20	20	54.123314	-20.565572	-19.853475
1381	1459	3	0	40	3	88.874488	-5.070150	29.208046
1382	193	30	30	20	0	69.544690	4.499460	-4.493751
1383	268	20	70	30	0	55.105883	36.421085	1.374141
1384	689	40	40	100	0	58.907698	-0.203643	51.971933
1385	779	20	10	10	20	71.347141	-1.829699	-4.305336
1386	419	10	40	55	0	70.208044	16.566333	28.495782
1387	552	85	20	70	0	50.052564	-38.353776	4.489214
1388	367	40	70	40	0	49.181055	25.817892	-1.491359
1389	200	40	10	20	0	73.297722	-10.906251	-7.004620
1390	1120	100	100	20	60	14.746997	9.015708	-24.132512
1391	646	100	70	85	0	30.045335	-25.667265	-4.355907
1392	1478	0	40	3	40	56.679344	18.539998	-3.223202
1393	106	20	70	10	0	55.440031	38.310096	-9.315106
1394	1220	70	0	40	80	29.303925	-15.155667	-2.990843
1395	927	20	100	100	20	36.230019	51.510190	29.832468
1396	1116	100	0	20	60	32.085658	-28.328439	-24.108848
1397	551	85	10	70	0	52.695530	-43.453161	6.252560
1398	487	0	0	70	0	90.540254	-5.587826	60.570030
1399	558	85	100	70	0	24.606323	18.092967	-11.232200
1400	1436	40	3	0	0	77.384243	-11.138752	-21.152669
1401	1552	20	40	10	10	64.555142	15.117640	-7.517693
1402	392	85	40	40	0	45.743113	-20.690998	-19.678621
1403	865	70	40	40	20	44.761784	-9.704764	-11.023704
1404	299	70	10	30	0	60.891942	-25.541912	-15.799980
1405	1078	20	40	0	60	41.481910	11.147256	-9.639871
1406	1426	7	0	7	0	90.934951	-3.213780	0.853292
1407	1585	40	70	70	10	45.470002	21.570223	16.412162
1408	101	20	10	10	0	81.387733	-2.000905	-4.526079
1409	1334	0	0	70	0	90.540254	-5.587826	60.570030
1410	1377	10	6	6	10	81.402267	-0.308838	-2.450024
1411	1228	0	0	70	80	39.637500	-3.204529	25.808333
1412	371	55	10	40	0	66.063645	-20.718563	-0.517390
1413	1140	70	100	40	60	18.520862	21.342337	-10.878381
1414	1306	2	0	0	0	93.404061	-0.381212	-2.635514
1415	1005	20	100	40	40	31.043970	47.960592	2.531390
1416	201	40	20	20	0	69.661809	-5.353864	-8.166764
1417	1314	0	70	0	0	61.327753	48.543676	-6.672910
1418	363	40	20	40	0	68.679146	-8.058348	6.191974
1419	283	40	30	30	0	65.572821	-1.021152	-2.656074
1420	511	20	70	70	0	54.092518	33.735877	26.885933
1421	1253	70	40	100	80	23.178292	-9.038171	14.849766
1422	693	40	100	100	0	36.080918	48.033147	25.128885
1423	1571	40	20	0	10	66.295707	-1.733540	-20.900137
1424	1420	3	3	0	3	89.616165	1.283392	-3.492839
1425	408	0	20	55	0	82.351061	8.082632	39.420035
1426	303	70	55	30	0	45.969929	0.387998	-19.723564
1427	1137	70	20	40	60	34.529808	-13.269797	-6.955785
1428	1337	0	0	40	0	92.066545	-3.835788	31.786281
1429	1269	0	0	40	100	17.086582	0.279517	7.428464
1430	618	55	55	85	0	48.581899	1.806091	24.386507
1431	762	100	20	0	20	42.170954	-24.746105	-45.507422
1432	688	40	30	100	0	62.652558	-6.861864	56.107232
1433	628	70	70	85	0	38.970582	2.918866	12.334341
1434	123	40	55	10	0	56.124064	18.358953	-17.228330
1435	136	70	0	10	0	65.199138	-26.328806	-28.851294
1436	1096	0	0	20	60	55.650831	-1.372666	8.024446
1437	909	100	100	70	20	18.973591	1.639270	-15.146262
1438	1009	40	70	40	40	36.707729	20.035636	-1.677412
1439	550	85	0	70	0	55.460165	-48.729013	8.149315
1440	1225	100	40	40	80	19.163135	-13.498937	-12.296547
1441	749	40	10	0	20	65.362485	-6.314584	-19.069774
1442	1021	0	0	70	40	67.239718	-4.862367	44.034593
1443	926	20	70	100	20	46.930700	28.102003	42.989756
1444	931	40	40	100	20	51.971379	-0.380394	45.434757
1445	323	100	85	30	0	27.145617	-0.908737	-35.315234
1446	378	55	100	40	0	32.101832	43.824403	-11.836971
1447	753	40	100	0	20	31.887801	50.883875	-19.469065
1448	1227	100	100	40	80	11.987730	5.341168	-12.162049
1449	111	30	20	10	0	73.878188	0.094636	-10.201040
1450	1235	40	100	70	80	17.433902	22.025999	5.091801
1451	1292	80	0	0	0	61.895333	-27.186736	-41.414480
1452	1189	70	70	100	60	24.490146	0.887388	13.394947
1453	719	85	85	100	0	29.679873	-0.078014	8.203238
1454	954	20	70	0	40	41.564197	29.626378	-11.944965
1455	527	40	40	70	0	59.888589	1.366081	25.310061
1456	1504	0	40	40	10	69.562978	20.697133	19.761302
1457	1486	0	0	0	10	88.318960	0.389459	-1.499681
1458	879	0	100	70	20	40.947365	62.193068	24.265141
1459	1499	0	20	40	10	77.788335	8.137294	24.059531
1460	178	10	70	20	0	57.998555	41.879769	0.132593
1461	1197	0	40	0	80	33.344942	11.827181	-2.353175
1462	1236	70	0	70	80	28.373165	-17.712733	8.056118
1463	30	30	20	0	0	74.475500	1.702935	-17.674366
1464	65	85	10	0	0	56.658251	-24.516496	-43.993460
1465	377	55	85	40	0	38.637950	29.292320	-10.236565
1466	911	0	10	100	20	74.136944	-0.446453	78.187034
1467	151	85	70	10	0	36.920935	4.875407	-37.135669
1468	1462	3	3	40	3	87.455356	-3.052253	28.285071
1469	711	70	100	100	0	28.130854	27.297518	10.401394
1470	776	10	70	10	20	51.139861	37.098516	-5.136651
1471	360	30	100	40	0	38.862828	58.316649	0.204201
1472	1347	0	0	0	100	16.649837	1.650114	2.668800
1473	601	30	70	85	0	50.934883	27.961559	33.102257
1474	471	85	20	55	0	50.772530	-35.248374	-6.590308
1475	781	20	40	10	20	60.553640	14.085158	-7.201840
1476	21	20	20	0	0	77.929507	5.194474	-13.317318
1477	625	70	30	85	0	52.238621	-23.906807	23.838564
1478	1357	0	0	0	40	70.562102	0.188098	-1.586427
1479	709	70	70	100	0	38.732711	1.663531	22.121964
1480	1168	100	40	70	60	24.695437	-24.825350	-4.841277
1481	119	40	10	10	0	73.906418	-9.237038	-14.085669
1482	278	30	85	30	0	45.979005	44.233470	-3.946809
1483	1512	10	0	10	10	83.794690	-4.429684	1.504271
1484	1300	20	0	0	0	86.359540	-6.461650	-11.374740
1485	713	85	10	100	0	51.340933	-48.227148	31.790250
1486	437	30	40	55	0	63.848038	7.469806	19.089593
1487	83	0	10	10	0	88.961531	5.603950	5.237299
1488	955	20	100	0	40	30.604331	50.946896	-10.909374
1489	1544	20	10	40	10	74.756365	-5.262968	16.781768
1490	191	30	10	20	0	77.166641	-6.986738	-1.924412
1491	784	40	0	10	20	68.145992	-13.224995	-11.493511
1492	40	40	30	0	0	67.080206	3.478230	-22.665443
1493	252	0	100	30	0	46.759302	73.522232	9.386279
1494	624	70	20	85	0	55.196534	-29.374418	26.255435
1495	916	10	0	100	20	74.255147	-10.285587	76.124548
1496	166	0	30	20	0	79.727489	16.826942	9.267724
1497	763	100	40	0	20	37.277634	-16.447643	-44.687870
1498	769	0	40	10	20	66.235458	21.137871	0.480926
1499	581	10	40	85	0	69.168151	15.196128	54.143500
1500	774	10	20	10	20	70.872012	6.358593	-1.484584
1501	544	70	30	70	0	52.842235	-22.119614	11.528309
1502	1295	60	0	0	0	70.013589	-20.036601	-31.430384
1503	1413	0	40	40	70	39.242204	11.135336	11.080886
1504	677	30	10	100	0	73.480802	-13.454355	70.388308
1505	78	100	55	0	0	37.852427	-10.261431	-49.370013
1506	1261	0	40	0	100	14.917583	7.782823	2.138489
1507	56	70	10	0	0	62.703290	-18.204972	-36.387523
1508	71	85	85	0	0	31.844842	17.825417	-41.653836
1509	444	40	20	55	0	67.983281	-9.785201	18.638217
1510	760	100	0	0	20	47.148519	-32.596802	-45.801791
1511	626	70	40	85	0	49.079979	-17.753503	21.184849
1512	1209	100	40	0	80	19.993727	-8.205889	-23.175525
1513	13	10	30	0	0	77.132504	14.754808	-9.753163
1514	51	55	55	0	0	51.525101	12.774615	-29.963491
1515	510	20	55	70	0	60.191234	22.265715	30.892740
1516	451	55	0	55	0	68.784842	-28.788704	14.202599
1517	1380	20	12	12	20	70.554240	-1.067605	-3.259660
1518	105	20	55	10	0	62.064159	27.101715	-8.915168
1519	737	10	10	0	20	74.986010	2.510016	-7.130866
1520	863	70	10	40	20	53.204777	-24.185328	-7.770925
1521	1302	10	0	0	0	90.186149	-3.214847	-6.637176
1522	1109	40	70	20	60	29.593511	18.616673	-8.441998
1523	431	20	85	55	0	48.174210	47.098013	14.499962
1524	817	20	40	20	20	60.154417	13.097794	-1.629483
1525	768	0	20	10	20	74.107656	9.853690	2.755552
1526	664	10	70	100	0	56.306966	37.669749	54.984542
1527	270	20	100	30	0	41.372937	63.960809	-0.045689
1528	723	100	20	100	0	42.630666	-60.064856	18.296090
1529	666	10	100	100	0	43.964477	64.316411	39.844382
1530	736	10	0	0	20	78.986404	-2.877508	-5.946084
1531	170	0	85	20	0	54.050364	59.548592	4.283753
1532	1094	100	70	0	60	20.891273	-0.872858	-30.271858
1533	876	0	20	70	20	71.690256	5.682874	45.602300
1534	1547	20	20	10	10	72.435115	3.446979	-5.578413
1535	1087	70	20	0	60	36.485365	-7.999257	-22.295364
1536	670	20	30	100	0	69.557154	3.033543	68.172542
1537	112	30	30	10	0	70.015081	5.812172	-11.103095
1538	332	0	85	40	0	53.888366	58.135337	14.683411
1539	1384	40	27	27	40	50.469977	-1.543495	-3.754772
1540	1243	100	100	70	80	12.037729	1.900066	-5.493850
1541	1487	0	0	10	10	87.647993	-0.869913	6.377425
1542	92	10	10	10	0	85.042263	1.588037	0.143941
1543	373	55	30	40	0	59.452674	-9.855546	-3.541785
1544	1003	20	40	40	40	51.047518	9.482762	8.458476
1545	1117	100	20	20	60	29.019199	-22.138031	-24.505365
1546	674	20	85	100	0	47.423172	44.995777	42.176976
1547	1359	0	0	0	25	79.793309	0.266064	-1.587897
1548	356	30	40	40	0	64.533696	8.895535	7.596836
1549	796	100	0	10	20	46.431190	-36.332629	-39.759133
1550	1043	100	40	70	40	29.995075	-31.221917	-6.058657
1551	226	85	0	20	0	58.350813	-35.934071	-30.157137
1552	583	10	70	85	0	56.553463	38.143346	42.838423
1553	1108	40	40	20	60	37.367044	4.966714	-7.129518
1554	959	40	70	0	40	37.221933	24.217721	-18.333669
1555	715	85	30	100	0	46.048310	-37.921049	26.179160
1556	272	30	10	30	0	76.643283	-8.274299	5.358287
1557	157	100	30	10	0	44.684750	-27.070015	-44.880409
1558	1373	10	6	6	0	87.003653	-0.257625	-2.441870
1559	1178	20	40	100	60	39.682216	5.301928	37.647399
1560	1345	0	0	3	0	94.133329	0.001226	1.646263
1561	192	30	20	20	0	73.349320	-1.304871	-3.287068
1562	1543	20	10	20	10	75.682474	-3.173576	2.407949
1563	806	0	70	20	20	53.514642	40.396282	3.539731
1564	671	20	40	100	0	65.615807	9.865442	63.744901
1565	478	100	0	55	0	49.825798	-57.500483	-13.300375
1566	924	20	20	100	20	64.248731	-3.135479	63.049465
1567	771	0	100	10	20	40.711273	66.293363	-0.318631
1568	18	10	100	0	0	43.905960	71.151532	-8.194409
1569	556	85	70	70	0	35.056777	-7.453575	-4.870357
1570	507	20	20	70	0	74.570140	-1.888689	41.661470
1571	1035	40	100	70	40	27.520447	37.834085	7.440532
1572	359	30	85	40	0	45.771788	43.423369	1.390559
1573	1421	0	0	3	3	92.139604	-0.023648	1.545086
1574	179	10	85	20	0	51.288653	54.385780	-0.421483
1575	189	20	100	20	0	41.444769	64.717978	-4.390328
1576	423	10	100	55	0	43.948931	66.621526	16.581402
1577	1597	70	20	10	10	55.285883	-15.040052	-27.769964
1578	1505	0	40	70	10	68.570320	19.029403	42.676111
1579	572	0	40	85	0	72.651766	20.338501	59.595519
1580	306	70	100	30	0	28.646074	36.278701	-22.829307
1581	995	100	100	20	40	17.351851	10.939086	-30.306730
1582	305	70	85	30	0	35.015585	21.968580	-21.563692
1583	1146	0	0	70	60	54.205761	-4.199520	35.000402
1584	182	20	10	20	0	80.838048	-3.340745	2.830500
1585	404	100	85	40	0	26.758006	-3.617916	-30.747487
1586	754	70	0	0	20	57.892497	-20.873837	-31.799405
1587	878	0	70	70	20	52.595745	37.929822	31.829799
1588	1456	3	40	3	3	73.103067	23.427835	-4.847515
1589	313	85	70	30	0	36.326276	0.572690	-27.415253
1590	874	0	0	70	20	79.055629	-5.292479	52.602329
1591	143	70	85	10	0	35.404398	24.993351	-30.721619
1592	1186	70	0	100	60	37.449585	-26.000142	28.174986
1593	1077	20	20	0	60	46.785877	3.382921	-8.566743
1594	240	100	55	20	0	36.895639	-17.091448	-39.401047
1595	1065	70	100	100	40	22.130702	20.196176	8.569367
1596	1000	0	100	40	40	34.637207	55.277736	9.144419
1597	1425	7	7	0	0	88.002278	2.395167	-6.147285
1598	195	30	55	20	0	58.847305	21.770092	-7.170187
1599	808	10	0	20	20	77.969919	-5.295631	7.939346
1600	635	85	40	85	0	43.845974	-29.753105	12.007057
1601	462	70	20	55	0	56.567689	-25.289097	2.163068
1602	190	30	0	20	0	81.279703	-13.038825	-0.294720
1603	1466	40	40	40	3	60.021319	4.135008	2.751592
1604	1290	90	0	0	0	57.808060	-31.397956	-46.542105
1605	1289	95	0	0	0	55.800008	-33.624456	-49.091523
1606	342	10	100	40	0	43.913506	67.828649	9.093768
1607	884	10	70	70	20	49.935028	33.461849	27.346982
1608	175	10	30	20	0	76.142164	12.447135	4.363908
1609	76	100	30	0	0	45.292646	-22.973627	-50.929624
1610	460	70	0	55	0	62.761944	-36.048212	5.666542
1611	223	70	70	20	0	40.879277	12.047136	-25.599959
1612	355	30	30	40	0	68.610901	2.211518	9.425050
1613	545	70	40	70	0	49.626059	-16.047880	9.238586
1614	302	70	40	30	0	51.355943	-9.380363	-18.551149
1615	573	0	55	85	0	65.914483	31.830087	53.626189
1616	1524	10	20	40	10	74.323171	3.978068	19.228324
1617	1510	0	70	70	10	56.121748	40.836847	34.094097
END_DATA								